0 0.5125 0.4953125 0.94921875 0.98125
2 0.14921875 0.02890625 0.0140625 0.02109375
2 0.1953125 0.028125 0.0125 0.0203125
2 0.36171875 0.025 0.0171875 0.02265625
2 0.4 0.02265625 0.01640625 0.02734375
2 0.86328125 0.02421875 0.0140625 0.02890625
2 0.89921875 0.02421875 0.01484375 0.02265625
2 0.93984375 0.025 0.01328125 0.02265625
2 0.978125 0.053125 0.015625 0.02578125
2 0.97578125 0.4015625 0.01328125 0.03203125
2 0.975 0.68359375 0.01015625 0.02734375
2 0.05 0.76328125 0.01171875 0.0328125
2 0.05078125 0.61015625 0.01484375 0.03203125
2 0.04921875 0.540625 0.0140625 0.02578125
