1 0.059375 0.94375 0.0390625 0.0671875
2 0.040625 0.1984375 0.0140625 0.02734375
2 0.04140625 0.2515625 0.0140625 0.0234375
2 0.0390625 0.38046875 0.01328125 0.025
2 0.03671875 0.4328125 0.0125 0.02734375
2 0.0390625 0.48828125 0.01328125 0.0265625
2 0.04140625 0.5578125 0.0140625 0.021875
2 0.04375 0.61015625 0.0140625 0.02421875
2 0.04375 0.68828125 0.0203125 0.021875
2 0.04140625 0.74140625 0.01171875 0.025
2 0.04375 0.809375 0.01484375 0.02421875
2 0.04296875 0.86953125 0.009375 0.0265625
2 0.04765625 0.9296875 0.0125 0.01796875
2 0.103125 0.9703125 0.0109375 0.0171875
2 0.14765625 0.9734375 0.0203125 0.0171875
2 0.225 0.96328125 0.015625 0.0234375
2 0.9625 0.03125 0.0140625 0.02421875
2 0.91640625 0.02890625 0.0203125 0.0234375
2 0.87890625 0.034375 0.01796875 0.02109375
2 0.8296875 0.03046875 0.01953125 0.01875
2 0.7921875 0.03671875 0.01328125 0.02109375
2 0.74453125 0.03515625 0.01640625 0.0203125
2 0.70703125 0.034375 0.01640625 0.0234375
2 0.66171875 0.03515625 0.01796875 0.01796875
2 0.57890625 0.0375 0.01484375 0.02109375
2 0.53359375 0.03828125 0.01875 0.01796875
2 0.40078125 0.040625 0.01640625 0.01796875
2 0.3609375 0.04140625 0.01328125 0.01796875
2 0.32109375 0.04140625 0.0140625 0.0140625
0 0.3798828125 0.9696981671874999 0.3818359375 0.966667859375 0.3857421875 0.966667859375 0.3876953125 0.9696981671874999 0.4111328125 0.9696981671874999 0.4130859375 0.966667859375 0.4208984375 0.966667859375 0.4228515625 0.9696981671874999 0.4306640625 0.9696981671874999 0.4326171875 0.9727284734375001 0.4521484375 0.9727284734375001 0.4541015625 0.9696981671874999 0.4599609375 0.9696981671874999 0.4619140625 0.966667859375 0.4697265625 0.966667859375 0.4716796875 0.9696981671874999 0.4775390625 0.9696981671874999 0.4794921875 0.9727284734375001 0.4814453125 0.9696981671874999 0.4833984375 0.9696981671874999 0.4853515625 0.9727284734375001 0.4873046875 0.9696981671874999 0.4912109375 0.9696981671874999 0.4931640625 0.966667859375 0.4951171875 0.966667859375 0.4970703125 0.963637553125 0.5009765625 0.963637553125 0.5029296875 0.966667859375 0.5048828125 0.966667859375 0.5068359375 0.9696981671874999 0.5146484375 0.9696981671874999 0.5166015625 0.966667859375 0.5322265625 0.966667859375 0.5341796875 0.963637553125 0.5361328125 0.963637553125 0.5380859375 0.960607246875 0.5458984375 0.960607246875 0.5478515625 0.963637553125 0.5556640625 0.963637553125 0.5576171875 0.960607246875 0.5947265625 0.960607246875 0.5966796875 0.963637553125 0.6044921875 0.963637553125 0.6064453125 0.966667859375 0.6142578125 0.966667859375 0.6181640625 0.960607246875 0.6552734375 0.960607246875 0.6572265625 0.963637553125 0.6630859375 0.963637553125 0.6650390625 0.960607246875 0.6767578125 0.960607246875 0.6806640625 0.966667859375 0.6962890625 0.966667859375 0.6982421875 0.963637553125 0.7041015625 0.963637553125 0.7060546875 0.960607246875 0.7080078125 0.960607246875 0.7099609375 0.963637553125 0.7353515625 0.963637553125 0.7373046875 0.966667859375 0.7412109375 0.966667859375 0.7431640625 0.963637553125 0.7490234375 0.963637553125 0.7529296875 0.957576940625 0.7587890625 0.957576940625 0.7607421875 0.960607246875 0.7646484375 0.960607246875 0.7666015625 0.963637553125 0.7685546875 0.963637553125 0.7705078125 0.960607246875 0.7841796875 0.960607246875 0.7861328125 0.957576940625 0.8115234375 0.957576940625 0.8154296875 0.963637553125 0.8251953125 0.963637553125 0.8271484375 0.960607246875 0.8349609375 0.960607246875 0.8369140625 0.957576940625 0.8603515625 0.957576940625 0.8623046875 0.960607246875 0.8642578125 0.957576940625 0.8740234375 0.957576940625 0.8759765625 0.960607246875 0.8779296875 0.957576940625 0.8818359375 0.957576940625 0.8857421875 0.9515163265625001 0.8876953125 0.9515163265625001 0.8896484375 0.9545466328125001 0.8994140625 0.9545466328125001 0.9013671875 0.957576940625 0.9150390625 0.957576940625 0.9169921875 0.9545466328125001 0.9248046875 0.9545466328125001 0.9267578125 0.957576940625 0.9462890625 0.957576940625 0.9482421875 0.9545466328125001 0.9541015625 0.9545466328125001 0.9560546875 0.9515163265625001 0.9580078125 0.9515163265625001 0.9599609375 0.9484860203125001 0.9619140625 0.9484860203125001 0.96484375 0.9439405593749999 0.96484375 0.9196981046875001 0.962890625 0.9166677984374999 0.96484375 0.9136374921874999 0.96484375 0.910607184375 0.962890625 0.907576878125 0.962890625 0.9015162640625001 0.9609375 0.8984859578125001 0.9609375 0.8378798218749999 0.958984375 0.834849515625 0.958984375 0.831819209375 0.95703125 0.8287889015625 0.95703125 0.816667675 0.958984375 0.81363736875 0.958984375 0.8075767546874999 0.9609375 0.8045464484375 0.9609375 0.801516140625 0.962890625 0.798485834375 0.962890625 0.795455528125 0.96484375 0.7924252203125 0.96484375 0.74697061875 0.966796875 0.7439403125 0.966796875 0.7348493921875 0.96484375 0.7318190859375 0.96484375 0.7106069374999999 0.962890625 0.70757663125 0.962890625 0.6863644843750001 0.96484375 0.6833341765625 0.96484375 0.650000803125 0.966796875 0.6469704953125001 0.966796875 0.637879575 0.96875 0.63484926875 0.96875 0.6257583484375 0.970703125 0.622728040625 0.970703125 0.613637121875 0.96875 0.6106068140625001 0.96875 0.6045462015624999 0.970703125 0.60151589375 0.970703125 0.59545528125 0.966796875 0.5893946671875 0.966796875 0.5712128265625 0.96875 0.5681825203125 0.96875 0.5136369984375 0.970703125 0.510606690625 0.970703125 0.507576384375 0.97265625 0.504546078125 0.97265625 0.4833339296875 0.970703125 0.4803036234375 0.970703125 0.4439399421875 0.97265625 0.4409096359375 0.97265625 0.4196974875 0.970703125 0.41666718124999996 0.970703125 0.4136368734375 0.97265625 0.4106065671875 0.97265625 0.40151564687499997 0.970703125 0.398485340625 0.970703125 0.3893944203125 0.96875 0.3863641140625 0.96875 0.3712125796875 0.970703125 0.3681822734375 0.970703125 0.35000043281250004 0.96875 0.346970125 0.96875 0.3409095109375 0.970703125 0.3378792046875 0.970703125 0.3015155234375 0.97265625 0.2984852171875 0.970703125 0.2954549109375 0.970703125 0.292424603125 0.97265625 0.28939429687499996 0.970703125 0.286363990625 0.970703125 0.27727307031250004 0.96875 0.2742427625 0.96875 0.2621215359375 0.966796875 0.259091228125 0.966796875 0.253030615625 0.96875 0.250000309375 0.96875 0.24090938906249998 0.966796875 0.23787908125 0.966796875 0.1924244796875 0.96484375 0.1893941734375 0.96484375 0.177272946875 0.966796875 0.17424263906249998 0.966796875 0.15909110625 0.96875 0.1560607984375 0.96875 0.1530304921875 0.966796875 0.1500001859375 0.966796875 0.12272742343750001 0.96875 0.11969711718750001 0.96875 0.10454558437499999 0.966796875 0.10151527656249999 0.966796875 0.09242435624999999 0.96875 0.08939405 0.966796875 0.08636374375 0.966796875 0.05303036875 0.96484375 0.0500000609375 0.96484375 0.0469697546875 0.955078125 0.031818221875000004 0.955078125 0.028787914062499996 0.9541015625 0.0272727609375 0.9521484375 0.0272727609375 0.9501953125 0.0242424546875 0.9248046875 0.0242424546875 0.921875 0.028787914062499996 0.921875 0.031818221875000004 0.9189453125 0.03636368125 0.9111328125 0.03636368125 0.9052734375 0.0272727609375 0.8857421875 0.0272727609375 0.884765625 0.028787914062499996 0.884765625 0.034848528125 0.8828125 0.037878834374999996 0.8828125 0.040909140625 0.8818359375 0.0424242953125 0.8740234375 0.0424242953125 0.8701171875 0.03636368125 0.8662109375 0.03636368125 0.8642578125 0.033333375 0.8564453125 0.033333375 0.8544921875 0.030303067187499998 0.8388671875 0.030303067187499998 0.8349609375 0.03636368125 0.8330078125 0.03636368125 0.8310546875 0.0393939875 0.8291015625 0.0393939875 0.8271484375 0.03636368125 0.8251953125 0.03636368125 0.8212890625 0.030303067187499998 0.8037109375 0.030303067187499998 0.8017578125 0.033333375 0.7998046875 0.033333375 0.798828125 0.034848528125 0.798828125 0.037878834374999996 0.7958984375 0.0424242953125 0.7900390625 0.0424242953125 0.7841796875 0.033333375 0.7744140625 0.033333375 0.7724609375 0.030303067187499998 0.7666015625 0.030303067187499998 0.7646484375 0.033333375 0.7626953125 0.033333375 0.7607421875 0.03636368125 0.7587890625 0.03636368125 0.7529296875 0.0454546015625 0.7412109375 0.0454546015625 0.7392578125 0.0424242953125 0.7373046875 0.0424242953125 0.736328125 0.040909140625 0.736328125 0.034848528125 0.7353515625 0.033333375 0.7197265625 0.033333375 0.7177734375 0.03636368125 0.7158203125 0.03636368125 0.7119140625 0.0424242953125 0.7060546875 0.0424242953125 0.6982421875 0.030303067187499998 0.6962890625 0.030303067187499998 0.6943359375 0.0272727609375 0.6767578125 0.0272727609375 0.6748046875 0.030303067187499998 0.6728515625 0.030303067187499998 0.669921875 0.034848528125 0.669921875 0.037878834374999996 0.6650390625 0.0454546015625 0.6611328125 0.0454546015625 0.6591796875 0.0424242953125 0.6572265625 0.0424242953125 0.6552734375 0.0393939875 0.6533203125 0.0393939875 0.6513671875 0.03636368125 0.6376953125 0.03636368125 0.6357421875 0.0393939875 0.6337890625 0.0393939875 0.6318359375 0.03636368125 0.6279296875 0.03636368125 0.6259765625 0.033333375 0.5966796875 0.033333375 0.5947265625 0.03636368125 0.5888671875 0.03636368125 0.5859375 0.040909140625 0.5859375 0.0439394484375 0.5849609375 0.0454546015625 0.5732421875 0.0454546015625 0.5673828125 0.03636368125 0.5439453125 0.03636368125 0.5380859375 0.0454546015625 0.5283203125 0.0454546015625 0.5234375 0.037878834374999996 0.5234375 0.034848528125 0.5224609375 0.033333375 0.5029296875 0.033333375 0.5009765625 0.03636368125 0.4990234375 0.03636368125 0.4931640625 0.0454546015625 0.4912109375 0.0454546015625 0.4892578125 0.0484849078125 0.4853515625 0.0484849078125 0.4833984375 0.0454546015625 0.4814453125 0.0454546015625 0.4775390625 0.0393939875 0.4560546875 0.0393939875 0.4541015625 0.0424242953125 0.4521484375 0.0424242953125 0.4501953125 0.0454546015625 0.4443359375 0.0454546015625 0.4404296875 0.0393939875 0.4189453125 0.0393939875 0.4169921875 0.0424242953125 0.4150390625 0.0424242953125 0.4130859375 0.0454546015625 0.4111328125 0.0454546015625 0.4091796875 0.0484849078125 0.3974609375 0.0484849078125 0.3955078125 0.0454546015625 0.3916015625 0.0454546015625 0.3896484375 0.0393939875 0.3818359375 0.0393939875 0.3779296875 0.0454546015625 0.3701171875 0.0454546015625 0.3681640625 0.0484849078125 0.3662109375 0.0484849078125 0.3642578125 0.051515215625 0.3564453125 0.051515215625 0.3544921875 0.0484849078125 0.3466796875 0.0484849078125 0.3447265625 0.0454546015625 0.3291015625 0.0454546015625 0.3271484375 0.0484849078125 0.3154296875 0.0484849078125 0.3134765625 0.0454546015625 0.3056640625 0.0454546015625 0.3037109375 0.0424242953125 0.2900390625 0.0424242953125 0.2880859375 0.0393939875 0.2861328125 0.0393939875 0.2841796875 0.0424242953125 0.2724609375 0.0424242953125 0.2705078125 0.0393939875 0.2685546875 0.0424242953125 0.2666015625 0.0424242953125 0.2646484375 0.0393939875 0.2587890625 0.0393939875 0.2568359375 0.03636368125 0.2548828125 0.03636368125 0.2529296875 0.0393939875 0.2451171875 0.0393939875 0.2412109375 0.0454546015625 0.2275390625 0.0454546015625 0.2236328125 0.0393939875 0.2197265625 0.0393939875 0.2177734375 0.03636368125 0.2080078125 0.03636368125 0.2060546875 0.0393939875 0.2021484375 0.0393939875 0.2001953125 0.0424242953125 0.1962890625 0.0424242953125 0.1943359375 0.0454546015625 0.1904296875 0.0454546015625 0.1884765625 0.0484849078125 0.1865234375 0.0484849078125 0.1845703125 0.051515215625 0.1611328125 0.051515215625 0.1591796875 0.054545521875 0.1376953125 0.054545521875 0.1357421875 0.05757582812499999 0.1318359375 0.05757582812499999 0.1298828125 0.054545521875 0.1259765625 0.054545521875 0.1240234375 0.051515215625 0.1220703125 0.051515215625 0.1201171875 0.054545521875 0.1181640625 0.054545521875 0.1162109375 0.051515215625 0.1142578125 0.051515215625 0.1123046875 0.054545521875 0.1044921875 0.054545521875 0.1025390625 0.05757582812499999 0.1005859375 0.05757582812499999 0.0986328125 0.06060613593750001 0.0966796875 0.06060613593750001 0.0947265625 0.05757582812499999 0.0849609375 0.05757582812499999 0.0830078125 0.054545521875 0.0771484375 0.054545521875 0.0751953125 0.05757582812499999 0.0615234375 0.05757582812499999 0.0595703125 0.06060613593750001 0.0576171875 0.06060613593750001 0.0556640625 0.0636364421875 0.0517578125 0.0636364421875 0.044921875 0.074242515625 0.044921875 0.0803031296875 0.04296875 0.0833334359375 0.04296875 0.08636374375 0.041015625 0.08939405 0.041015625 0.0954546640625 0.0390625 0.0984849703125 0.0390625 0.113636503125 0.041015625 0.1166668109375 0.041015625 0.12575773125 0.0390625 0.1287880375 0.0390625 0.13181834375 0.037109375 0.1348486515625 0.037109375 0.13787895781249998 0.03515625 0.140909265625 0.03515625 0.16515171875 0.037109375 0.1681820265625 0.037109375 0.17424263906249998 0.0390625 0.177272946875 0.0390625 0.180303253125 0.041015625 0.183333559375 0.041015625 0.186363865625 0.04296875 0.1893941734375 0.04296875 0.1924244796875 0.044921875 0.19545478593750001 0.044921875 0.20151539999999998 0.04296875 0.20454570625000001 0.04296875 0.20757601406249998 0.041015625 0.2106063203125 0.041015625 0.22272754843749998 0.0390625 0.2257578546875 0.041015625 0.22878816093749998 0.041015625 0.23181846875 0.04296875 0.23484877499999998 0.04296875 0.24090938906249998 0.044921875 0.2439396953125 0.044921875 0.2621215359375 0.0419921875 0.2666669953125 0.0400390625 0.2666669953125 0.0390625 0.2681821484375 0.0390625 0.2803033765625 0.037109375 0.28333368281250004 0.037109375 0.2954549109375 0.0390625 0.2984852171875 0.0390625 0.30454583125 0.041015625 0.3075761375 0.041015625 0.31666705781250004 0.04296875 0.3196973640625 0.04296875 0.322727671875 0.041015625 0.325757978125 0.041015625 0.32878828437499996 0.0390625 0.331818590625 0.0390625 0.3681822734375 0.041015625 0.3712125796875 0.041015625 0.3742428859375 0.04296875 0.37727319375 0.04296875 0.3863641140625 0.0390625 0.3924247265625 0.0390625 0.39545503437499996 0.037109375 0.398485340625 0.037109375 0.4106065671875 0.0390625 0.4136368734375 0.0390625 0.4257581015625 0.041015625 0.4287884078125 0.041015625 0.4409096359375 0.0390625 0.4439399421875 0.0390625 0.47121270312499997 0.04296875 0.477273315625 0.04296875 0.4803036234375 0.044921875 0.4833339296875 0.044921875 0.49242485 0.041015625 0.49848546406249994 0.041015625 0.5348491453124999 0.0390625 0.5378794515624999 0.041015625 0.5409097593750001 0.041015625 0.543940065625 0.044921875 0.550000678125 0.044921875 0.5530309859375 0.046875 0.5560612921875 0.044921875 0.5590916 0.044921875 0.5651522124999999 0.0419921875 0.5696976734375 0.0400390625 0.5696976734375 0.0390625 0.5712128265625 0.0390625 0.5803037468750001 0.041015625 0.583334053125 0.041015625 0.5863643609375 0.04296875 0.5893946671875 0.04296875 0.60151589375 0.046875 0.6075765078125 0.046875 0.6196977343750001 0.044921875 0.622728040625 0.044921875 0.6257583484375 0.0390625 0.63484926875 0.0390625 0.6439401890625 0.037109375 0.6469704953125001 0.037109375 0.6651523359375 0.0390625 0.66818264375 0.0390625 0.67424325625 0.0439453125 0.6818190234375 0.0458984375 0.6818190234375 0.048828125 0.6863644843750001 0.048828125 0.6954554046875 0.0458984375 0.7000008640625001 0.0439453125 0.7000008640625001 0.041015625 0.704546325 0.041015625 0.7257584718750001 0.04296875 0.728788778125 0.04296875 0.7318190859375 0.044921875 0.7348493921875 0.044921875 0.7500009265625 0.0439453125 0.7515160796875 0.0400390625 0.7515160796875 0.0390625 0.7530312328125001 0.0390625 0.795455528125 0.041015625 0.798485834375 0.041015625 0.801516140625 0.0419921875 0.8030312953125 0.0439453125 0.8030312953125 0.046875 0.8075767546874999 0.046875 0.81363736875 0.044921875 0.816667675 0.044921875 0.81969798125 0.04296875 0.8227282890625001 0.04296875 0.85000105 0.044921875 0.85303135625 0.044921875 0.8590919703125 0.046875 0.8621222765625 0.046875 0.874243503125 0.044921875 0.8772738109375 0.044921875 0.8803041171875 0.04296875 0.8833344234375 0.04296875 0.8863647312499999 0.041015625 0.8893950374999999 0.04296875 0.89242534375 0.041015625 0.8954556515625001 0.041015625 0.9136374921874999 0.0458984375 0.9212132578125001 0.0478515625 0.9212132578125001 0.05078125 0.92575871875 0.05078125 0.928789025 0.052734375 0.9318193328125 0.052734375 0.940910253125 0.0654296875 0.960607246875 0.0673828125 0.960607246875 0.0732421875 0.9696981671874999 0.0947265625 0.9696981671874999 0.0966796875 0.966667859375 0.0986328125 0.966667859375 0.1005859375 0.963637553125 0.1025390625 0.963637553125 0.1044921875 0.966667859375 0.1064453125 0.966667859375 0.1083984375 0.9696981671874999 0.1416015625 0.9696981671874999 0.1435546875 0.966667859375 0.1494140625 0.966667859375 0.1513671875 0.9696981671874999 0.1533203125 0.9696981671874999 0.1552734375 0.9727284734375001 0.1669921875 0.9727284734375001 0.1689453125 0.9696981671874999 0.1748046875 0.9696981671874999 0.1767578125 0.966667859375 0.1787109375 0.966667859375 0.1806640625 0.963637553125 0.1826171875 0.963637553125 0.1845703125 0.966667859375 0.1865234375 0.966667859375 0.1884765625 0.963637553125 0.2138671875 0.963637553125 0.2158203125 0.960607246875 0.2197265625 0.960607246875 0.2216796875 0.957576940625 0.2275390625 0.957576940625 0.2314453125 0.963637553125 0.2412109375 0.963637553125 0.2431640625 0.966667859375 0.2548828125 0.966667859375 0.2568359375 0.963637553125 0.2666015625 0.963637553125 0.2685546875 0.966667859375 0.2705078125 0.966667859375 0.2724609375 0.9696981671874999 0.2744140625 0.9696981671874999 0.2763671875 0.9727284734375001 0.2880859375 0.9727284734375001 0.2900390625 0.9696981671874999 0.3037109375 0.9696981671874999 0.3056640625 0.9727284734375001 0.3212890625 0.9727284734375001 0.3232421875 0.9696981671874999 0.3291015625 0.9696981671874999 0.3310546875 0.9727284734375001 0.3330078125 0.9727284734375001 0.3349609375 0.9696981671874999 0.3408203125 0.9696981671874999 0.3427734375 0.9727284734375001 0.3583984375 0.9727284734375001 0.3603515625 0.9757587796875 0.361328125 0.9742436265625001 0.3623046875 0.9727284734375001 0.3701171875 0.9727284734375001 0.3720703125 0.9696981671874999 0.3798828125 0.9696981671874999
