0 0.7802734375 0.1474609375 0.779296875 0.14599609375 0.7783203125 0.14453125 0.7548828125 0.14453125 0.7529296875 0.1474609375 0.6923828125 0.1474609375 0.6904296875 0.150390625 0.6884765625 0.150390625 0.6865234375 0.1533203125 0.6806640625 0.1533203125 0.6787109375 0.150390625 0.6767578125 0.150390625 0.6748046875 0.1474609375 0.6728515625 0.1474609375 0.6708984375 0.14453125 0.6435546875 0.14453125 0.6416015625 0.1474609375 0.6240234375 0.1474609375 0.6201171875 0.1533203125 0.6162109375 0.1533203125 0.6142578125 0.150390625 0.5634765625 0.150390625 0.5615234375 0.1474609375 0.5439453125 0.1474609375 0.5419921875 0.150390625 0.5048828125 0.150390625 0.5029296875 0.1533203125 0.5009765625 0.1533203125 0.4990234375 0.15625 0.4931640625 0.15625 0.4912109375 0.1533203125 0.4775390625 0.1533203125 0.4755859375 0.150390625 0.4697265625 0.150390625 0.4677734375 0.1474609375 0.4482421875 0.1474609375 0.4462890625 0.150390625 0.4423828125 0.150390625 0.4404296875 0.1533203125 0.4326171875 0.1533203125 0.4306640625 0.150390625 0.3798828125 0.150390625 0.3759765625 0.15625 0.3603515625 0.15625 0.3583984375 0.1533203125 0.3251953125 0.1533203125 0.3232421875 0.15625 0.3173828125 0.15625 0.3154296875 0.1591796875 0.3134765625 0.1591796875 0.3115234375 0.162109375 0.3076171875 0.162109375 0.3056640625 0.1591796875 0.3017578125 0.1591796875 0.2998046875 0.15625 0.2724609375 0.15625 0.2705078125 0.1591796875 0.2509765625 0.1591796875 0.2490234375 0.162109375 0.2431640625 0.162109375 0.2412109375 0.1591796875 0.2041015625 0.1591796875 0.2021484375 0.162109375 0.1923828125 0.162109375 0.1904296875 0.1591796875 0.1728515625 0.1591796875 0.1708984375 0.162109375 0.1552734375 0.162109375 0.1533203125 0.1650390625 0.1103515625 0.1650390625 0.107421875 0.16943359375 0.107421875 0.28955078125 0.10546875 0.29248046875 0.10546875 0.29833984375 0.107421875 0.30126953125 0.10546875 0.30419921875 0.10546875 0.35986328125 0.103515625 0.36279296875 0.103515625 0.59130859375 0.1015625 0.59423828125 0.1015625 0.60595703125 0.099609375 0.60888671875 0.099609375 0.62353515625 0.1015625 0.62646484375 0.1015625 0.62939453125 0.099609375 0.63232421875 0.099609375 0.63525390625 0.1015625 0.63818359375 0.1015625 0.64697265625 0.103515625 0.64990234375 0.103515625 0.66455078125 0.1015625 0.66748046875 0.1015625 0.68798828125 0.099609375 0.69091796875 0.099609375 0.72607421875 0.1015625 0.72900390625 0.1015625 0.82275390625 0.103515625 0.82568359375 0.103515625 0.83154296875 0.1015625 0.83447265625 0.103515625 0.83740234375 0.103515625 0.84033203125 0.1015625 0.84326171875 0.1015625 0.86376953125 0.099609375 0.86669921875 0.099609375 0.89306640625 0.1015625 0.89599609375 0.1015625 0.95166015625 0.1025390625 0.953125 0.1044921875 0.953125 0.1064453125 0.9560546875 0.1083984375 0.9560546875 0.109375 0.95751953125 0.109375 0.96044921875 0.1103515625 0.9619140625 0.1572265625 0.9619140625 0.1591796875 0.958984375 0.2099609375 0.958984375 0.2119140625 0.9560546875 0.2841796875 0.9560546875 0.2861328125 0.953125 0.3974609375 0.953125 0.3994140625 0.9501953125 0.4013671875 0.9501953125 0.4033203125 0.953125 0.4052734375 0.953125 0.4072265625 0.9501953125 0.4775390625 0.9501953125 0.4794921875 0.947265625 0.5380859375 0.947265625 0.5400390625 0.9443359375 0.6005859375 0.9443359375 0.6025390625 0.94140625 0.6630859375 0.94140625 0.6650390625 0.9384765625 0.7119140625 0.9384765625 0.7138671875 0.935546875 0.7490234375 0.935546875 0.7509765625 0.9326171875 0.7861328125 0.9326171875 0.7880859375 0.9296875 0.8642578125 0.9296875 0.8662109375 0.9267578125 0.8701171875 0.9267578125 0.8720703125 0.923828125 0.8740234375 0.923828125 0.875 0.92236328125 0.875 0.90478515625 0.876953125 0.90185546875 0.876953125 0.89599609375 0.87890625 0.89306640625 0.87890625 0.84033203125 0.880859375 0.83740234375 0.880859375 0.82861328125 0.87890625 0.82568359375 0.87890625 0.81689453125 0.880859375 0.81396484375 0.880859375 0.79931640625 0.87890625 0.79638671875 0.87890625 0.79345703125 0.876953125 0.79052734375 0.876953125 0.78466796875 0.87890625 0.78173828125 0.87890625 0.75537109375 0.876953125 0.75244140625 0.876953125 0.69384765625 0.875 0.69091796875 0.875 0.63525390625 0.873046875 0.63232421875 0.873046875 0.62939453125 0.87109375 0.62646484375 0.87109375 0.61767578125 0.873046875 0.61474609375 0.873046875 0.61181640625 0.875 0.60888671875 0.875 0.53271484375 0.873046875 0.52978515625 0.873046875 0.51806640625 0.875 0.51513671875 0.875 0.46533203125 0.873046875 0.46240234375 0.873046875 0.45947265625 0.87109375 0.45654296875 0.87109375 0.45068359375 0.873046875 0.44775390625 0.873046875 0.37451171875 0.87109375 0.37158203125 0.87109375 0.36279296875 0.8671875 0.35693359375 0.8671875 0.35400390625 0.865234375 0.35107421875 0.865234375 0.34814453125 0.869140625 0.34228515625 0.869140625 0.30712890625 0.8671875 0.30419921875 0.8671875 0.26611328125 0.865234375 0.26318359375 0.865234375 0.25439453125 0.86328125 0.25146484375 0.865234375 0.24853515625 0.865234375 0.22802734375 0.8671875 0.22509765625 0.8671875 0.22216796875 0.865234375 0.21923828125 0.865234375 0.19873046875 0.86328125 0.19580078125 0.865234375 0.19287109375 0.865234375 0.18701171875 0.86328125 0.18408203125 0.86328125 0.16064453125 0.8564453125 0.150390625 0.8544921875 0.150390625 0.8525390625 0.1474609375 0.8486328125 0.1474609375 0.8466796875 0.150390625 0.8330078125 0.150390625 0.8310546875 0.1533203125 0.8017578125 0.1533203125 0.7998046875 0.150390625 0.7939453125 0.150390625 0.7919921875 0.1474609375 0.7802734375 0.1474609375
2 0.87890625 0.90703125 0.015625 0.021875
2 0.8734375 0.6234375 0.0125 0.021875
2 0.86796875 0.3546875 0.015625 0.0203125
2 0.68359375 0.1484375 0.015625 0.01875
2 0.6171875 0.14765625 0.01875 0.0171875
2 0.49609375 0.153125 0.015625 0.0234375
2 0.37265625 0.153125 0.015625 0.01875
2 0.309375 0.1578125 0.015625 0.0234375
2 0.24609375 0.16015625 0.0140625 0.0171875
