2 0.1078125 0.96015625 0.034375 0.0109375
2 0.184375 0.95546875 0.03125 0.015625
2 0.36328125 0.95703125 0.028125 0.0125
2 0.30390625 0.95859375 0.025 0.00625
2 0.234375 0.95234375 0.025 0.015625
2 0.4203125 0.96015625 0.03125 0.015625
2 0.46875 0.95859375 0.03125 0.0171875
2 0.5375 0.9546875 0.0234375 0.0140625
2 0.5921875 0.95390625 0.0234375 0.01875
2 0.671875 0.95390625 0.0375 0.0140625
2 0.72265625 0.95703125 0.021875 0.0125
2 0.7921875 0.95703125 0.0296875 0.015625
2 0.853125 0.959375 0.0234375 0.0125
2 0.90859375 0.9546875 0.025 0.0203125
2 0.94296875 0.7796875 0.025 0.01875
2 0.9546875 0.740625 0.03125 0.01875
2 0.96328125 0.703125 0.021875 0.015625
2 0.9625 0.50625 0.0203125 0.0171875
2 0.95859375 0.4625 0.01875 0.0125
2 0.965625 0.19453125 0.021875 0.015625
2 0.96484375 0.11640625 0.0203125 0.015625
2 0.89765625 0.0359375 0.025 0.009375
2 0.828125 0.0421875 0.021875 0.0109375
2 0.70703125 0.03671875 0.025 0.015625
2 0.03671875 0.07734375 0.01875 0.025
2 0.0390625 0.89609375 0.01875 0.015625
2 0.03515625 0.86171875 0.015625 0.0171875
2 0.03046875 0.8140625 0.0234375 0.0125
2 0.03359375 0.6734375 0.01875 0.01875
2 0.03515625 0.63515625 0.01875 0.01875
2 0.03515625 0.590625 0.021875 0.01875
2 0.0375 0.5078125 0.01875 0.015625
2 0.03671875 0.46171875 0.01875 0.0171875
2 0.0375 0.41484375 0.021875 0.015625
2 0.03984375 0.33125 0.025 0.015625
2 0.04140625 0.24765625 0.021875 0.0171875
2 0.0421875 0.20078125 0.01875 0.021875
2 0.04453125 0.11484375 0.01875 0.015625
0 0.42730720624999996 0 0.11188369218750001 0.016092890625 0.061630846875 0.022407821875 0.05056890000000001 0.0262782640625 0.0338179515625 0.0366673453125 0.028128950000000003 0.0497046234375 0.02496839375 0.7337543281250001 0.026548671875000002 0.792829496875 0.039190896875 0.924831940625 0.0464601765625 0.9401100015624999 0.05657395625 0.9533509875 0.0622629578125 0.9576288453125 0.074273071875 0.9600733343750001 0.9756637171874999 1 1 1 1 0 0.42730720624999996 0
