0 0.51484375 0.48984375 0.9453125 0.965625
2 0.046875 0.81484375 0.0125 0.025
2 0.05 0.75078125 0.015625 0.0203125
2 0.053125 0.6734375 0.015625 0.028125
2 0.053125 0.453125 0.015625 0.0234375
2 0.05625 0.38203125 0.0125 0.025
2 0.053125 0.1640625 0.0125 0.021875
2 0.075 0.02421875 0.01875 0.0203125
2 0.10390625 0.025 0.0125 0.01875
2 0.28671875 0.01328125 0.0125 0.021875
2 0.36875 0.01328125 0.015625 0.0203125
2 0.42421875 0.01796875 0.015625 0.0203125
2 0.60703125 0.01640625 0.0171875 0.0171875
2 0.68984375 0.015625 0.0125 0.021875
2 0.7453125 0.0171875 0.015625 0.01875
2 0.77109375 0.01796875 0.0171875 0.01875
2 0.80234375 0.0140625 0.0125 0.0171875
2 0.82578125 0.01484375 0.0125 0.01875
2 0.85546875 0.01953125 0.015625 0.0203125
2 0.90546875 0.0125 0.0125 0.01875
2 0.97421875 0.28984375 0.0125 0.0234375
2 0.978125 0.50859375 0.0125 0.025
2 0.978125 0.56875 0.0125 0.025
2 0.98046875 0.64140625 0.0109375 0.0265625
2 0.9828125 0.696875 0.0125 0.0296875
2 0.9546875 0.94140625 0.0125 0.0265625
2 0.8765625 0.946875 0.0125 0.0234375
2 0.909375 0.9375 0.0171875 0.01875
2 0.79921875 0.9390625 0.015625 0.01875
2 0.67578125 0.95078125 0.015625 0.028125
2 0.63359375 0.95625 0.015625 0.021875
2 0.59296875 0.95390625 0.01875 0.021875
2 0.5375 0.95234375 0.01875 0.0265625
2 0.49765625 0.9546875 0.015625 0.01875
2 0.45859375 0.95546875 0.01875 0.025
2 0.41328125 0.95625 0.015625 0.01875
2 0.375 0.9609375 0.015625 0.021875
2 0.20859375 0.95859375 0.0171875 0.021875
2 0.1640625 0.9609375 0.0140625 0.015625
