0 0.51640625 0.50234375 0.94765625 0.9734375
2 0.2109375 0.02734375 0.0171875 0.0203125
2 0.28828125 0.03203125 0.015625 0.01875
2 0.3328125 0.02265625 0.01875 0.0203125
2 0.378125 0.02890625 0.01484375 0.02109375
2 0.6796875 0.04375 0.01796875 0.02421875
2 0.8 0.05234375 0.015625 0.0234375
2 0.8796875 0.05 0.01328125 0.0234375
2 0.9125 0.0546875 0.015625 0.02890625
2 0.95703125 0.05546875 0.0140625 0.02890625
2 0.85390625 0.978125 0.02265625 0.02265625
2 0.74296875 0.97578125 0.0171875 0.015625
2 0.77109375 0.97578125 0.0171875 0.02109375
2 0.6078125 0.9765625 0.0171875 0.02109375
2 0.4984375 0.975 0.0171875 0.02265625
2 0.52578125 0.9765625 0.01796875 0.0234375
2 0.55546875 0.97421875 0.01796875 0.02265625
2 0.4234375 0.97578125 0.01796875 0.01875
2 0.36796875 0.97578125 0.01875 0.02109375
2 0.284375 0.97421875 0.015625 0.02265625
2 0.3140625 0.98125 0.0171875 0.0203125
2 0.0515625 0.82265625 0.01328125 0.0265625
2 0.0546875 0.68515625 0.0125 0.02734375
2 0.0546875 0.5328125 0.01328125 0.0265625
2 0.0578125 0.31171875 0.01328125 0.0265625
