2 0.8921875 0.96015625 0.034375 0.0109375
2 0.815625 0.95546875 0.03125 0.015625
2 0.63671875 0.95703125 0.028125 0.0125
2 0.69609375 0.95859375 0.025 0.00625
2 0.765625 0.95234375 0.025 0.015625
2 0.5796875 0.96015625 0.03125 0.015625
2 0.53125 0.95859375 0.03125 0.0171875
2 0.4625 0.9546875 0.0234375 0.0140625
2 0.4078125 0.95390625 0.0234375 0.01875
2 0.328125 0.95390625 0.0375 0.0140625
2 0.27734375 0.95703125 0.021875 0.0125
2 0.2078125 0.95703125 0.0296875 0.015625
2 0.146875 0.959375 0.0234375 0.0125
2 0.09140625 0.9546875 0.025 0.0203125
2 0.05703125 0.7796875 0.025 0.01875
2 0.0453125 0.740625 0.03125 0.01875
2 0.03671875 0.703125 0.021875 0.015625
2 0.0375 0.50625 0.0203125 0.0171875
2 0.04140625 0.4625 0.01875 0.0125
2 0.034375 0.19453125 0.021875 0.015625
2 0.03515625 0.11640625 0.0203125 0.015625
2 0.10234375 0.0359375 0.025 0.009375
2 0.171875 0.0421875 0.021875 0.0109375
2 0.29296875 0.03671875 0.025 0.015625
2 0.96328125 0.07734375 0.01875 0.025
2 0.9609375 0.89609375 0.01875 0.015625
2 0.96484375 0.86171875 0.015625 0.0171875
2 0.96953125 0.8140625 0.0234375 0.0125
2 0.96640625 0.6734375 0.01875 0.01875
2 0.96484375 0.63515625 0.01875 0.01875
2 0.96484375 0.590625 0.021875 0.01875
2 0.9625 0.5078125 0.01875 0.015625
2 0.96328125 0.46171875 0.01875 0.0171875
2 0.9625 0.41484375 0.021875 0.015625
2 0.96015625 0.33125 0.025 0.015625
2 0.95859375 0.24765625 0.021875 0.0171875
2 0.9578125 0.20078125 0.01875 0.021875
2 0.95546875 0.11484375 0.01875 0.015625
0 0 0 0 1 0.024336282812500002 1 0.925726928125 0.9600733343750001 0.9377370421875 0.9576288453125 0.94342604375 0.9533509875 0.9535398234375 0.9401100015624999 0.960809103125 0.924831940625 0.9734513281250001 0.792829496875 0.97503160625 0.7337543281250001 0.9718710500000001 0.0497046234375 0.9661820484374999 0.0366673453125 0.9494311 0.0262782640625 0.9383691531249999 0.022407821875 0.8881163078125001 0.016092890625 0.57269279375 0 0 0
