0 0.04296875 0.86107596875 0.048828125 0.9374078546875 0.0537109375 0.9450410421875001 0.0615234375 0.95114759375 0.0712890625 0.9542008687499999 0.1103515625 0.96030741875 0.2470703125 0.9633606953125 0.4111328125 0.95725414375 0.9560546875 0.929774665625 0.9736328125 0.9084017375 0.978515625 0.9007685484374999 0.984375 0.86718251875 0.97265625 0.1954619265625 0.966796875 0.0580645328125 0.9609375 0.0336383296875 0.9560546875 0.026005140625 0.9521484375 0.0229518640625 0.9365234375 0.0137920390625 0.9287109375 0.0107387625 0.8935546875 0.0076854875 0.7783203125 0.0076854875 0.2978515625 0.0168453140625 0.0478515625 0.0382182421875 0.044921875 0.0427981546875 0.04296875 0.04890470625 0.04296875 0.86107596875
2 0.05390625 0.90546875 0.0171875 0.028125
2 0.06328125 0.68203125 0.01875 0.034375
2 0.05703125 0.45859375 0.0140625 0.0234375
2 0.06015625 0.390625 0.01875 0.028125
2 0.0515625 0.3109375 0.0125 0.0265625
2 0.05078125 0.2375 0.015625 0.0265625
2 0.36640625 0.0296875 0.015625 0.025
2 0.4984375 0.0296875 0.015625 0.0203125
2 0.5234375 0.0296875 0.0125 0.01875
2 0.55546875 0.02890625 0.0125 0.01875
2 0.60390625 0.028125 0.015625 0.01875
2 0.58046875 0.028125 0.015625 0.015625
2 0.6375 0.02421875 0.0125 0.01875
2 0.6859375 0.0265625 0.0125 0.0171875
2 0.74140625 0.025 0.0109375 0.021875
2 0.76875 0.02421875 0.009375 0.021875
2 0.8046875 0.0140625 0.015625 0.0171875
2 0.82578125 0.0171875 0.0171875 0.01875
2 0.8546875 0.0203125 0.0140625 0.021875
2 0.90390625 0.0109375 0.0140625 0.015625
2 0.965625 0.0984375 0.0109375 0.025
2 0.96953125 0.1515625 0.0109375 0.021875
2 0.97265625 0.21953125 0.009375 0.021875
2 0.96953125 0.28046875 0.009375 0.0234375
2 0.9734375 0.55859375 0.0109375 0.0234375
2 0.92109375 0.91875 0.0203125 0.01875
2 0.809375 0.92265625 0.015625 0.01875
