0 0.51015625 0.50625 0.94375 0.965625
2 0.07265625 0.0421875 0.015625 0.02265625
2 0.11484375 0.034375 0.0171875 0.01796875
2 0.2015625 0.03984375 0.01484375 0.01796875
2 0.2796875 0.0375 0.01640625 0.0203125
2 0.8703125 0.05078125 0.015625 0.0234375
2 0.9046875 0.05703125 0.01328125 0.01875
2 0.9484375 0.0546875 0.01484375 0.0265625
2 0.97578125 0.071875 0.0140625 0.0296875
2 0.5234375 0.97890625 0.01640625 0.02265625
2 0.553125 0.97890625 0.01484375 0.0234375
2 0.42109375 0.97734375 0.01484375 0.01875
2 0.44296875 0.9796875 0.01328125 0.0171875
2 0.3640625 0.97890625 0.01484375 0.015625
2 0.1515625 0.978125 0.0171875 0.0203125
2 0.046875 0.7671875 0.0140625 0.02578125
2 0.0453125 0.69296875 0.0140625 0.02421875
2 0.0515625 0.6171875 0.0140625 0.0265625
2 0.04921875 0.32421875 0.0140625 0.0234375
2 0.04375 0.2484375 0.0140625 0.02578125
2 0.04375 0.18359375 0.0140625 0.03046875
