0 0.9778761062499999 0.925850478125 0.9731352718749999 0.190466490625 0.960493046875 0.062130779687500005 0.9462705437500001 0.0437971078125 0.92414665 0.0336117328125 0.881479140625 0.0336117328125 0.08501896406250001 0.0458341828125 0.036030340625000004 0.0723161546875 0.0534134 0.9665919734375 0.9541719343749999 0.9737217359375 0.97471555 0.96048075 0.9778761062499999 0.925850478125
2 0.821875 0.0421875 0.0328125 0.015625
2 0.76328125 0.04296875 0.028125 0.021875
2 0.696875 0.04140625 0.03125 0.0171875
2 0.63515625 0.04140625 0.03125 0.0203125
2 0.46171875 0.04453125 0.0265625 0.021875
2 0.4046875 0.0421875 0.0234375 0.0234375
2 0.325 0.046875 0.028125 0.0203125
2 0.20390625 0.0421875 0.03125 0.015625
1 0.06640625 0.0578125 0.06875 0.040625
2 0.05234375 0.221875 0.0234375 0.0125
2 0.03671875 0.4953125 0.0203125 0.0203125
2 0.04296875 0.540625 0.0265625 0.0203125
2 0.04296875 0.80546875 0.0203125 0.0140625
2 0.18125 0.96015625 0.0375 0.0109375
2 0.9671875 0.32265625 0.01875 0.0140625
2 0.96484375 0.3609375 0.034375 0.021875
2 0.96875 0.403125 0.034375 0.021875
2 0.96484375 0.5375 0.021875 0.0171875
2 0.96953125 0.58125 0.0234375 0.01875
2 0.96328125 0.6640625 0.028125 0.0140625
2 0.96328125 0.75 0.028125 0.01875
2 0.9640625 0.79609375 0.0234375 0.0171875
