0 0.06005056875 0.9429619062500001 0.086915296875 0.967406803125 0.9797724406249999 0.95314728125 0.9623893812500001 0.0354451015625 0.039506953125 0.0334080265625 0.020543615625 0.0578529234375 0.045828065625 0.814626196875 0.06005056875 0.9429619062500001
2 0.20390625 0.96015625 0.028125 0.0171875
2 0.25703125 0.96171875 0.0265625 0.015625
2 0.32421875 0.965625 0.028125 0.0125
2 0.3890625 0.9625 0.025 0.0125
2 0.49140625 0.9625 0.03125 0.015625
2 0.56171875 0.96015625 0.0296875 0.0171875
2 0.61328125 0.95625 0.025 0.0171875
2 0.69296875 0.95859375 0.0265625 0.01875
2 0.7453125 0.96015625 0.0234375 0.0140625
2 0.81171875 0.96015625 0.0234375 0.0140625
2 0.87265625 0.95859375 0.021875 0.015625
2 0.046875 0.68046875 0.0265625 0.01875
2 0.04921875 0.64140625 0.028125 0.021875
2 0.0453125 0.60078125 0.0296875 0.0234375
2 0.0453125 0.515625 0.0203125 0.01875
2 0.046875 0.46875 0.0234375 0.021875
2 0.04375 0.42265625 0.0265625 0.0203125
2 0.0421875 0.340625 0.0234375 0.01875
2 0.0359375 0.1265625 0.0234375 0.0125
2 0.03515625 0.08828125 0.028125 0.015625
