2 0.953125 0.91640625 0.0171875 0.028125
2 0.953125 0.83359375 0.015625 0.028125
2 0.94921875 0.69375 0.0125 0.025
2 0.9515625 0.61953125 0.0140625 0.021875
2 0.94765625 0.4015625 0.0125 0.0234375
2 0.95 0.32265625 0.015625 0.03125
2 0.90078125 0.03828125 0.015625 0.0265625
2 0.9265625 0.03984375 0.0125 0.025
2 0.84765625 0.0359375 0.015625 0.01875
2 0.79765625 0.03125 0.021875 0.0234375
2 0.81953125 0.03046875 0.015625 0.0203125
2 0.7421875 0.03125 0.015625 0.021875
2 0.71640625 0.0296875 0.01875 0.03125
2 0.6875 0.028125 0.015625 0.01875
2 0.634375 0.02890625 0.01875 0.021875
2 0.60703125 0.03046875 0.015625 0.021875
2 0.58046875 0.028125 0.015625 0.01875
2 0.25703125 0.028125 0.01875 0.021875
1 0.04453125 0.04296875 0.053125 0.0859375
2 0.05078125 0.96015625 0.01875 0.028125
2 0.09453125 0.9609375 0.0171875 0.025
2 0.13046875 0.96640625 0.01875 0.025
2 0.37109375 0.97421875 0.01875 0.021875
2 0.5890625 0.97890625 0.015625 0.025
2 0.54609375 0.9765625 0.01875 0.021875
0 0.9365234375 0.0382182421875 0.8115234375 0.026005140625 0.7080078125 0.0229518640625 0.0634765625 0.0229518640625 0.0556640625 0.026005140625 0.0478515625 0.032111690625 0.033203125 0.04890470625 0.029296875 0.0672243578125 0.017578125 0.6046008328125 0.017578125 0.8580226937500001 0.01953125 0.95878078125 0.021484375 0.9648873328124999 0.0244140625 0.9694672453125 0.5556640625 0.981680346875 0.6884765625 0.981680346875 0.8544921875 0.978627071875 0.9423828125 0.9755737968749999 0.9462890625 0.972520521875 0.951171875 0.9648873328124999 0.953125 0.9465676796875 0.95703125 0.8732890703124999 0.95703125 0.8488628671875 0.94921875 0.1252365921875 0.943359375 0.045851431250000005 0.9404296875 0.0412715171875 0.9365234375 0.0382182421875
