0 0.4953125 0.4875 0.98125 0.95
2 0.02890625 0.85078125 0.021875 0.0140625
2 0.028125 0.8046875 0.0203125 0.0125
2 0.025 0.63828125 0.021875 0.0171875
2 0.02265625 0.6 0.028125 0.015625
2 0.02421875 0.13671875 0.028125 0.0140625
2 0.02421875 0.10078125 0.021875 0.015625
2 0.025 0.06015625 0.021875 0.0125
2 0.053125 0.021875 0.025 0.015625
2 0.4015625 0.02421875 0.03125 0.0125
2 0.68359375 0.025 0.028125 0.009375
2 0.76328125 0.95 0.0328125 0.0125
2 0.61015625 0.94921875 0.03125 0.0140625
2 0.540625 0.95078125 0.025 0.0140625
