2 0.94921875 0.09375 0.01875 0.01875
2 0.953125 0.13203125 0.01875 0.01875
2 0.953125 0.17265625 0.025 0.021875
2 0.965625 0.23125 0.021875 0.015625
2 0.96640625 0.271875 0.0203125 0.01875
2 0.96328125 0.315625 0.0171875 0.0140625
2 0.96171875 0.35546875 0.021875 0.01875
2 0.9625 0.396875 0.0171875 0.015625
2 0.9640625 0.4421875 0.0203125 0.015625
2 0.965625 0.48359375 0.01875 0.015625
2 0.96484375 0.52890625 0.025 0.01875
2 0.9671875 0.5734375 0.015625 0.015625
2 0.9703125 0.659375 0.01875 0.0109375
2 0.971875 0.7046875 0.01875 0.015625
2 0.96640625 0.7421875 0.01875 0.015625
2 0.9703125 0.78828125 0.021875 0.0125
2 0.97890625 0.82578125 0.01875 0.0140625
2 0.9703125 0.8796875 0.0296875 0.0296875
2 0.125 0.046875 0.028125 0.01875
2 0.18984375 0.04296875 0.0203125 0.0203125
2 0.25625 0.03984375 0.025 0.015625
2 0.3046875 0.0421875 0.0296875 0.021875
2 0.38359375 0.04296875 0.0203125 0.0109375
2 0.4390625 0.03984375 0.021875 0.0125
2 0.50859375 0.03828125 0.021875 0.0125
2 0.61484375 0.03359375 0.025 0.0140625
2 0.67578125 0.034375 0.025 0.0140625
2 0.7421875 0.0359375 0.028125 0.0125
2 0.7953125 0.03515625 0.021875 0.009375
1 0.0546875 0.0625 0.071875 0.053125
2 0.03046875 0.46796875 0.0171875 0.01875
0 0.036362446874999996 0.4208984375 0.033332140625 0.4228515625 0.033332140625 0.4248046875 0.030301832812500002 0.4267578125 0.030301832812500002 0.4599609375 0.036362446874999996 0.4638671875 0.036362446874999996 0.4697265625 0.030301832812500002 0.4736328125 0.030301832812500002 0.4892578125 0.036362446874999996 0.4931640625 0.036362446874999996 0.4951171875 0.039392753125 0.4970703125 0.039392753125 0.5029296875 0.036362446874999996 0.5048828125 0.036362446874999996 0.5068359375 0.039392753125 0.5087890625 0.039392753125 0.5361328125 0.042423059375 0.5380859375 0.042423059375 0.5458984375 0.039392753125 0.5478515625 0.039392753125 0.5517578125 0.036362446874999996 0.5537109375 0.036362446874999996 0.5595703125 0.039392753125 0.5615234375 0.039392753125 0.5888671875 0.042423059375 0.5908203125 0.042423059375 0.5966796875 0.039392753125 0.5986328125 0.039392753125 0.6005859375 0.036362446874999996 0.6025390625 0.036362446874999996 0.6162109375 0.042423059375 0.6201171875 0.042423059375 0.6279296875 0.039392753125 0.6298828125 0.039392753125 0.6357421875 0.042423059375 0.6376953125 0.042423059375 0.6787109375 0.039392753125 0.6806640625 0.039392753125 0.6845703125 0.036362446874999996 0.6865234375 0.036362446874999996 0.6923828125 0.039392753125 0.6943359375 0.039392753125 0.7021484375 0.042423059375 0.7041015625 0.042423059375 0.7119140625 0.039392753125 0.7138671875 0.039392753125 0.7294921875 0.036362446874999996 0.7314453125 0.036362446874999996 0.7412109375 0.039392753125 0.7431640625 0.039392753125 0.7490234375 0.0484836734375 0.7548828125 0.0484836734375 0.7607421875 0.042423059375 0.7646484375 0.042423059375 0.7705078125 0.045453367187499996 0.7724609375 0.042423059375 0.7744140625 0.045453367187499996 0.7763671875 0.045453367187499996 0.7919921875 0.0484836734375 0.7939453125 0.0484836734375 0.8056640625 0.0515139796875 0.8076171875 0.0515139796875 0.8095703125 0.0484836734375 0.8115234375 0.0484836734375 0.8388671875 0.0515139796875 0.8408203125 0.0515139796875 0.8427734375 0.0484836734375 0.8447265625 0.0484836734375 0.8466796875 0.045453367187499996 0.8486328125 0.045453367187499996 0.8720703125 0.0484836734375 0.8740234375 0.0484836734375 0.8779296875 0.0515139796875 0.8798828125 0.0515139796875 0.8818359375 0.0545442875 0.8837890625 0.0545442875 0.8935546875 0.0515139796875 0.8955078125 0.0515139796875 0.9150390625 0.0545442875 0.9169921875 0.0545442875 0.9267578125 0.0515139796875 0.9287109375 0.0515139796875 0.9521484375 0.0545442875 0.9541015625 0.0545442875 0.9599609375 0.059089746875 0.962890625 0.1045443484375 0.962890625 0.10757465625 0.9609375 0.12575649687499998 0.9609375 0.128786803125 0.958984375 0.1439383375 0.958984375 0.14696864375000002 0.9609375 0.14999895000000002 0.9609375 0.1530292578125 0.958984375 0.1560595640625 0.9609375 0.1712110984375 0.9609375 0.1742414046875 0.958984375 0.1772717109375 0.958984375 0.18030201875000001 0.95703125 0.18333232500000002 0.95703125 0.18636263125000002 0.958984375 0.1954535515625 0.958984375 0.198483859375 0.9609375 0.2106050859375 0.9609375 0.2136353921875 0.962890625 0.22575662031250002 0.962890625 0.2287869265625 0.96484375 0.2984839828125 0.96484375 0.3015142890625 0.962890625 0.313635515625 0.962890625 0.3166658234375 0.96484375 0.349999196875 0.96484375 0.3530295046875 0.966796875 0.39848410625 0.966796875 0.4015144125 0.96875 0.40454471875 0.966796875 0.4257568671875 0.966796875 0.4287871734375 0.96484375 0.43787809375000003 0.96484375 0.4409084 0.966796875 0.495453921875 0.966796875 0.49848422968749995 0.96875 0.5015145359375001 0.96875 0.5045448421875001 0.970703125 0.51060545625 0.970703125 0.5136357625 0.96875 0.568181284375 0.96875 0.5712115921875001 0.966796875 0.6712117156249999 0.966796875 0.674242021875 0.96484375 0.6833329421875 0.96484375 0.6863632484375 0.966796875 0.6984844765625 0.966796875 0.7015147828125 0.96875 0.7257572375 0.96875 0.72878754375 0.966796875 0.746969384375 0.966796875 0.7499996906249999 0.96484375 0.8045452140625 0.96484375 0.8075755203125 0.962890625 0.83484828125 0.962890625 0.8378785875 0.96484375 0.8712119625 0.96484375 0.87424226875 0.962890625 0.8954544156249999 0.962890625 0.8984847234375 0.9609375 0.9045453359375 0.9609375 0.9075756437500001 0.958984375 0.91363625625 0.958984375 0.9166665640625 0.95703125 0.9287877906249999 0.95703125 0.9318180984375 0.958984375 0.94090901875 0.958984375 0.943939325 0.9609375 0.965151471875 0.9609375 0.9696969328125 0.9580078125 0.9696969328125 0.9560546875 0.9818181593749999 0.9482421875 0.9818181593749999 0.9248046875 0.9787878531249999 0.9228515625 0.9787878531249999 0.9208984375 0.9757575453125 0.9189453125 0.9757575453125 0.9150390625 0.9727272390625 0.9130859375 0.9727272390625 0.9072265625 0.9757575453125 0.9052734375 0.9757575453125 0.9013671875 0.9787878531249999 0.8994140625 0.9787878531249999 0.8896484375 0.9757575453125 0.8876953125 0.9757575453125 0.8837890625 0.966666625 0.8779296875 0.966666625 0.8701171875 0.9712120859375 0.8671875 0.9742423921875 0.8671875 0.9757575453125 0.8662109375 0.9757575453125 0.8603515625 0.9787878531249999 0.8583984375 0.9787878531249999 0.8369140625 0.9757575453125 0.8349609375 0.9757575453125 0.8330078125 0.9727272390625 0.8310546875 0.9727272390625 0.8291015625 0.9696969328125 0.8271484375 0.9727272390625 0.8251953125 0.9727272390625 0.8212890625 0.9757575453125 0.8193359375 0.9757575453125 0.7998046875 0.9727272390625 0.7978515625 0.9727272390625 0.7958984375 0.9712120859375 0.794921875 0.9681817781250001 0.794921875 0.966666625 0.7939453125 0.966666625 0.7919921875 0.9636363187500001 0.7900390625 0.9636363187500001 0.7880859375 0.966666625 0.7861328125 0.966666625 0.7841796875 0.9727272390625 0.7802734375 0.9727272390625 0.7744140625 0.9757575453125 0.7724609375 0.9757575453125 0.7568359375 0.9727272390625 0.7548828125 0.9727272390625 0.7529296875 0.9636363187500001 0.7470703125 0.9636363187500001 0.7392578125 0.9696969328125 0.7353515625 0.9696969328125 0.7333984375 0.9727272390625 0.7314453125 0.9727272390625 0.7138671875 0.966666625 0.7099609375 0.966666625 0.7060546875 0.9636363187500001 0.7041015625 0.966666625 0.7021484375 0.966666625 0.7001953125 0.9696969328125 0.6982421875 0.9696969328125 0.6904296875 0.9727272390625 0.6884765625 0.9727272390625 0.6767578125 0.9696969328125 0.6748046875 0.9696969328125 0.6689453125 0.966666625 0.6669921875 0.966666625 0.6650390625 0.9636363187500001 0.6630859375 0.9636363187500001 0.6552734375 0.966666625 0.6533203125 0.966666625 0.6513671875 0.9696969328125 0.6494140625 0.9696969328125 0.6435546875 0.9727272390625 0.6416015625 0.9727272390625 0.6376953125 0.966666625 0.6337890625 0.966666625 0.6279296875 0.9696969328125 0.6259765625 0.9696969328125 0.6123046875 0.966666625 0.6103515625 0.966666625 0.5927734375 0.9636363187500001 0.5908203125 0.9636363187500001 0.5830078125 0.9606060125000001 0.5810546875 0.9606060125000001 0.5791015625 0.9575757046875 0.5771484375 0.9575757046875 0.5751953125 0.9606060125000001 0.5732421875 0.9606060125000001 0.5712890625 0.966666625 0.5673828125 0.966666625 0.5419921875 0.9636363187500001 0.5400390625 0.9636363187500001 0.5361328125 0.9606060125000001 0.5341796875 0.9606060125000001 0.5322265625 0.9575757046875 0.5302734375 0.9575757046875 0.5283203125 0.9606060125000001 0.5263671875 0.9606060125000001 0.5244140625 0.966666625 0.5205078125 0.966666625 0.4951171875 0.9636363187500001 0.4931640625 0.9636363187500001 0.4912109375 0.9575757046875 0.4873046875 0.9575757046875 0.4794921875 0.9636363187500001 0.4755859375 0.9636363187500001 0.4580078125 0.9606060125000001 0.4560546875 0.9636363187500001 0.4541015625 0.9636363187500001 0.4521484375 0.9606060125000001 0.4501953125 0.9606060125000001 0.4404296875 0.966666625 0.4365234375 0.966666625 0.4326171875 0.9696969328125 0.4306640625 0.9696969328125 0.4150390625 0.966666625 0.4130859375 0.966666625 0.4072265625 0.965151471875 0.40625 0.962121165625 0.40625 0.9545453984375 0.4013671875 0.9545453984375 0.3955078125 0.966666625 0.3876953125 0.966666625 0.3681640625 0.9590908593749999 0.36328125 0.9560605515624999 0.36328125 0.9545453984375 0.3623046875 0.9545453984375 0.3583984375 0.9515150921875 0.3564453125 0.9545453984375 0.3544921875 0.9545453984375 0.3525390625 0.9575757046875 0.3505859375 0.9575757046875 0.3486328125 0.9606060125000001 0.3466796875 0.9606060125000001 0.3427734375 0.9636363187500001 0.3408203125 0.9636363187500001 0.3251953125 0.9545453984375 0.3193359375 0.9545453984375 0.3154296875 0.9575757046875 0.3134765625 0.9575757046875 0.3115234375 0.9590908593749999 0.310546875 0.962121165625 0.310546875 0.966666625 0.3076171875 0.966666625 0.3037109375 0.9696969328125 0.3017578125 0.9696969328125 0.2841796875 0.9575757046875 0.2763671875 0.9575757046875 0.2744140625 0.9606060125000001 0.2724609375 0.9606060125000001 0.2685546875 0.966666625 0.2646484375 0.966666625 0.2587890625 0.9696969328125 0.2568359375 0.9696969328125 0.2451171875 0.966666625 0.2431640625 0.966666625 0.2412109375 0.965151471875 0.240234375 0.962121165625 0.240234375 0.9575757046875 0.2373046875 0.9575757046875 0.2294921875 0.9696969328125 0.2216796875 0.9696969328125 0.2080078125 0.966666625 0.2060546875 0.966666625 0.1943359375 0.9636363187500001 0.1923828125 0.9636363187500001 0.1884765625 0.9515150921875 0.1806640625 0.9515150921875 0.1787109375 0.948484784375 0.1767578125 0.948484784375 0.1728515625 0.9515150921875 0.1708984375 0.9515150921875 0.1650390625 0.9545453984375 0.1630859375 0.9545453984375 0.1396484375 0.948484784375 0.1357421875 0.948484784375 0.1337890625 0.945454478125 0.1318359375 0.945454478125 0.1279296875 0.9515150921875 0.1240234375 0.9515150921875 0.1025390625 0.942424171875 0.0966796875 0.942424171875 0.0908203125 0.945454478125 0.0888671875 0.945454478125 0.0869140625 0.948484784375 0.0849609375 0.948484784375 0.0615234375 0.9393938640625 0.0556640625 0.9393938640625 0.0537109375 0.9363635578125 0.0517578125 0.9363635578125 0.0478515625 0.9303029437499999 0.0439453125 0.9303029437499999 0.0419921875 0.9257574843749999 0.0390625 0.9227271765625 0.0390625 0.9196968703125 0.037109375 0.9166665640625 0.037109375 0.91363625625 0.03515625 0.9015150296875 0.03515625 0.8984847234375 0.033203125 0.8803028828125001 0.033203125 0.8772725765624999 0.03515625 0.8651513484375 0.03515625 0.859090734375 0.03125 0.8227270531249999 0.03125 0.8196967468749999 0.033203125 0.813636134375 0.033203125 0.8106058265625 0.03515625 0.8075755203125 0.03515625 0.8015149062500001 0.0390625 0.79545429375 0.0390625 0.7924239859375 0.037109375 0.786363371875 0.037109375 0.783333065625 0.03515625 0.76818153125 0.03515625 0.765151225 0.037109375 0.7530299984375 0.037109375 0.7499996906249999 0.0390625 0.7378784640625 0.0390625 0.7363633109375 0.0380859375 0.7363633109375 0.0361328125 0.7333330046875 0.0341796875 0.7333330046875 0.0322265625 0.7318178515625 0.03125 0.72878754375 0.03125 0.7257572375 0.029296875 0.7015147828125 0.029296875 0.6984844765625 0.03125 0.68939355625 0.03125 0.6848480953125 0.0341796875 0.6848480953125 0.0361328125 0.6833329421875 0.037109375 0.6803026359375 0.037109375 0.677272328125 0.0390625 0.674242021875 0.0390625 0.6712117156249999 0.037109375 0.668181409375 0.037109375 0.6621207953125 0.033203125 0.634848034375 0.033203125 0.6318177265625 0.03515625 0.6257571140625 0.03515625 0.6196965 0.0390625 0.61666619375 0.0390625 0.6136358859375 0.041015625 0.6106055796875001 0.0390625 0.6075752734375001 0.0390625 0.6045449656249999 0.037109375 0.5712115921875001 0.037109375 0.568181284375 0.0390625 0.5560600578125 0.0390625 0.54999944375 0.03515625 0.522726684375 0.03515625 0.5136357625 0.041015625 0.51060545625 0.041015625 0.50757515 0.04296875 0.5045448421875001 0.041015625 0.5015145359375001 0.041015625 0.49848422968749995 0.0390625 0.495453921875 0.0390625 0.49242361562500003 0.037109375 0.4833326953125 0.037109375 0.4803023890625 0.03515625 0.456059934375 0.03515625 0.45302962812500003 0.037109375 0.449999321875 0.037109375 0.44848416718750006 0.0380859375 0.44848416718750006 0.0400390625 0.4439387078125 0.04296875 0.43181747968749995 0.04296875 0.4287871734375 0.0390625 0.39848410625 0.0390625 0.3893931859375 0.044921875 0.3742416515625 0.044921875 0.3681810375 0.041015625 0.346968890625 0.041015625 0.34393858437499997 0.0390625 0.3227264359375 0.0390625 0.3151506703125 0.0439453125 0.3151506703125 0.0458984375 0.313635515625 0.046875 0.3015142890625 0.046875 0.2969688296875 0.0439453125 0.2969688296875 0.0419921875 0.29242336875 0.0390625 0.27727183437499997 0.0390625 0.274241528125 0.041015625 0.2681809140625 0.041015625 0.2621203015625 0.044921875 0.2499990734375 0.044921875 0.2484839203125 0.0439453125 0.2484839203125 0.0419921875 0.2439384609375 0.0390625 0.22575662031250002 0.0390625 0.2227263125 0.037109375 0.2075747796875 0.037109375 0.20454447187499997 0.0390625 0.201514165625 0.0390625 0.1969687046875 0.0419921875 0.1969687046875 0.0439453125 0.1954535515625 0.044921875 0.1924232453125 0.044921875 0.18939293906250002 0.046875 0.18333232500000002 0.046875 0.18030201875000001 0.044921875 0.1772717109375 0.044921875 0.1742414046875 0.04296875 0.14999895000000002 0.04296875 0.14696864375000002 0.041015625 0.1439383375 0.041015625 0.1378777234375 0.044921875 0.13484741718749998 0.044921875 0.131817109375 0.046875 0.12272618906249999 0.046875 0.11969588281250002 0.044921875 0.11666557656250001 0.044921875 0.11363526875 0.04296875 0.09848373593750001 0.04296875 0.09545342812499999 0.044921875 0.0833322015625 0.044921875 0.08030189531250001 0.046875 0.0772715875 0.046875 0.07424128125 0.05078125 0.071210975 0.05078125 0.0681806671875 0.052734375 0.0621200546875 0.052734375 0.059089746875 0.0546875 0.056059440625 0.0546875 0.039392753125 0.0654296875 0.039392753125 0.0673828125 0.030301832812500002 0.0732421875 0.030301832812500002 0.0966796875 0.033332140625 0.0986328125 0.033332140625 0.1044921875 0.030301832812500002 0.1064453125 0.030301832812500002 0.1083984375 0.0272715265625 0.1103515625 0.0272715265625 0.1376953125 0.030301832812500002 0.1396484375 0.030301832812500002 0.1748046875 0.033332140625 0.1767578125 0.033332140625 0.1982421875 0.036362446874999996 0.2001953125 0.036362446874999996 0.2080078125 0.039392753125 0.2099609375 0.039392753125 0.2197265625 0.042423059375 0.2216796875 0.042423059375 0.2275390625 0.039392753125 0.2294921875 0.039392753125 0.2314453125 0.036362446874999996 0.2333984375 0.036362446874999996 0.2509765625 0.033332140625 0.2529296875 0.033332140625 0.2548828125 0.036362446874999996 0.2568359375 0.036362446874999996 0.2666015625 0.030301832812500002 0.2705078125 0.030301832812500002 0.2744140625 0.0272715265625 0.2763671875 0.0272715265625 0.2958984375 0.030301832812500002 0.2978515625 0.030301832812500002 0.3037109375 0.0272715265625 0.3056640625 0.0272715265625 0.3076171875 0.030301832812500002 0.3095703125 0.030301832812500002 0.3193359375 0.0272715265625 0.3212890625 0.0272715265625 0.3349609375 0.030301832812500002 0.3369140625 0.030301832812500002 0.3447265625 0.0272715265625 0.3466796875 0.0272715265625 0.3505859375 0.030301832812500002 0.3525390625 0.030301832812500002 0.3642578125 0.0272715265625 0.3662109375 0.0272715265625 0.3720703125 0.0287866796875 0.373046875 0.030301832812500002 0.3740234375 0.030301832812500002 0.3798828125 0.033332140625 0.3818359375 0.033332140625 0.4130859375 0.036362446874999996 0.4150390625 0.036362446874999996 0.4208984375
