0 0.9307394578125001 0.96523388125 0.9623141171875 0.941529709375 0.967406803125 0.8893805312499999 0.9572214296875 0.08501896406250001 0.9287023828125 0.028128950000000003 0.0344265640625 0.039190896875 0.0303524140625 0.96523388125 0.073130984375 0.9778761062499999 0.9307394578125001 0.96523388125
1 0.95078125 0.93984375 0.0390625 0.0625
2 0.90234375 0.95859375 0.021875 0.025
2 0.86484375 0.9640625 0.015625 0.0234375
2 0.81875 0.9671875 0.015625 0.028125
2 0.7625 0.97421875 0.0125 0.0234375
2 0.72109375 0.975 0.0140625 0.021875
2 0.6796875 0.96953125 0.015625 0.0296875
2 0.63828125 0.9640625 0.0171875 0.0203125
2 0.59609375 0.96640625 0.0171875 0.0234375
2 0.20703125 0.97109375 0.01875 0.0265625
2 0.9609375 0.7546875 0.015625 0.028125
2 0.96484375 0.68203125 0.015625 0.025
2 0.96171875 0.625 0.01875 0.0328125
2 0.96328125 0.57109375 0.0125 0.0234375
2 0.96015625 0.51484375 0.015625 0.034375
2 0.95859375 0.31796875 0.015625 0.0265625
2 0.95859375 0.19296875 0.0171875 0.0296875
1 0.93984375 0.05234375 0.046875 0.075
