2 0.95703125 0.94296875 0.0109375 0.01875
2 0.9375 0.971875 0.0125 0.015625
2 0.8953125 0.9734375 0.0125 0.0125
2 0.959375 0.88828125 0.009375 0.0234375
2 0.9578125 0.8140625 0.009375 0.0265625
2 0.9578125 0.7625 0.009375 0.0203125
2 0.95859375 0.68359375 0.0125 0.0328125
2 0.95859375 0.63203125 0.0125 0.025
2 0.95859375 0.57734375 0.009375 0.021875
2 0.95703125 0.5234375 0.009375 0.025
2 0.9578125 0.453125 0.009375 0.021875
2 0.9546875 0.40078125 0.0125 0.034375
2 0.95390625 0.32421875 0.0109375 0.028125
2 0.95625 0.27265625 0.009375 0.028125
2 0.9546875 0.2046875 0.0125 0.021875
2 0.95546875 0.14609375 0.009375 0.03125
1 0.94140625 0.06015625 0.034375 0.059375
2 0.89765625 0.0421875 0.0171875 0.0171875
2 0.77421875 0.0484375 0.009375 0.015625
2 0.69921875 0.03984375 0.0125 0.015625
2 0.66015625 0.03515625 0.0140625 0.015625
2 0.615625 0.03671875 0.0140625 0.01875
2 0.5796875 0.03828125 0.015625 0.0171875
2 0.5328125 0.03828125 0.015625 0.01875
2 0.49921875 0.03984375 0.021875 0.01875
2 0.40625 0.03984375 0.0140625 0.015625
2 0.3765625 0.03828125 0.015625 0.0140625
2 0.24609375 0.040625 0.01875 0.0203125
2 0.3265625 0.040625 0.0140625 0.025
2 0.19140625 0.04375 0.0171875 0.01875
2 0.15390625 0.0421875 0.01875 0.021875
2 0.11328125 0.046875 0.0140625 0.0125
2 0.0765625 0.04609375 0.015625 0.0203125
2 0.03359375 0.10625 0.0125 0.025
2 0.08125 0.9765625 0.015625 0.01875
2 0.11484375 0.97734375 0.015625 0.015625
2 0.1625 0.97890625 0.015625 0.0171875
2 0.203125 0.9765625 0.0171875 0.0171875
2 0.246875 0.9796875 0.01875 0.0203125
2 0.28359375 0.98125 0.015625 0.021875
2 0.33046875 0.98125 0.0125 0.01875
2 0.3625 0.98359375 0.0140625 0.01875
2 0.41328125 0.98203125 0.0171875 0.0234375
2 0.46171875 0.98203125 0.0171875 0.021875
2 0.67421875 0.9796875 0.0171875 0.0203125
2 0.8125 0.98125 0.0125 0.01875
0 0.6123046875 0.042423059375 0.6103515625 0.039392753125 0.5869140625 0.039392753125 0.5849609375 0.042423059375 0.5830078125 0.042423059375 0.5810546875 0.045453367187499996 0.5791015625 0.045453367187499996 0.5771484375 0.042423059375 0.5751953125 0.042423059375 0.5732421875 0.039392753125 0.5400390625 0.039392753125 0.5380859375 0.042423059375 0.5302734375 0.042423059375 0.5283203125 0.039392753125 0.5244140625 0.039392753125 0.5224609375 0.036362446874999996 0.5205078125 0.036362446874999996 0.5185546875 0.039392753125 0.5166015625 0.039392753125 0.5146484375 0.036362446874999996 0.5107421875 0.036362446874999996 0.5087890625 0.039392753125 0.5068359375 0.039392753125 0.5048828125 0.042423059375 0.5029296875 0.042423059375 0.5009765625 0.045453367187499996 0.4970703125 0.045453367187499996 0.4951171875 0.042423059375 0.4931640625 0.042423059375 0.4912109375 0.039392753125 0.4638671875 0.039392753125 0.4619140625 0.042423059375 0.4599609375 0.042423059375 0.4580078125 0.045453367187499996 0.4267578125 0.045453367187499996 0.4248046875 0.042423059375 0.4033203125 0.042423059375 0.4013671875 0.039392753125 0.3857421875 0.039392753125 0.3837890625 0.042423059375 0.3818359375 0.042423059375 0.3798828125 0.045453367187499996 0.3740234375 0.045453367187499996 0.3720703125 0.042423059375 0.3701171875 0.042423059375 0.3681640625 0.039392753125 0.3349609375 0.039392753125 0.3330078125 0.042423059375 0.3310546875 0.042423059375 0.3291015625 0.045453367187499996 0.3251953125 0.045453367187499996 0.3232421875 0.042423059375 0.2978515625 0.042423059375 0.2958984375 0.045453367187499996 0.2919921875 0.045453367187499996 0.2900390625 0.042423059375 0.2861328125 0.042423059375 0.2841796875 0.039392753125 0.2744140625 0.039392753125 0.2724609375 0.042423059375 0.2666015625 0.042423059375 0.2646484375 0.039392753125 0.2529296875 0.039392753125 0.2509765625 0.042423059375 0.2490234375 0.042423059375 0.2470703125 0.045453367187499996 0.2412109375 0.045453367187499996 0.2392578125 0.042423059375 0.2197265625 0.042423059375 0.2177734375 0.045453367187499996 0.2119140625 0.045453367187499996 0.2099609375 0.042423059375 0.2080078125 0.045453367187499996 0.1962890625 0.045453367187499996 0.1943359375 0.0484836734375 0.1904296875 0.0484836734375 0.1865234375 0.042423059375 0.1826171875 0.042423059375 0.1806640625 0.039392753125 0.1669921875 0.039392753125 0.1650390625 0.042423059375 0.1630859375 0.042423059375 0.1591796875 0.0484836734375 0.1533203125 0.0484836734375 0.1513671875 0.045453367187499996 0.1494140625 0.045453367187499996 0.1474609375 0.042423059375 0.1376953125 0.042423059375 0.1357421875 0.045453367187499996 0.1337890625 0.042423059375 0.1220703125 0.042423059375 0.1162109375 0.0515139796875 0.0947265625 0.0515139796875 0.0927734375 0.0484836734375 0.0849609375 0.0484836734375 0.0830078125 0.0515139796875 0.0712890625 0.0515139796875 0.0703125 0.0499988265625 0.0703125 0.0469685203125 0.0673828125 0.042423059375 0.0634765625 0.042423059375 0.0615234375 0.045453367187499996 0.0537109375 0.045453367187499996 0.0517578125 0.042423059375 0.0498046875 0.042423059375 0.0478515625 0.045453367187499996 0.0400390625 0.045453367187499996 0.0390625 0.0469685203125 0.0390625 0.0499988265625 0.033203125 0.059089746875 0.033203125 0.089392815625 0.03515625 0.092423121875 0.03515625 0.09545342812499999 0.037109375 0.09848373593750001 0.037109375 0.11363526875 0.03515625 0.11666557656250001 0.03515625 0.12575649687499998 0.037109375 0.128786803125 0.037109375 0.131817109375 0.03515625 0.13484741718749998 0.03515625 0.1378777234375 0.037109375 0.1409080296875 0.037109375 0.162120178125 0.0390625 0.165150484375 0.0390625 0.18030201875000001 0.037109375 0.18333232500000002 0.037109375 0.1954535515625 0.03515625 0.198483859375 0.03515625 0.2075747796875 0.033203125 0.2106050859375 0.033203125 0.274241528125 0.03125 0.27727183437499997 0.03125 0.2863627546875 0.033203125 0.28939306249999996 0.033203125 0.3045445953125 0.03125 0.307574903125 0.03125 0.31060520937499997 0.029296875 0.313635515625 0.029296875 0.41666594687499997 0.03125 0.419696253125 0.03125 0.47121146875 0.029296875 0.47424177500000003 0.029296875 0.495453921875 0.02734375 0.49848422968749995 0.02734375 0.531817603125 0.029296875 0.5348479109375 0.029296875 0.5560600578125 0.02734375 0.5590903640625 0.02734375 0.568181284375 0.029296875 0.5712115921875001 0.029296875 0.5863631265625 0.02734375 0.5893934328125 0.02734375 0.5924237390625 0.029296875 0.595454046875 0.029296875 0.62272680625 0.03125 0.6257571140625 0.03125 0.6590904890625 0.029296875 0.6621207953125 0.029296875 0.674242021875 0.02734375 0.677272328125 0.029296875 0.6803026359375 0.029296875 0.6833329421875 0.02734375 0.6863632484375 0.02734375 0.69545416875 0.025390625 0.6984844765625 0.025390625 0.7227269296875 0.02734375 0.7257572375 0.02734375 0.740908771875 0.029296875 0.743939078125 0.02734375 0.746969384375 0.02734375 0.7530299984375 0.025390625 0.7560603046875001 0.025390625 0.76818153125 0.02734375 0.7712118390625 0.02734375 0.8075755203125 0.029296875 0.8106058265625 0.029296875 0.8196967468749999 0.02734375 0.8227270531249999 0.02734375 0.8287876671875001 0.025390625 0.8318179734375001 0.025390625 0.8621210421875001 0.02734375 0.8651513484375 0.02734375 0.8712119625 0.029296875 0.87424226875 0.029296875 0.9196968703125 0.03125 0.9227271765625 0.029296875 0.9257574843749999 0.029296875 0.94696963125 0.02734375 0.9499999390625 0.02734375 0.9590908593749999 0.0400390625 0.9787878531249999 0.0712890625 0.9787878531249999 0.0732421875 0.9757575453125 0.0751953125 0.9757575453125 0.0771484375 0.9727272390625 0.0830078125 0.9727272390625 0.0849609375 0.9757575453125 0.0869140625 0.9757575453125 0.0888671875 0.9787878531249999 0.0908203125 0.9787878531249999 0.0927734375 0.9818181593749999 0.0986328125 0.9818181593749999 0.1005859375 0.9787878531249999 0.1064453125 0.9787878531249999 0.1103515625 0.9727272390625 0.1123046875 0.9727272390625 0.1142578125 0.9696969328125 0.1162109375 0.9727272390625 0.1201171875 0.9727272390625 0.1240234375 0.9787878531249999 0.1416015625 0.9787878531249999 0.1435546875 0.9818181593749999 0.1494140625 0.9818181593749999 0.1513671875 0.9787878531249999 0.1533203125 0.9787878531249999 0.1552734375 0.9757575453125 0.1572265625 0.9757575453125 0.1591796875 0.9727272390625 0.1669921875 0.9727272390625 0.1708984375 0.9787878531249999 0.1767578125 0.9787878531249999 0.1787109375 0.9757575453125 0.1943359375 0.9757575453125 0.1982421875 0.9696969328125 0.2021484375 0.9696969328125 0.2041015625 0.9727272390625 0.2060546875 0.9727272390625 0.2080078125 0.9757575453125 0.2197265625 0.9757575453125 0.2216796875 0.9787878531249999 0.2314453125 0.9787878531249999 0.2333984375 0.9757575453125 0.2392578125 0.9757575453125 0.2412109375 0.9727272390625 0.2431640625 0.9727272390625 0.2451171875 0.9696969328125 0.2490234375 0.9696969328125 0.2548828125 0.9787878531249999 0.2744140625 0.9787878531249999 0.2763671875 0.9757575453125 0.2783203125 0.9757575453125 0.2802734375 0.9727272390625 0.2861328125 0.9727272390625 0.2939453125 0.984848465625 0.3115234375 0.984848465625 0.3134765625 0.9818181593749999 0.3193359375 0.9818181593749999 0.3212890625 0.9787878531249999 0.3232421875 0.9787878531249999 0.3271484375 0.9727272390625 0.3291015625 0.9727272390625 0.3310546875 0.9757575453125 0.3330078125 0.9757575453125 0.333984375 0.9772726984375 0.333984375 0.98030300625 0.3359375 0.9833333124999999 0.3359375 0.9863636187499999 0.3408203125 0.9939393859375001 0.3447265625 0.9939393859375001 0.3466796875 0.9909090796875001 0.3505859375 0.9909090796875001 0.35546875 0.9833333124999999 0.35546875 0.98030300625 0.3564453125 0.9787878531249999 0.3583984375 0.9787878531249999 0.3603515625 0.9757575453125 0.3623046875 0.9757575453125 0.3642578125 0.9787878531249999 0.3662109375 0.9787878531249999 0.3671875 0.98030300625 0.3671875 0.9833333124999999 0.3701171875 0.9878787734375001 0.3740234375 0.9878787734375001 0.3759765625 0.9909090796875001 0.3857421875 0.9909090796875001 0.3876953125 0.9878787734375001 0.3955078125 0.9878787734375001 0.3974609375 0.984848465625 0.3994140625 0.984848465625 0.4033203125 0.9787878531249999 0.4052734375 0.9787878531249999 0.4072265625 0.9757575453125 0.4111328125 0.9757575453125 0.4130859375 0.9727272390625 0.4150390625 0.9757575453125 0.4169921875 0.9757575453125 0.4189453125 0.9787878531249999 0.4208984375 0.9787878531249999 0.4228515625 0.9818181593749999 0.4287109375 0.9818181593749999 0.4306640625 0.984848465625 0.4443359375 0.984848465625 0.4462890625 0.9818181593749999 0.4521484375 0.9818181593749999 0.4541015625 0.9787878531249999 0.4560546875 0.9787878531249999 0.4580078125 0.9757575453125 0.4658203125 0.9757575453125 0.4697265625 0.9818181593749999 0.4736328125 0.9818181593749999 0.4755859375 0.984848465625 0.4892578125 0.984848465625 0.4912109375 0.9818181593749999 0.4931640625 0.9818181593749999 0.4951171875 0.9787878531249999 0.4970703125 0.9787878531249999 0.5009765625 0.9727272390625 0.5068359375 0.9727272390625 0.5087890625 0.9757575453125 0.5166015625 0.9757575453125 0.5185546875 0.9727272390625 0.5205078125 0.9757575453125 0.5224609375 0.9727272390625 0.5478515625 0.9727272390625 0.5517578125 0.9787878531249999 0.5693359375 0.9787878531249999 0.5712890625 0.9757575453125 0.5771484375 0.9757575453125 0.5791015625 0.9787878531249999 0.5810546875 0.9757575453125 0.5830078125 0.9757575453125 0.5849609375 0.9727272390625 0.6142578125 0.9727272390625 0.6162109375 0.9757575453125 0.6181640625 0.9757575453125 0.6201171875 0.9727272390625 0.6357421875 0.9727272390625 0.6376953125 0.9757575453125 0.6416015625 0.9757575453125 0.6435546875 0.9787878531249999 0.6669921875 0.9787878531249999 0.6689453125 0.9757575453125 0.6708984375 0.9757575453125 0.6728515625 0.9727272390625 0.6748046875 0.9727272390625 0.6767578125 0.9757575453125 0.6787109375 0.9757575453125 0.6826171875 0.9818181593749999 0.7060546875 0.9818181593749999 0.7080078125 0.9787878531249999 0.7099609375 0.9787878531249999 0.7119140625 0.9757575453125 0.7177734375 0.9757575453125 0.7197265625 0.9787878531249999 0.7509765625 0.9787878531249999 0.7529296875 0.9757575453125 0.7626953125 0.9757575453125 0.7646484375 0.9787878531249999 0.7666015625 0.9787878531249999 0.7705078125 0.984848465625 0.7783203125 0.984848465625 0.7802734375 0.9818181593749999 0.7822265625 0.984848465625 0.7841796875 0.984848465625 0.7861328125 0.9818181593749999 0.7880859375 0.9818181593749999 0.7900390625 0.984848465625 0.7978515625 0.984848465625 0.7998046875 0.9818181593749999 0.8017578125 0.9818181593749999 0.8076171875 0.9727272390625 0.8095703125 0.9727272390625 0.8115234375 0.9696969328125 0.8193359375 0.9696969328125 0.8212890625 0.9727272390625 0.8271484375 0.9727272390625 0.8291015625 0.9757575453125 0.8505859375 0.9757575453125 0.8525390625 0.9727272390625 0.8544921875 0.9727272390625 0.8564453125 0.9696969328125 0.8583984375 0.9696969328125 0.8603515625 0.9727272390625 0.8623046875 0.9727272390625 0.8642578125 0.9757575453125 0.8662109375 0.9757575453125 0.8681640625 0.9787878531249999 0.8759765625 0.9787878531249999 0.8779296875 0.9757575453125 0.8818359375 0.9757575453125 0.8837890625 0.9727272390625 0.8857421875 0.9727272390625 0.8876953125 0.9696969328125 0.8896484375 0.9696969328125 0.8916015625 0.966666625 0.8994140625 0.966666625 0.9052734375 0.9757575453125 0.9208984375 0.9757575453125 0.9228515625 0.9727272390625 0.9287109375 0.9727272390625 0.9306640625 0.9696969328125 0.9326171875 0.9696969328125 0.9345703125 0.966666625 0.9423828125 0.966666625 0.9443359375 0.9696969328125 0.9462890625 0.9696969328125 0.9482421875 0.9727272390625 0.9521484375 0.9727272390625 0.953125 0.9712120859375 0.953125 0.9681817781250001 0.95703125 0.962121165625 0.95703125 0.9530302453124999 0.955078125 0.9499999390625 0.955078125 0.94696963125 0.953125 0.943939325 0.955078125 0.94090901875 0.955078125 0.9348484046875001 0.958984375 0.9287877906249999 0.958984375 0.9227271765625 0.9609375 0.9196968703125 0.9609375 0.9045453359375 0.958984375 0.9015150296875 0.958984375 0.8954544156249999 0.95703125 0.892424109375 0.95703125 0.8803028828125001 0.9609375 0.87424226875 0.9609375 0.8621210421875001 0.958984375 0.859090734375 0.958984375 0.83484828125 0.95703125 0.8318179734375001 0.95703125 0.8227270531249999 0.955078125 0.8196967468749999 0.955078125 0.8045452140625 0.95703125 0.8015149062500001 0.95703125 0.7984846 0.958984375 0.79545429375 0.95703125 0.7924239859375 0.95703125 0.780302759375 0.958984375 0.7772724515625 0.958984375 0.7742421453125 0.955078125 0.76818153125 0.955078125 0.7530299984375 0.95703125 0.7499996906249999 0.95703125 0.746969384375 0.958984375 0.743939078125 0.958984375 0.7348481578125 0.9609375 0.7318178515625 0.9609375 0.7227269296875 0.962890625 0.7196966234375 0.962890625 0.7106057031249999 0.9609375 0.707575396875 0.9609375 0.6984844765625 0.9599609375 0.6969693234375 0.9580078125 0.6969693234375 0.95703125 0.69545416875 0.95703125 0.6924238625 0.955078125 0.68939355625 0.955078125 0.6863632484375 0.958984375 0.6803026359375 0.958984375 0.677272328125 0.9609375 0.674242021875 0.9609375 0.6439389546875 0.9599609375 0.6424238015625 0.9580078125 0.6424238015625 0.955078125 0.637878340625 0.955078125 0.6257571140625 0.95703125 0.62272680625 0.95703125 0.61666619375 0.958984375 0.6136358859375 0.958984375 0.5893934328125 0.955078125 0.58333281875 0.955078125 0.5651509781249999 0.95703125 0.562120671875 0.95703125 0.54393883125 0.955078125 0.5409085234375001 0.955078125 0.5348479109375 0.953125 0.531817603125 0.953125 0.5166660703125 0.9541015625 0.5151509171875001 0.9560546875 0.5151509171875001 0.95703125 0.5136357625 0.95703125 0.51060545625 0.958984375 0.50757515 0.958984375 0.49242361562500003 0.9609375 0.48939330937500003 0.9609375 0.4833326953125 0.958984375 0.4803023890625 0.958984375 0.47121146875 0.95703125 0.4681811609375 0.95703125 0.4651508546875 0.955078125 0.46212054843750006 0.955078125 0.459090240625 0.953125 0.456059934375 0.953125 0.449999321875 0.955078125 0.44696901406249995 0.955078125 0.4439387078125 0.95703125 0.4409084 0.95703125 0.43181747968749995 0.958984375 0.4287871734375 0.958984375 0.4257568671875 0.95703125 0.42272655937500003 0.95703125 0.419696253125 0.958984375 0.41666594687499997 0.955078125 0.4106053328125 0.955078125 0.40757502656250005 0.953125 0.40454471875 0.953125 0.3893931859375 0.955078125 0.38636287812500003 0.955078125 0.3348476640625 0.951171875 0.32878704999999997 0.951171875 0.3166658234375 0.955078125 0.31060520937499997 0.955078125 0.2833324484375 0.953125 0.2803021421875 0.953125 0.2651506078125 0.95703125 0.25908999375 0.95703125 0.2499990734375 0.958984375 0.2469687671875 0.958984375 0.23787784687500002 0.95703125 0.234847540625 0.95703125 0.2227263125 0.955078125 0.21969600625000002 0.955078125 0.2136353921875 0.951171875 0.2075747796875 0.951171875 0.198483859375 0.955078125 0.1924232453125 0.955078125 0.162120178125 0.953125 0.1590898703125 0.953125 0.1530292578125 0.951171875 0.14999895000000002 0.951171875 0.1409080296875 0.953125 0.1378777234375 0.953125 0.13484741718749998 0.955078125 0.131817109375 0.955078125 0.1015140421875 0.953125 0.09848373593750001 0.953125 0.092423121875 0.951171875 0.089392815625 0.951171875 0.0863625078125 0.94921875 0.0833322015625 0.94921875 0.08030189531250001 0.947265625 0.0772715875 0.947265625 0.07424128125 0.9453125 0.071210975 0.9453125 0.0681806671875 0.9345703125 0.0515139796875 0.9306640625 0.0515139796875 0.9287109375 0.0484836734375 0.9267578125 0.0484836734375 0.9248046875 0.045453367187499996 0.9033203125 0.045453367187499996 0.9013671875 0.0484836734375 0.8955078125 0.0484836734375 0.8935546875 0.045453367187499996 0.8916015625 0.045453367187499996 0.8896484375 0.042423059375 0.8603515625 0.042423059375 0.8583984375 0.045453367187499996 0.8232421875 0.045453367187499996 0.8212890625 0.0484836734375 0.8173828125 0.0484836734375 0.8154296875 0.045453367187499996 0.7978515625 0.045453367187499996 0.7958984375 0.0484836734375 0.7822265625 0.0484836734375 0.7802734375 0.0515139796875 0.7705078125 0.0515139796875 0.7685546875 0.0484836734375 0.7646484375 0.0484836734375 0.7626953125 0.045453367187499996 0.7412109375 0.045453367187499996 0.7392578125 0.0484836734375 0.7333984375 0.0484836734375 0.7294921875 0.042423059375 0.6962890625 0.042423059375 0.6943359375 0.039392753125 0.6923828125 0.039392753125 0.6904296875 0.036362446874999996 0.6689453125 0.036362446874999996 0.6669921875 0.039392753125 0.6572265625 0.039392753125 0.6552734375 0.036362446874999996 0.6533203125 0.036362446874999996 0.6513671875 0.033332140625 0.6318359375 0.033332140625 0.630859375 0.03484729375 0.6298828125 0.036362446874999996 0.6259765625 0.036362446874999996 0.6240234375 0.039392753125 0.6220703125 0.039392753125 0.6201171875 0.042423059375 0.6123046875 0.042423059375
