2 0.24765625 0.95703125 0.0234375 0.0171875
2 0.1921875 0.96015625 0.01875 0.0140625
2 0.31796875 0.96015625 0.0265625 0.009375
2 0.37421875 0.95859375 0.021875 0.0140625
2 0.4296875 0.95859375 0.025 0.009375
2 0.68359375 0.953125 0.021875 0.0125
2 0.60703125 0.953125 0.0234375 0.0125
2 0.55 0.9546875 0.025 0.0140625
2 0.48125 0.95703125 0.0234375 0.0140625
2 0.73515625 0.95703125 0.0234375 0.0140625
2 0.80234375 0.95390625 0.025 0.0125
2 0.925 0.95078125 0.01875 0.009375
2 0.965625 0.8171875 0.021875 0.015625
2 0.96953125 0.696875 0.01875 0.0125
2 0.96875 0.61484375 0.015625 0.015625
2 0.96953125 0.4984375 0.021875 0.015625
2 0.96328125 0.45546875 0.0203125 0.0140625
2 0.96640625 0.40546875 0.0171875 0.0125
2 0.96171875 0.3734375 0.021875 0.0125
2 0.96328125 0.32421875 0.01875 0.015625
2 0.96328125 0.29296875 0.0140625 0.0171875
2 0.9609375 0.2421875 0.015625 0.0125
2 0.959375 0.190625 0.021875 0.0125
2 0.9578125 0.15703125 0.015625 0.015625
2 0.95546875 0.1125 0.0171875 0.0140625
2 0.95546875 0.0765625 0.015625 0.0125
2 0.034375 0.8578125 0.01875 0.015625
2 0.0328125 0.81484375 0.021875 0.0171875
2 0.02578125 0.759375 0.01875 0.0125
2 0.0265625 0.71796875 0.0140625 0.0171875
2 0.028125 0.6734375 0.0171875 0.0125
2 0.0296875 0.6359375 0.0234375 0.0171875
2 0.0296875 0.5921875 0.0203125 0.015625
2 0.02734375 0.5484375 0.01875 0.0140625
2 0.028125 0.50859375 0.0171875 0.0171875
2 0.0296875 0.4625 0.01875 0.015625
2 0.0265625 0.33125 0.01875 0.015625
2 0.025 0.28671875 0.01875 0.01875
2 0.02734375 0.24765625 0.0171875 0.0171875
2 0.0265625 0.20390625 0.01875 0.01875
2 0.0265625 0.1640625 0.0171875 0.0125
2 0.02890625 0.1171875 0.015625 0.015625
2 0.0234375 0.08203125 0.0171875 0.015625
0 0.957576940625 0.8935546875 0.960607246875 0.8916015625 0.960607246875 0.8896484375 0.963637553125 0.8876953125 0.963637553125 0.8740234375 0.966667859375 0.8720703125 0.966667859375 0.8564453125 0.963637553125 0.8544921875 0.963637553125 0.8525390625 0.960607246875 0.8505859375 0.960607246875 0.8486328125 0.966667859375 0.8447265625 0.966667859375 0.8232421875 0.960607246875 0.8193359375 0.960607246875 0.8115234375 0.963637553125 0.8095703125 0.963637553125 0.7880859375 0.960607246875 0.7861328125 0.960607246875 0.7802734375 0.9515163265625001 0.7744140625 0.9515163265625001 0.7509765625 0.9545466328125001 0.7490234375 0.9545466328125001 0.7353515625 0.957576940625 0.7333984375 0.957576940625 0.7314453125 0.9696981671874999 0.7236328125 0.9696981671874999 0.7041015625 0.966667859375 0.7021484375 0.966667859375 0.7001953125 0.963637553125 0.6982421875 0.963637553125 0.6962890625 0.966667859375 0.6943359375 0.966667859375 0.6923828125 0.9696981671874999 0.6904296875 0.9696981671874999 0.6630859375 0.966667859375 0.6611328125 0.966667859375 0.6474609375 0.9696981671874999 0.6455078125 0.9696981671874999 0.6220703125 0.963637553125 0.6181640625 0.963637553125 0.6103515625 0.966667859375 0.6083984375 0.966667859375 0.6064453125 0.9696981671874999 0.6044921875 0.9696981671874999 0.5869140625 0.960607246875 0.5810546875 0.960607246875 0.5751953125 0.963637553125 0.5732421875 0.963637553125 0.5380859375 0.960607246875 0.5361328125 0.960607246875 0.5302734375 0.966667859375 0.5263671875 0.966667859375 0.5244140625 0.9696981671874999 0.5224609375 0.9696981671874999 0.5087890625 0.966667859375 0.5068359375 0.966667859375 0.5048828125 0.960607246875 0.5029296875 0.960607246875 0.4951171875 0.966667859375 0.4912109375 0.966667859375 0.4833984375 0.963637553125 0.4814453125 0.963637553125 0.4638671875 0.960607246875 0.4619140625 0.960607246875 0.4599609375 0.957576940625 0.4580078125 0.957576940625 0.4541015625 0.9696981671874999 0.4462890625 0.9696981671874999 0.4150390625 0.960607246875 0.4091796875 0.960607246875 0.4013671875 0.963637553125 0.3994140625 0.963637553125 0.3857421875 0.960607246875 0.3837890625 0.960607246875 0.3818359375 0.957576940625 0.3798828125 0.957576940625 0.3720703125 0.966667859375 0.3662109375 0.966667859375 0.3466796875 0.9696981671874999 0.3447265625 0.9696981671874999 0.3388671875 0.966667859375 0.3369140625 0.966667859375 0.3330078125 0.960607246875 0.3291015625 0.960607246875 0.3271484375 0.957576940625 0.3251953125 0.957576940625 0.3232421875 0.960607246875 0.3212890625 0.960607246875 0.3193359375 0.963637553125 0.3173828125 0.963637553125 0.3017578125 0.960607246875 0.2998046875 0.960607246875 0.2861328125 0.966667859375 0.2822265625 0.966667859375 0.2724609375 0.963637553125 0.2705078125 0.963637553125 0.2509765625 0.960607246875 0.2490234375 0.960607246875 0.2470703125 0.957576940625 0.2451171875 0.957576940625 0.2392578125 0.960607246875 0.2373046875 0.960607246875 0.1982421875 0.957576940625 0.1962890625 0.957576940625 0.1943359375 0.9545466328125001 0.1923828125 0.9545466328125001 0.1865234375 0.957576940625 0.1845703125 0.957576940625 0.1611328125 0.9545466328125001 0.1591796875 0.9545466328125001 0.1533203125 0.960607246875 0.1494140625 0.960607246875 0.1201171875 0.9515163265625001 0.1142578125 0.9515163265625001 0.1083984375 0.9545466328125001 0.1064453125 0.9545466328125001 0.1044921875 0.957576940625 0.1025390625 0.957576940625 0.0888671875 0.9545466328125001 0.0869140625 0.9545466328125001 0.0810546875 0.9515163265625001 0.0791015625 0.9515163265625001 0.0712890625 0.957576940625 0.0673828125 0.957576940625 0.0478515625 0.9545466328125001 0.0458984375 0.9545466328125001 0.0419921875 0.9515163265625001 0.0400390625 0.9515163265625001 0.0380859375 0.9500011734375 0.037109375 0.9469708656250001 0.037109375 0.9439405593749999 0.03515625 0.9227284125 0.03515625 0.9196981046875001 0.037109375 0.9166677984374999 0.037109375 0.9136374921874999 0.03515625 0.904546571875 0.03515625 0.9015162640625001 0.037109375 0.874243503125 0.037109375 0.8712131968750001 0.0390625 0.85303135625 0.0390625 0.85000105 0.041015625 0.8469707421875 0.041015625 0.8439404359375 0.0390625 0.8227282890625001 0.0390625 0.81969798125 0.037109375 0.8106070609374999 0.037109375 0.8075767546874999 0.03515625 0.7893949140625 0.03515625 0.7863646078125 0.033203125 0.692425096875 0.033203125 0.689394790625 0.03125 0.653031109375 0.03125 0.650000803125 0.029296875 0.5924249734375 0.029296875 0.5893946671875 0.03125 0.5712128265625 0.03125 0.5681825203125 0.029296875 0.52878853125 0.029296875 0.5257582249999999 0.02734375 0.52272791875 0.029296875 0.46212178281250005 0.029296875 0.45909147656249993 0.02734375 0.45606116874999997 0.02734375 0.4530308625 0.029296875 0.45000055625 0.029296875 0.44697024843750005 0.02734375 0.4287884078125 0.02734375 0.4257581015625 0.029296875 0.36212165937499996 0.029296875 0.359091353125 0.03125 0.325757978125 0.03125 0.322727671875 0.029296875 0.31666705781250004 0.029296875 0.3136367515625 0.02734375 0.2984852171875 0.02734375 0.2954549109375 0.025390625 0.286363990625 0.025390625 0.28333368281250004 0.02734375 0.2621215359375 0.02734375 0.259091228125 0.029296875 0.22272754843749998 0.029296875 0.219697240625 0.03125 0.216666934375 0.029296875 0.213636628125 0.03125 0.180303253125 0.03125 0.177272946875 0.029296875 0.12272742343750001 0.029296875 0.11969711718750001 0.02734375 0.0984849703125 0.02734375 0.0954546640625 0.029296875 0.0833334359375 0.029296875 0.0803031296875 0.03125 0.062121289062499994 0.03125 0.059090981249999994 0.029296875 0.040909140625 0.029296875 0.03636368125 0.0322265625 0.03636368125 0.0341796875 0.0242424546875 0.0419921875 0.0242424546875 0.0478515625 0.021212146874999997 0.0498046875 0.021212146874999997 0.0517578125 0.0242424546875 0.0537109375 0.0242424546875 0.0615234375 0.021212146874999997 0.0634765625 0.021212146874999997 0.0693359375 0.0242424546875 0.0712890625 0.0242424546875 0.0751953125 0.033333375 0.0810546875 0.030303067187499998 0.0830078125 0.030303067187499998 0.0849609375 0.0272727609375 0.0869140625 0.0272727609375 0.0888671875 0.0242424546875 0.0908203125 0.0242424546875 0.1005859375 0.0272727609375 0.1025390625 0.0272727609375 0.1064453125 0.033333375 0.1103515625 0.033333375 0.1123046875 0.03636368125 0.1142578125 0.03636368125 0.1201171875 0.030303067187499998 0.1240234375 0.030303067187499998 0.1318359375 0.033333375 0.1337890625 0.033333375 0.1708984375 0.031818221875000004 0.171875 0.028787914062499996 0.171875 0.0272727609375 0.1728515625 0.0272727609375 0.1748046875 0.0242424546875 0.1767578125 0.0272727609375 0.1787109375 0.0272727609375 0.1884765625 0.030303067187499998 0.1904296875 0.030303067187499998 0.1923828125 0.033333375 0.1943359375 0.033333375 0.2021484375 0.03636368125 0.2041015625 0.0242424546875 0.2119140625 0.0242424546875 0.2138671875 0.021212146874999997 0.2158203125 0.021212146874999997 0.2353515625 0.0242424546875 0.2373046875 0.0242424546875 0.2392578125 0.028787914062499996 0.2421875 0.031818221875000004 0.2421875 0.03636368125 0.2451171875 0.03636368125 0.2529296875 0.030303067187499998 0.2568359375 0.030303067187499998 0.2783203125 0.033333375 0.2802734375 0.033333375 0.2822265625 0.03636368125 0.2841796875 0.03636368125 0.2880859375 0.0242424546875 0.2958984375 0.0242424546875 0.3115234375 0.0272727609375 0.3134765625 0.0272727609375 0.3212890625 0.033333375 0.3251953125 0.033333375 0.3271484375 0.03636368125 0.3291015625 0.03636368125 0.3349609375 0.030303067187499998 0.3388671875 0.030303067187499998 0.3427734375 0.0272727609375 0.3447265625 0.0272727609375 0.3525390625 0.030303067187499998 0.3544921875 0.030303067187499998 0.3564453125 0.033333375 0.3583984375 0.033333375 0.3603515625 0.030303067187499998 0.3623046875 0.030303067187499998 0.3662109375 0.0242424546875 0.3681640625 0.0242424546875 0.3974609375 0.0272727609375 0.3994140625 0.0272727609375 0.4033203125 0.030303067187499998 0.4052734375 0.030303067187499998 0.4072265625 0.03636368125 0.4091796875 0.03636368125 0.4150390625 0.0393939875 0.4169921875 0.0393939875 0.4248046875 0.03636368125 0.4267578125 0.03636368125 0.4365234375 0.033333375 0.4384765625 0.033333375 0.4560546875 0.03636368125 0.4580078125 0.03636368125 0.4658203125 0.033333375 0.4677734375 0.033333375 0.4755859375 0.030303067187499998 0.4775390625 0.030303067187499998 0.4794921875 0.033333375 0.4814453125 0.033333375 0.4853515625 0.030303067187499998 0.4873046875 0.030303067187499998 0.4892578125 0.033333375 0.4912109375 0.030303067187499998 0.4931640625 0.033333375 0.4951171875 0.033333375 0.5009765625 0.03636368125 0.5029296875 0.03636368125 0.5107421875 0.0272727609375 0.5166015625 0.0272727609375 0.5205078125 0.030303067187499998 0.5224609375 0.030303067187499998 0.5322265625 0.033333375 0.5341796875 0.033333375 0.5439453125 0.03636368125 0.5458984375 0.03636368125 0.5498046875 0.0272727609375 0.5556640625 0.0272727609375 0.5615234375 0.0242424546875 0.5634765625 0.0242424546875 0.5654296875 0.0272727609375 0.5673828125 0.0272727609375 0.5791015625 0.030303067187499998 0.5810546875 0.030303067187499998 0.5830078125 0.03636368125 0.5869140625 0.03636368125 0.5888671875 0.0393939875 0.5908203125 0.0393939875 0.5947265625 0.033333375 0.5986328125 0.033333375 0.6025390625 0.030303067187499998 0.6044921875 0.033333375 0.6064453125 0.033333375 0.6259765625 0.03636368125 0.6279296875 0.03636368125 0.6298828125 0.0393939875 0.6318359375 0.0393939875 0.6376953125 0.034848528125 0.640625 0.031818221875000004 0.640625 0.0242424546875 0.6455078125 0.0242424546875 0.6572265625 0.0272727609375 0.6591796875 0.0272727609375 0.6669921875 0.028787914062499996 0.66796875 0.031818221875000004 0.66796875 0.03636368125 0.6708984375 0.03636368125 0.6787109375 0.033333375 0.6806640625 0.033333375 0.6826171875 0.030303067187499998 0.6845703125 0.030303067187499998 0.7099609375 0.033333375 0.7119140625 0.033333375 0.7138671875 0.03636368125 0.7158203125 0.03636368125 0.7177734375 0.033333375 0.7197265625 0.033333375 0.7216796875 0.031818221875000004 0.72265625 0.028787914062499996 0.72265625 0.0242424546875 0.7255859375 0.0242424546875 0.7490234375 0.03636368125 0.7568359375 0.03636368125 0.7626953125 0.034848528125 0.763671875 0.031818221875000004 0.763671875 0.0242424546875 0.7685546875 0.0242424546875 0.8017578125 0.028787914062499996 0.8046875 0.031818221875000004 0.8046875 0.0393939875 0.8095703125 0.0393939875 0.8115234375 0.0424242953125 0.8134765625 0.0424242953125 0.8173828125 0.03636368125 0.8212890625 0.03636368125 0.8271484375 0.033333375 0.8291015625 0.033333375 0.8505859375 0.034848528125 0.8515625 0.037878834374999996 0.8515625 0.0424242953125 0.8544921875 0.0424242953125 0.8623046875 0.03636368125 0.8662109375 0.03636368125 0.8798828125 0.0393939875 0.8818359375 0.0393939875 0.8876953125 0.0454546015625 0.8916015625 0.0454546015625 0.9345703125 0.0484849078125 0.9365234375 0.0484849078125 0.9423828125 0.051515215625 0.9443359375 0.051515215625 0.9462890625 0.054545521875 0.9482421875 0.054545521875 0.9501953125 0.059090981249999994 0.953125 0.06818190156250001 0.953125 0.071212209375 0.955078125 0.074242515625 0.955078125 0.0772728234375 0.95703125 0.0803031296875 0.95703125 0.0833334359375 0.958984375 0.10757589062499999 0.958984375 0.11060619687499999 0.95703125 0.12272742343750001 0.95703125 0.13181834375 0.962890625 0.1348486515625 0.962890625 0.13787895781249998 0.96484375 0.1621214125 0.96484375 0.16515171875 0.962890625 0.177272946875 0.962890625 0.1893941734375 0.955078125 0.19848509375 0.955078125 0.20454570625000001 0.958984375 0.20757601406249998 0.958984375 0.2106063203125 0.9609375 0.23181846875 0.9609375 0.24090938906249998 0.955078125 0.250000309375 0.955078125 0.25454576875 0.9580078125 0.25454576875 0.9599609375 0.2621215359375 0.96484375 0.286363990625 0.96484375 0.28939429687499996 0.962890625 0.2984852171875 0.962890625 0.3015155234375 0.9609375 0.30454583125 0.9609375 0.3136367515625 0.955078125 0.3196973640625 0.955078125 0.32878828437499996 0.9609375 0.34393981875 0.9609375 0.346970125 0.962890625 0.35000043281250004 0.9609375 0.359091353125 0.9609375 0.3681822734375 0.955078125 0.3803035 0.955078125 0.3893944203125 0.9609375 0.4106065671875 0.9609375 0.4136368734375 0.958984375 0.41666718124999996 0.958984375 0.42272779531250004 0.955078125 0.434849021875 0.955078125 0.437879328125 0.95703125 0.4439399421875 0.95703125 0.44697024843750005 0.958984375 0.4530308625 0.958984375 0.45606116874999997 0.95703125 0.4651520890625 0.95703125 0.46818239687499996 0.955078125 0.47121270312499997 0.955078125 0.474243009375 0.953125 0.48939454375 0.953125 0.5015157703125 0.9609375 0.504546078125 0.958984375 0.507576384375 0.9609375 0.5348491453124999 0.9609375 0.546970371875 0.953125 0.5590916 0.953125 0.56212190625 0.955078125 0.5651522124999999 0.955078125 0.5681825203125 0.95703125 0.577273440625 0.95703125 0.5803037468750001 0.955078125 0.5924249734375 0.955078125 0.59545528125 0.953125 0.5984855875 0.953125 0.60151589375 0.951171875 0.613637121875 0.951171875 0.6196977343750001 0.955078125 0.6318189624999999 0.955078125 0.63484926875 0.95703125 0.6590917234375 0.95703125 0.6621220296875 0.955078125 0.66818264375 0.955078125 0.67424325625 0.951171875 0.6772735640625 0.951171875 0.6803038703125 0.94921875 0.6863644843750001 0.94921875 0.6954554046875 0.955078125 0.6984857109375 0.955078125 0.7015160171875 0.95703125 0.722728165625 0.95703125 0.728788778125 0.953125 0.7318190859375 0.953125 0.7348493921875 0.951171875 0.7378796984375 0.951171875 0.74091000625 0.953125 0.7439403125 0.953125 0.7530312328125001 0.958984375 0.765152459375 0.958984375 0.7681827671875 0.95703125 0.7833343 0.95703125 0.7863646078125 0.955078125 0.7924252203125 0.955078125 0.801516140625 0.94921875 0.8045464484375 0.94921875 0.8075767546874999 0.951171875 0.8106070609374999 0.951171875 0.8121222156250001 0.9521484375 0.8121222156250001 0.9541015625 0.816667675 0.95703125 0.834849515625 0.95703125 0.8378798218749999 0.955078125 0.8409101296875001 0.955078125 0.8439404359375 0.953125 0.8469707421875 0.953125 0.85000105 0.951171875 0.85303135625 0.951171875 0.8560616624999999 0.94921875 0.8651525828125 0.94921875 0.8681828906250001 0.951171875 0.8712131968750001 0.951171875 0.874243503125 0.953125 0.9136374921874999 0.953125 0.9227284125 0.947265625 0.928789025 0.947265625 0.9378799453125 0.953125 0.9651527062499999 0.953125 0.9681830140625 0.951171875 0.9712133203125 0.951171875 0.9727284734375001 0.9501953125 0.9727284734375001 0.9482421875 0.9757587796875 0.9462890625 0.9757587796875 0.9404296875 0.9742436265625001 0.939453125 0.9681830140625 0.935546875 0.9621223999999999 0.935546875 0.957576940625 0.9326171875 0.957576940625 0.9267578125 0.9545466328125001 0.9248046875 0.9545466328125001 0.9091796875 0.957576940625 0.9072265625 0.957576940625 0.8935546875
