0 0.7998046875 0.849609375 0.8017578125 0.8466796875 0.8310546875 0.8466796875 0.8330078125 0.849609375 0.8466796875 0.849609375 0.8486328125 0.8525390625 0.8525390625 0.8525390625 0.8544921875 0.849609375 0.8564453125 0.849609375 0.86328125 0.83935546875 0.86328125 0.81591796875 0.865234375 0.81298828125 0.865234375 0.80712890625 0.86328125 0.80419921875 0.865234375 0.80126953125 0.865234375 0.78076171875 0.8671875 0.77783203125 0.8671875 0.77490234375 0.865234375 0.77197265625 0.865234375 0.75146484375 0.86328125 0.74853515625 0.865234375 0.74560546875 0.865234375 0.73681640625 0.8671875 0.73388671875 0.8671875 0.69580078125 0.869140625 0.69287109375 0.869140625 0.65771484375 0.865234375 0.65185546875 0.865234375 0.64892578125 0.8671875 0.64599609375 0.8671875 0.64306640625 0.87109375 0.63720703125 0.87109375 0.62841796875 0.873046875 0.62548828125 0.873046875 0.55224609375 0.87109375 0.54931640625 0.87109375 0.54345703125 0.873046875 0.54052734375 0.873046875 0.53759765625 0.875 0.53466796875 0.875 0.48486328125 0.873046875 0.48193359375 0.873046875 0.47021484375 0.875 0.46728515625 0.875 0.39111328125 0.873046875 0.38818359375 0.873046875 0.38525390625 0.87109375 0.38232421875 0.87109375 0.37353515625 0.873046875 0.37060546875 0.873046875 0.36767578125 0.875 0.36474609375 0.875 0.30908203125 0.876953125 0.30615234375 0.876953125 0.24755859375 0.87890625 0.24462890625 0.87890625 0.21826171875 0.876953125 0.21533203125 0.876953125 0.20947265625 0.87890625 0.20654296875 0.87890625 0.20361328125 0.880859375 0.20068359375 0.880859375 0.18603515625 0.87890625 0.18310546875 0.87890625 0.17431640625 0.880859375 0.17138671875 0.880859375 0.16259765625 0.87890625 0.15966796875 0.87890625 0.10693359375 0.876953125 0.10400390625 0.876953125 0.09814453125 0.875 0.09521484375 0.875 0.07763671875 0.8740234375 0.076171875 0.8720703125 0.076171875 0.8701171875 0.0732421875 0.8662109375 0.0732421875 0.8642578125 0.0703125 0.7880859375 0.0703125 0.7861328125 0.0673828125 0.7509765625 0.0673828125 0.7490234375 0.064453125 0.7138671875 0.064453125 0.7119140625 0.0615234375 0.6650390625 0.0615234375 0.6630859375 0.05859375 0.6025390625 0.05859375 0.6005859375 0.0556640625 0.5400390625 0.0556640625 0.5380859375 0.052734375 0.4794921875 0.052734375 0.4775390625 0.0498046875 0.4072265625 0.0498046875 0.4052734375 0.046875 0.4033203125 0.046875 0.4013671875 0.0498046875 0.3994140625 0.0498046875 0.3974609375 0.046875 0.2861328125 0.046875 0.2841796875 0.0439453125 0.2119140625 0.0439453125 0.2099609375 0.041015625 0.1591796875 0.041015625 0.1572265625 0.0380859375 0.1103515625 0.0380859375 0.109375 0.03955078125 0.109375 0.04248046875 0.1083984375 0.0439453125 0.1064453125 0.0439453125 0.1044921875 0.046875 0.1025390625 0.046875 0.1015625 0.04833984375 0.1015625 0.10400390625 0.099609375 0.10693359375 0.099609375 0.13330078125 0.1015625 0.13623046875 0.1015625 0.15673828125 0.103515625 0.15966796875 0.103515625 0.16259765625 0.1015625 0.16552734375 0.103515625 0.16845703125 0.103515625 0.17431640625 0.1015625 0.17724609375 0.1015625 0.27099609375 0.099609375 0.27392578125 0.099609375 0.30908203125 0.1015625 0.31201171875 0.1015625 0.33251953125 0.103515625 0.33544921875 0.103515625 0.35009765625 0.1015625 0.35302734375 0.1015625 0.36181640625 0.099609375 0.36474609375 0.099609375 0.36767578125 0.1015625 0.37060546875 0.1015625 0.37353515625 0.099609375 0.37646484375 0.099609375 0.39111328125 0.1015625 0.39404296875 0.1015625 0.40576171875 0.103515625 0.40869140625 0.103515625 0.63720703125 0.10546875 0.64013671875 0.10546875 0.69580078125 0.107421875 0.69873046875 0.10546875 0.70166015625 0.10546875 0.70751953125 0.107421875 0.71044921875 0.107421875 0.83056640625 0.1103515625 0.8349609375 0.1533203125 0.8349609375 0.1552734375 0.837890625 0.1708984375 0.837890625 0.1728515625 0.8408203125 0.1904296875 0.8408203125 0.1923828125 0.837890625 0.2021484375 0.837890625 0.2041015625 0.8408203125 0.2412109375 0.8408203125 0.2431640625 0.837890625 0.2490234375 0.837890625 0.2509765625 0.8408203125 0.2705078125 0.8408203125 0.2724609375 0.84375 0.2998046875 0.84375 0.3017578125 0.8408203125 0.3056640625 0.8408203125 0.3076171875 0.837890625 0.3115234375 0.837890625 0.3134765625 0.8408203125 0.3154296875 0.8408203125 0.3173828125 0.84375 0.3232421875 0.84375 0.3251953125 0.8466796875 0.3583984375 0.8466796875 0.3603515625 0.84375 0.3759765625 0.84375 0.3798828125 0.849609375 0.4306640625 0.849609375 0.4326171875 0.8466796875 0.4404296875 0.8466796875 0.4423828125 0.849609375 0.4462890625 0.849609375 0.4482421875 0.8525390625 0.4677734375 0.8525390625 0.4697265625 0.849609375 0.4755859375 0.849609375 0.4775390625 0.8466796875 0.4912109375 0.8466796875 0.4931640625 0.84375 0.4990234375 0.84375 0.5009765625 0.8466796875 0.5029296875 0.8466796875 0.5048828125 0.849609375 0.5419921875 0.849609375 0.5439453125 0.8525390625 0.5615234375 0.8525390625 0.5634765625 0.849609375 0.6142578125 0.849609375 0.6162109375 0.8466796875 0.6201171875 0.8466796875 0.6240234375 0.8525390625 0.6416015625 0.8525390625 0.6435546875 0.85546875 0.6708984375 0.85546875 0.6728515625 0.8525390625 0.6748046875 0.8525390625 0.6767578125 0.849609375 0.6787109375 0.849609375 0.6806640625 0.8466796875 0.6865234375 0.8466796875 0.6884765625 0.849609375 0.6904296875 0.849609375 0.6923828125 0.8525390625 0.7529296875 0.8525390625 0.7548828125 0.85546875 0.7783203125 0.85546875 0.779296875 0.85400390625 0.7802734375 0.8525390625 0.7919921875 0.8525390625 0.7939453125 0.849609375 0.7998046875 0.849609375
2 0.87890625 0.09296875 0.01640625 0.02109375
2 0.8734375 0.3765625 0.01171875 0.02265625
2 0.86796875 0.6453125 0.01484375 0.0203125
2 0.68359375 0.8515625 0.015625 0.01875
2 0.6171875 0.85234375 0.01796875 0.0171875
2 0.49609375 0.846875 0.01484375 0.0234375
2 0.37265625 0.846875 0.01484375 0.01875
2 0.309375 0.8421875 0.01484375 0.0234375
2 0.24609375 0.83984375 0.0140625 0.0171875
