0 0.8154296875 0.84375 0.8173828125 0.8408203125 0.8232421875 0.8408203125 0.8251953125 0.84375 0.8505859375 0.84375 0.8525390625 0.8466796875 0.8544921875 0.8466796875 0.8564453125 0.84375 0.8662109375 0.84375 0.8681640625 0.8408203125 0.8701171875 0.8408203125 0.87109375 0.83935546875 0.87109375 0.83642578125 0.873046875 0.83349609375 0.873046875 0.80419921875 0.87109375 0.80126953125 0.87109375 0.78955078125 0.873046875 0.78662109375 0.873046875 0.75146484375 0.87109375 0.74853515625 0.87109375 0.73388671875 0.873046875 0.73095703125 0.873046875 0.68701171875 0.875 0.68408203125 0.875 0.65771484375 0.873046875 0.65478515625 0.873046875 0.64599609375 0.87109375 0.64306640625 0.87109375 0.64013671875 0.873046875 0.63720703125 0.873046875 0.63427734375 0.875 0.63134765625 0.875 0.62255859375 0.876953125 0.61962890625 0.876953125 0.53466796875 0.87890625 0.53173828125 0.87890625 0.48193359375 0.876953125 0.47900390625 0.876953125 0.47607421875 0.875 0.47314453125 0.876953125 0.47021484375 0.876953125 0.46142578125 0.87890625 0.45849609375 0.87890625 0.44384765625 0.876953125 0.44091796875 0.876953125 0.38525390625 0.875 0.38232421875 0.875 0.37939453125 0.873046875 0.37646484375 0.873046875 0.37060546875 0.875 0.36767578125 0.875 0.36474609375 0.876953125 0.36181640625 0.876953125 0.34716796875 0.87890625 0.34423828125 0.87890625 0.31494140625 0.876953125 0.31201171875 0.876953125 0.30029296875 0.87890625 0.29736328125 0.87890625 0.29443359375 0.880859375 0.29150390625 0.880859375 0.25634765625 0.87890625 0.25341796875 0.87890625 0.09521484375 0.876953125 0.09228515625 0.876953125 0.08935546875 0.875 0.08642578125 0.875 0.06884765625 0.8720703125 0.064453125 0.8662109375 0.064453125 0.8642578125 0.0615234375 0.8115234375 0.0615234375 0.8095703125 0.05859375 0.8076171875 0.05859375 0.8056640625 0.0615234375 0.7900390625 0.0615234375 0.7880859375 0.05859375 0.7119140625 0.05859375 0.7099609375 0.0556640625 0.5947265625 0.0556640625 0.5927734375 0.052734375 0.4970703125 0.052734375 0.4951171875 0.0498046875 0.3681640625 0.0498046875 0.3662109375 0.046875 0.3642578125 0.046875 0.3623046875 0.0498046875 0.3603515625 0.0498046875 0.3583984375 0.046875 0.3564453125 0.046875 0.3544921875 0.0498046875 0.3525390625 0.0498046875 0.3505859375 0.046875 0.3486328125 0.046875 0.3466796875 0.0498046875 0.3037109375 0.0498046875 0.3017578125 0.046875 0.1103515625 0.046875 0.1083984375 0.0498046875 0.1064453125 0.0498046875 0.103515625 0.05419921875 0.103515625 0.05712890625 0.1015625 0.06005859375 0.1015625 0.14794921875 0.103515625 0.15087890625 0.103515625 0.18603515625 0.1015625 0.18896484375 0.1015625 0.19189453125 0.103515625 0.19482421875 0.103515625 0.29443359375 0.10546875 0.29736328125 0.103515625 0.30029296875 0.103515625 0.31201171875 0.10546875 0.31494140625 0.10546875 0.39697265625 0.107421875 0.39990234375 0.107421875 0.51708984375 0.109375 0.52001953125 0.109375 0.63427734375 0.111328125 0.63720703125 0.111328125 0.70751953125 0.11328125 0.71044921875 0.11328125 0.76904296875 0.115234375 0.77197265625 0.115234375 0.82470703125 0.1171875 0.82763671875 0.1171875 0.83642578125 0.1181640625 0.837890625 0.1240234375 0.837890625 0.1259765625 0.8408203125 0.1494140625 0.8408203125 0.1513671875 0.84375 0.1669921875 0.84375 0.1689453125 0.8408203125 0.1748046875 0.8408203125 0.1767578125 0.84375 0.2021484375 0.84375 0.2041015625 0.8408203125 0.2119140625 0.8408203125 0.2138671875 0.84375 0.2333984375 0.84375 0.2353515625 0.8466796875 0.2490234375 0.8466796875 0.2509765625 0.84375 0.2548828125 0.84375 0.2568359375 0.8408203125 0.2607421875 0.8408203125 0.2626953125 0.84375 0.2744140625 0.84375 0.2763671875 0.8466796875 0.2958984375 0.8466796875 0.2978515625 0.84375 0.3173828125 0.84375 0.3193359375 0.8408203125 0.3271484375 0.8408203125 0.3291015625 0.84375 0.3388671875 0.84375 0.3408203125 0.8466796875 0.3662109375 0.8466796875 0.3681640625 0.849609375 0.3740234375 0.849609375 0.3759765625 0.8466796875 0.3779296875 0.8466796875 0.3798828125 0.84375 0.3896484375 0.84375 0.3916015625 0.8466796875 0.4052734375 0.8466796875 0.4072265625 0.849609375 0.4384765625 0.849609375 0.4404296875 0.8466796875 0.4833984375 0.8466796875 0.4853515625 0.84375 0.5126953125 0.84375 0.5146484375 0.8466796875 0.5361328125 0.8466796875 0.5380859375 0.849609375 0.5556640625 0.849609375 0.5576171875 0.8466796875 0.5732421875 0.8466796875 0.5751953125 0.84375 0.6025390625 0.84375 0.6044921875 0.8408203125 0.6181640625 0.8408203125 0.6201171875 0.84375 0.6259765625 0.84375 0.6279296875 0.8408203125 0.6298828125 0.84375 0.6513671875 0.84375 0.6533203125 0.8466796875 0.6630859375 0.8466796875 0.6650390625 0.849609375 0.6728515625 0.849609375 0.6748046875 0.8466796875 0.6865234375 0.8466796875 0.6884765625 0.84375 0.7041015625 0.84375 0.7060546875 0.8466796875 0.7294921875 0.8466796875 0.7314453125 0.849609375 0.7392578125 0.849609375 0.7412109375 0.8466796875 0.7451171875 0.8466796875 0.7470703125 0.84375 0.7587890625 0.84375 0.7607421875 0.8466796875 0.7744140625 0.8466796875 0.7763671875 0.849609375 0.7998046875 0.849609375 0.80078125 0.84814453125 0.8017578125 0.8466796875 0.8115234375 0.8466796875 0.8134765625 0.84375 0.8154296875 0.84375
2 0.87890625 0.30546875 0.01015625 0.01875
2 0.87734375 0.3734375 0.01015625 0.02109375
2 0.8734375 0.7421875 0.0078125 0.02109375
2 0.8171875 0.846875 0.01015625 0.02109375
2 0.6921875 0.8453125 0.0140625 0.0140625
2 0.50703125 0.84453125 0.0125 0.01640625
2 0.38359375 0.8453125 0.0109375 0.01640625
2 0.25703125 0.84296875 0.0125 0.0140625
2 0.32109375 0.84453125 0.0125 0.01875
