0 0.51484375 0.5046875 0.94609375 0.95859375
2 0.05546875 0.0890625 0.01484375 0.02890625
2 0.05546875 0.175 0.0125 0.0265625
2 0.06484375 0.31171875 0.01796875 0.03203125
2 0.0625 0.60234375 0.0140625 0.02109375
2 0.0546875 0.7578125 0.0140625 0.02109375
2 0.078125 0.940625 0.01171875 0.02421875
2 0.10703125 0.940625 0.01328125 0.0203125
2 0.2828125 0.96171875 0.01484375 0.02734375
2 0.36953125 0.96171875 0.0140625 0.02109375
2 0.44609375 0.9625 0.01484375 0.0203125
2 0.771875 0.965625 0.015625 0.02734375
2 0.86015625 0.96875 0.01484375 0.02109375
2 0.9078125 0.978125 0.01484375 0.01796875
2 0.971875 0.83828125 0.0109375 0.0234375
2 0.9734375 0.771875 0.01328125 0.0265625
2 0.8109375 0.06875 0.01484375 0.02421875
