2 0.9296875 0.0359375 0.0171875 0.015625
2 0.87578125 0.034375 0.0234375 0.015625
2 0.80234375 0.0375 0.025 0.0125
2 0.7484375 0.0390625 0.0234375 0.0109375
2 0.67890625 0.0375 0.028125 0.009375
2 0.62109375 0.03828125 0.021875 0.0109375
2 0.565625 0.040625 0.0234375 0.0125
2 0.5140625 0.04140625 0.0265625 0.0125
2 0.44140625 0.04140625 0.0203125 0.015625
2 0.3109375 0.04765625 0.028125 0.0171875
2 0.1921875 0.04609375 0.01875 0.0125
2 0.13203125 0.04765625 0.021875 0.009375
2 0.0703125 0.05 0.025 0.009375
2 0.03046875 0.10625 0.01875 0.01875
2 0.03046875 0.1515625 0.015625 0.015625
2 0.03203125 0.18515625 0.01875 0.0140625
2 0.0375 0.23046875 0.021875 0.0125
2 0.0328125 0.26796875 0.015625 0.0109375
2 0.02890625 0.34453125 0.01875 0.0125
2 0.03046875 0.38671875 0.021875 0.0125
2 0.03359375 0.4234375 0.01875 0.015625
2 0.034375 0.46953125 0.015625 0.0125
2 0.03515625 0.503125 0.015625 0.015625
2 0.03828125 0.54765625 0.0171875 0.0125
2 0.03671875 0.59609375 0.015625 0.0140625
2 0.03828125 0.628125 0.0171875 0.0125
2 0.0390625 0.67734375 0.01875 0.015625
2 0.0421875 0.709375 0.0140625 0.015625
2 0.04375 0.759375 0.015625 0.009375
2 0.04609375 0.81171875 0.015625 0.0109375
2 0.053125 0.928125 0.015625 0.0140625
2 0.9609375 0.05703125 0.01875 0.015625
2 0.96171875 0.10078125 0.015625 0.0125
2 0.965625 0.1375 0.01875 0.0125
2 0.96875 0.1828125 0.0171875 0.015625
2 0.9734375 0.2390625 0.021875 0.0171875
2 0.9734375 0.36328125 0.01875 0.0171875
2 0.97421875 0.27890625 0.0203125 0.015625
2 0.9734375 0.40546875 0.015625 0.0109375
2 0.98046875 0.53203125 0.01875 0.015625
2 0.98125 0.58125 0.01875 0.01875
2 0.984375 0.63203125 0.0234375 0.015625
2 0.984375 0.66484375 0.01875 0.01875
2 0.9828125 0.7109375 0.021875 0.015625
2 0.9828125 0.74765625 0.021875 0.01875
2 0.98125 0.79296875 0.0203125 0.0171875
2 0.9859375 0.8328125 0.0203125 0.0125
2 0.98671875 0.87890625 0.021875 0.0125
2 0.98671875 0.9125 0.015625 0.009375
0 0.033332140625 0.4150390625 0.036362446874999996 0.4169921875 0.036362446874999996 0.4189453125 0.039392753125 0.4208984375 0.039392753125 0.4248046875 0.033332140625 0.4287109375 0.033332140625 0.4306640625 0.030301832812500002 0.4326171875 0.030301832812500002 0.4619140625 0.039392753125 0.4677734375 0.039392753125 0.4736328125 0.036362446874999996 0.4755859375 0.036362446874999996 0.4775390625 0.033332140625 0.4794921875 0.033332140625 0.4853515625 0.036362446874999996 0.4873046875 0.036362446874999996 0.4970703125 0.042423059375 0.5009765625 0.042423059375 0.5048828125 0.039392753125 0.5068359375 0.039392753125 0.5087890625 0.033332140625 0.5126953125 0.033332140625 0.5380859375 0.042423059375 0.5439453125 0.042423059375 0.5498046875 0.039392753125 0.5517578125 0.039392753125 0.5537109375 0.036362446874999996 0.5556640625 0.036362446874999996 0.5830078125 0.039392753125 0.5849609375 0.039392753125 0.5908203125 0.042423059375 0.5927734375 0.042423059375 0.6005859375 0.036362446874999996 0.6044921875 0.036362446874999996 0.6162109375 0.039392753125 0.6181640625 0.039392753125 0.6201171875 0.042423059375 0.6220703125 0.042423059375 0.6240234375 0.045453367187499996 0.6259765625 0.045453367187499996 0.6298828125 0.039392753125 0.6337890625 0.039392753125 0.6650390625 0.042423059375 0.6669921875 0.042423059375 0.6708984375 0.045453367187499996 0.6728515625 0.045453367187499996 0.6826171875 0.042423059375 0.6845703125 0.042423059375 0.7041015625 0.045453367187499996 0.7060546875 0.045453367187499996 0.7138671875 0.042423059375 0.7158203125 0.042423059375 0.7177734375 0.039392753125 0.7197265625 0.039392753125 0.7353515625 0.042423059375 0.7373046875 0.042423059375 0.7470703125 0.045453367187499996 0.7490234375 0.045453367187499996 0.7529296875 0.0484836734375 0.7548828125 0.0484836734375 0.7626953125 0.042423059375 0.7666015625 0.042423059375 0.7685546875 0.045453367187499996 0.7705078125 0.045453367187499996 0.7783203125 0.0484836734375 0.7802734375 0.0484836734375 0.8056640625 0.0515139796875 0.8076171875 0.0515139796875 0.8154296875 0.0484836734375 0.8173828125 0.0484836734375 0.8193359375 0.045453367187499996 0.8212890625 0.045453367187499996 0.8310546875 0.0484836734375 0.8330078125 0.0484836734375 0.8388671875 0.0515139796875 0.8408203125 0.0515139796875 0.8427734375 0.0545442875 0.8447265625 0.0545442875 0.8681640625 0.05757459375 0.8701171875 0.0545442875 0.8720703125 0.0545442875 0.8740234375 0.05757459375 0.8759765625 0.05757459375 0.8779296875 0.0545442875 0.8798828125 0.0545442875 0.8955078125 0.0515139796875 0.8974609375 0.0515139796875 0.9169921875 0.0545442875 0.9189453125 0.0545442875 0.9384765625 0.0515139796875 0.9404296875 0.0515139796875 0.9482421875 0.0545442875 0.9501953125 0.0545442875 0.9619140625 0.0621200546875 0.966796875 0.1106049625 0.966796875 0.11363526875 0.96484375 0.11969588281250002 0.96484375 0.12272618906249999 0.966796875 0.128786803125 0.966796875 0.131817109375 0.96484375 0.13484741718749998 0.966796875 0.1378777234375 0.96484375 0.1560595640625 0.96484375 0.1590898703125 0.966796875 0.168180790625 0.966796875 0.1712110984375 0.96484375 0.18030201875000001 0.96484375 0.18333232500000002 0.962890625 0.18636263125000002 0.96484375 0.1924232453125 0.96484375 0.1954535515625 0.966796875 0.2106050859375 0.966796875 0.2136353921875 0.96875 0.2439384609375 0.96875 0.2469687671875 0.966796875 0.25302938125 0.966796875 0.25605968749999997 0.96875 0.25908999375 0.96875 0.2621203015625 0.966796875 0.31060520937499997 0.966796875 0.3166658234375 0.970703125 0.3196961296875 0.970703125 0.3227264359375 0.97265625 0.32575674375 0.97265625 0.32878704999999997 0.970703125 0.40757502656250005 0.970703125 0.4106053328125 0.96875 0.43787809375000003 0.96875 0.4409084 0.970703125 0.456059934375 0.970703125 0.459090240625 0.96875 0.5712115921875001 0.96875 0.5742418984375 0.966796875 0.5893934328125 0.966796875 0.5924237390625 0.96484375 0.6075752734375001 0.96484375 0.6106055796875001 0.966796875 0.62272680625 0.966796875 0.6257571140625 0.96875 0.653029875 0.96875 0.65606018125 0.966796875 0.668181409375 0.966796875 0.6712117156249999 0.96875 0.765151225 0.96875 0.76818153125 0.970703125 0.7742421453125 0.970703125 0.7772724515625 0.96875 0.7984846 0.96875 0.8015149062500001 0.966796875 0.8287876671875001 0.966796875 0.8318179734375001 0.96875 0.8772725765624999 0.96875 0.8803028828125001 0.966796875 0.889393803125 0.966796875 0.892424109375 0.96875 0.8984847234375 0.96875 0.9015150296875 0.966796875 0.9318180984375 0.966796875 0.9348484046875001 0.96875 0.94696963125 0.96875 0.9499999390625 0.966796875 0.9681817781250001 0.966796875 0.9712120859375 0.96484375 0.9742423921875 0.96484375 0.9787878531249999 0.9619140625 0.9787878531249999 0.9599609375 0.9878787734375001 0.9541015625 0.9878787734375001 0.9462890625 0.9909090796875001 0.9443359375 0.9909090796875001 0.9248046875 0.9833333124999999 0.919921875 0.98030300625 0.919921875 0.9787878531249999 0.9189453125 0.9787878531249999 0.8857421875 0.9757575453125 0.8837890625 0.9757575453125 0.8779296875 0.9878787734375001 0.8701171875 0.9878787734375001 0.8681640625 0.9909090796875001 0.8662109375 0.9909090796875001 0.8525390625 0.9878787734375001 0.8505859375 0.9878787734375001 0.8427734375 0.984848465625 0.8408203125 0.984848465625 0.8388671875 0.9787878531249999 0.8349609375 0.9787878531249999 0.8291015625 0.9818181593749999 0.8271484375 0.9818181593749999 0.8251953125 0.984848465625 0.8232421875 0.984848465625 0.8134765625 0.9818181593749999 0.8115234375 0.9818181593749999 0.8056640625 0.9787878531249999 0.8037109375 0.9787878531249999 0.7998046875 0.9757575453125 0.7978515625 0.9757575453125 0.7900390625 0.9818181593749999 0.7861328125 0.9818181593749999 0.7841796875 0.984848465625 0.7822265625 0.9818181593749999 0.7802734375 0.9818181593749999 0.7783203125 0.984848465625 0.7763671875 0.984848465625 0.7646484375 0.9787878531249999 0.7626953125 0.9787878531249999 0.7548828125 0.9757575453125 0.7529296875 0.9757575453125 0.7509765625 0.9727272390625 0.7490234375 0.9757575453125 0.7470703125 0.9757575453125 0.7431640625 0.9818181593749999 0.7392578125 0.9818181593749999 0.7373046875 0.984848465625 0.7353515625 0.984848465625 0.7236328125 0.9818181593749999 0.7216796875 0.9818181593749999 0.7197265625 0.9787878531249999 0.7177734375 0.9787878531249999 0.7158203125 0.9757575453125 0.7138671875 0.9757575453125 0.7080078125 0.984848465625 0.7021484375 0.984848465625 0.6787109375 0.9818181593749999 0.6767578125 0.9818181593749999 0.6728515625 0.9757575453125 0.6689453125 0.9757575453125 0.6611328125 0.98030300625 0.658203125 0.9833333124999999 0.658203125 0.9878787734375001 0.6552734375 0.9878787734375001 0.6513671875 0.9909090796875001 0.6494140625 0.9909090796875001 0.6435546875 0.9833333124999999 0.638671875 0.98030300625 0.638671875 0.9787878531249999 0.6376953125 0.9787878531249999 0.6357421875 0.9757575453125 0.6337890625 0.9757575453125 0.6279296875 0.9772726984375 0.626953125 0.9833333124999999 0.626953125 0.9878787734375001 0.6240234375 0.9878787734375001 0.6025390625 0.984848465625 0.6005859375 0.984848465625 0.5927734375 0.9772726984375 0.587890625 0.9742423921875 0.587890625 0.9727272390625 0.5869140625 0.9727272390625 0.5791015625 0.9787878531249999 0.5751953125 0.9787878531249999 0.5732421875 0.9818181593749999 0.5712890625 0.9818181593749999 0.5498046875 0.9787878531249999 0.5478515625 0.9818181593749999 0.5458984375 0.9787878531249999 0.5439453125 0.9787878531249999 0.5419921875 0.9727272390625 0.5380859375 0.9727272390625 0.5361328125 0.9696969328125 0.5341796875 0.9696969328125 0.5322265625 0.9757575453125 0.5283203125 0.9757575453125 0.5263671875 0.9818181593749999 0.5224609375 0.9818181593749999 0.5205078125 0.9787878531249999 0.5185546875 0.9787878531249999 0.5068359375 0.9757575453125 0.5048828125 0.9757575453125 0.4990234375 0.9727272390625 0.4970703125 0.9727272390625 0.4951171875 0.9696969328125 0.4931640625 0.9696969328125 0.4853515625 0.9727272390625 0.4833984375 0.9727272390625 0.4814453125 0.9757575453125 0.4794921875 0.9757575453125 0.4775390625 0.9727272390625 0.4755859375 0.9727272390625 0.4599609375 0.9696969328125 0.4580078125 0.9696969328125 0.4521484375 0.966666625 0.4501953125 0.966666625 0.4482421875 0.9696969328125 0.4462890625 0.9696969328125 0.4443359375 0.9757575453125 0.4404296875 0.9757575453125 0.4189453125 0.9727272390625 0.4169921875 0.9727272390625 0.4130859375 0.966666625 0.4091796875 0.966666625 0.4052734375 0.9636363187500001 0.4033203125 0.966666625 0.4013671875 0.966666625 0.3994140625 0.9696969328125 0.3974609375 0.9696969328125 0.3759765625 0.9727272390625 0.3740234375 0.9696969328125 0.3720703125 0.9696969328125 0.3701171875 0.966666625 0.3681640625 0.966666625 0.3662109375 0.9636363187500001 0.3642578125 0.9636363187500001 0.3603515625 0.966666625 0.3583984375 0.966666625 0.3544921875 0.9696969328125 0.3525390625 0.9696969328125 0.3486328125 0.966666625 0.3466796875 0.966666625 0.3251953125 0.9636363187500001 0.3232421875 0.9636363187500001 0.3173828125 0.966666625 0.3154296875 0.966666625 0.2958984375 0.9696969328125 0.2939453125 0.9696969328125 0.2861328125 0.966666625 0.2841796875 0.966666625 0.2763671875 0.9696969328125 0.2744140625 0.9696969328125 0.2724609375 0.9727272390625 0.2705078125 0.9727272390625 0.2626953125 0.9757575453125 0.2607421875 0.9757575453125 0.2470703125 0.9712120859375 0.244140625 0.9681817781250001 0.244140625 0.9636363187500001 0.2412109375 0.9636363187500001 0.2353515625 0.9757575453125 0.2275390625 0.9757575453125 0.2216796875 0.9787878531249999 0.2197265625 0.9757575453125 0.2177734375 0.9757575453125 0.1982421875 0.9727272390625 0.1962890625 0.9727272390625 0.1943359375 0.9606060125000001 0.1865234375 0.9606060125000001 0.1767578125 0.9636363187500001 0.1748046875 0.9636363187500001 0.1728515625 0.966666625 0.1708984375 0.966666625 0.1689453125 0.9636363187500001 0.1669921875 0.9636363187500001 0.1455078125 0.9575757046875 0.1416015625 0.9575757046875 0.1337890625 0.9636363187500001 0.1318359375 0.9636363187500001 0.1162109375 0.9606060125000001 0.1142578125 0.9606060125000001 0.1083984375 0.9545453984375 0.1044921875 0.9545453984375 0.0947265625 0.9606060125000001 0.0908203125 0.9606060125000001 0.0888671875 0.9636363187500001 0.0869140625 0.9636363187500001 0.0791015625 0.9606060125000001 0.0771484375 0.9606060125000001 0.0712890625 0.9575757046875 0.0693359375 0.9575757046875 0.0654296875 0.9545453984375 0.0634765625 0.9545453984375 0.0380859375 0.9499999390625 0.03515625 0.94090901875 0.03515625 0.9348484046875001 0.0390625 0.9227271765625 0.0390625 0.9166665640625 0.03515625 0.9045453359375 0.03515625 0.9015150296875 0.033203125 0.8984847234375 0.033203125 0.8954544156249999 0.03515625 0.886363496875 0.03515625 0.8803028828125001 0.0390625 0.8712119625 0.0390625 0.8621210421875001 0.033203125 0.856060428125 0.033203125 0.8530301218749999 0.03125 0.8499998140624999 0.03125 0.8469695078124999 0.033203125 0.8287876671875001 0.033203125 0.8257573609375 0.03515625 0.813636134375 0.03515625 0.8121209796875 0.0361328125 0.8121209796875 0.0380859375 0.8075755203125 0.041015625 0.7924239859375 0.041015625 0.7893936796875 0.0390625 0.786363371875 0.0390625 0.783333065625 0.037109375 0.76212091875 0.037109375 0.7530299984375 0.04296875 0.740908771875 0.04296875 0.7348481578125 0.0390625 0.72878754375 0.0390625 0.7257572375 0.037109375 0.7136360093749999 0.037109375 0.7106057031249999 0.03515625 0.6984844765625 0.03515625 0.69545416875 0.037109375 0.68939355625 0.037109375 0.6833329421875 0.041015625 0.668181409375 0.041015625 0.6651511015625 0.037109375 0.6621207953125 0.037109375 0.6590904890625 0.03515625 0.65606018125 0.03515625 0.653029875 0.037109375 0.6318177265625 0.037109375 0.62272680625 0.04296875 0.6136358859375 0.04296875 0.6045449656249999 0.037109375 0.5893934328125 0.037109375 0.5863631265625 0.0390625 0.5803025125 0.0390625 0.5772722046875 0.041015625 0.5742418984375 0.041015625 0.5712115921875001 0.04296875 0.568181284375 0.04296875 0.5651509781249999 0.044921875 0.562120671875 0.04296875 0.5560600578125 0.04296875 0.5530297515625 0.041015625 0.5257569906249999 0.041015625 0.5196963765625 0.044921875 0.5045448421875001 0.044921875 0.49999938281249995 0.0419921875 0.49999938281249995 0.0380859375 0.49848422968749995 0.037109375 0.495453921875 0.037109375 0.49242361562500003 0.03515625 0.4833326953125 0.03515625 0.4803023890625 0.033203125 0.46212054843750006 0.033203125 0.459090240625 0.03515625 0.456059934375 0.03515625 0.45302962812500003 0.037109375 0.449999321875 0.037109375 0.44848416718750006 0.0380859375 0.44848416718750006 0.0439453125 0.44696901406249995 0.044921875 0.43181747968749995 0.044921875 0.4303023265625 0.0439453125 0.4303023265625 0.0419921875 0.4257568671875 0.0390625 0.42272655937500003 0.041015625 0.419696253125 0.041015625 0.41666594687499997 0.0390625 0.4136356390625 0.0390625 0.4106053328125 0.041015625 0.40757502656250005 0.041015625 0.40454471875 0.0390625 0.4015144125 0.041015625 0.39848410625 0.041015625 0.3939386453125 0.0439453125 0.3939386453125 0.0458984375 0.3924234921875 0.046875 0.3893931859375 0.046875 0.38636287812500003 0.048828125 0.380302265625 0.048828125 0.377271959375 0.046875 0.36515073125 0.046875 0.36212042499999997 0.044921875 0.3227264359375 0.044921875 0.3166658234375 0.048828125 0.313635515625 0.048828125 0.31060520937499997 0.05078125 0.307574903125 0.05078125 0.3045445953125 0.048828125 0.3015142890625 0.048828125 0.2984839828125 0.046875 0.2651506078125 0.046875 0.2621203015625 0.048828125 0.25605968749999997 0.048828125 0.25302938125 0.046875 0.2499990734375 0.046875 0.2439384609375 0.04296875 0.2106050859375 0.04296875 0.2075747796875 0.044921875 0.20454447187499997 0.044921875 0.1954535515625 0.05078125 0.18333232500000002 0.05078125 0.1772717109375 0.046875 0.1439383375 0.046875 0.1378777234375 0.05078125 0.12575649687499998 0.05078125 0.12272618906249999 0.048828125 0.11969588281250002 0.048828125 0.11666557656250001 0.046875 0.0863625078125 0.046875 0.0833322015625 0.048828125 0.0772715875 0.048828125 0.075756434375 0.0498046875 0.075756434375 0.0517578125 0.071210975 0.0546875 0.0651503609375 0.0546875 0.053029134374999995 0.046875 0.0378776 0.046875 0.033332140625 0.0498046875 0.033332140625 0.0517578125 0.030301832812500002 0.0537109375 0.030301832812500002 0.0634765625 0.033332140625 0.0654296875 0.033332140625 0.0673828125 0.036362446874999996 0.0693359375 0.036362446874999996 0.0732421875 0.033332140625 0.0751953125 0.033332140625 0.1005859375 0.036362446874999996 0.1025390625 0.036362446874999996 0.1083984375 0.033332140625 0.1103515625 0.033332140625 0.1142578125 0.030301832812500002 0.1162109375 0.030301832812500002 0.1259765625 0.0272715265625 0.1279296875 0.0272715265625 0.1435546875 0.030301832812500002 0.1455078125 0.030301832812500002 0.1474609375 0.033332140625 0.1494140625 0.033332140625 0.1533203125 0.0272715265625 0.1572265625 0.0272715265625 0.1748046875 0.030301832812500002 0.1767578125 0.030301832812500002 0.1787109375 0.033332140625 0.1806640625 0.033332140625 0.1826171875 0.036362446874999996 0.1845703125 0.036362446874999996 0.1884765625 0.033332140625 0.1904296875 0.033332140625 0.1923828125 0.030301832812500002 0.1943359375 0.033332140625 0.1962890625 0.033332140625 0.2216796875 0.042423059375 0.2275390625 0.042423059375 0.2333984375 0.036362446874999996 0.2373046875 0.036362446874999996 0.2392578125 0.033332140625 0.2412109375 0.033332140625 0.2607421875 0.039392753125 0.2646484375 0.039392753125 0.2705078125 0.030301832812500002 0.2763671875 0.030301832812500002 0.2919921875 0.033332140625 0.2939453125 0.033332140625 0.3017578125 0.036362446874999996 0.3037109375 0.033332140625 0.3056640625 0.033332140625 0.3154296875 0.030301832812500002 0.3173828125 0.030301832812500002 0.3369140625 0.033332140625 0.3388671875 0.033332140625 0.3466796875 0.030301832812500002 0.3486328125 0.030301832812500002 0.3505859375 0.0272715265625 0.3525390625 0.0272715265625 0.3779296875 0.0287866796875 0.37890625 0.030301832812500002 0.3798828125 0.030301832812500002 0.3818359375 0.036362446874999996 0.3857421875 0.036362446874999996 0.3916015625 0.033332140625 0.3935546875 0.033332140625 0.4150390625
