0 0.96484375 0.32878828437499996 0.9609375 0.0833334359375 0.9580078125 0.0727273625 0.9501953125 0.0636364421875 0.9326171875 0.0484849078125 0.7509765625 0.033333375 0.0458984375 0.033333375 0.03125 0.05303036875 0.029296875 0.062121289062499994 0.02734375 0.3560610453125 0.029296875 0.5409097593750001 0.0390625 0.9439405593749999 0.041015625 0.9500011734375 0.0478515625 0.960607246875 0.0673828125 0.966667859375 0.2626953125 0.9696981671874999 0.6806640625 0.9727284734375001 0.8779296875 0.963637553125 0.9287109375 0.957576940625 0.9345703125 0.9545466328125001 0.9404296875 0.9484860203125001 0.947265625 0.9378799453125 0.955078125 0.910607184375 0.958984375 0.8893950374999999 0.96484375 0.8227282890625001 0.96484375 0.32878828437499996
2 0.63515625 0.0453125 0.021875 0.0265625
2 0.59375 0.046875 0.01875 0.0265625
2 0.50859375 0.04296875 0.0234375 0.01875
2 0.465625 0.0390625 0.015625 0.0171875
2 0.4171875 0.040625 0.0203125 0.0171875
2 0.3359375 0.0421875 0.015625 0.0234375
2 0.28984375 0.0390625 0.015625 0.0234375
2 0.2515625 0.04140625 0.015625 0.021875
2 0.20390625 0.0421875 0.0203125 0.0203125
2 0.11875 0.0421875 0.0203125 0.0234375
2 0.08359375 0.0328125 0.0140625 0.021875
2 0.0296875 0.190625 0.0125 0.0234375
2 0.04375 0.82734375 0.015625 0.0265625
2 0.46328125 0.9640625 0.01875 0.021875
2 0.58671875 0.96875 0.015625 0.01875
2 0.959375 0.859375 0.0125 0.021875
2 0.95859375 0.8015625 0.015625 0.025
2 0.959375 0.73046875 0.0140625 0.021875
2 0.95859375 0.68203125 0.015625 0.0265625
2 0.95703125 0.59921875 0.015625 0.028125
2 0.95859375 0.546875 0.025 0.03125
2 0.9609375 0.48046875 0.0203125 0.034375
2 0.9640625 0.425 0.021875 0.028125
2 0.96015625 0.371875 0.01875 0.0296875
2 0.9609375 0.31171875 0.009375 0.0234375
2 0.959375 0.2421875 0.015625 0.0375
2 0.95859375 0.18984375 0.01875 0.025
