2 0.1046875 0.03828125 0.01640625 0.01875
2 0.14140625 0.03203125 0.015625 0.0234375
2 0.18671875 0.0328125 0.01328125 0.025
2 0.2421875 0.025 0.0171875 0.025
2 0.2828125 0.02578125 0.0125 0.0203125
2 0.325 0.0265625 0.02265625 0.028125
2 0.365625 0.03046875 0.01640625 0.0296875
2 0.40703125 0.03125 0.01953125 0.021875
2 0.4546875 0.028125 0.01328125 0.021875
2 0.49375 0.02734375 0.015625 0.0203125
2 0.53828125 0.02890625 0.015625 0.0171875
2 0.66953125 0.02734375 0.01640625 0.021875
2 0.8828125 0.028125 0.00859375 0.01640625
2 0.8890625 0.95546875 0.015625 0.0203125
2 0.8453125 0.9578125 0.01484375 0.0171875
2 0.809375 0.959375 0.0125 0.01640625
2 0.625 0.96328125 0.01875 0.0140625
2 0.59453125 0.96484375 0.015625 0.01796875
2 0.5453125 0.96328125 0.0171875 0.0171875
2 0.5015625 0.96640625 0.015625 0.01484375
2 0.38515625 0.9671875 0.01484375 0.01484375
2 0.30234375 0.9671875 0.0125 0.0140625
2 0.22734375 0.95859375 0.015625 0.01875
2 0.184375 0.9625 0.0140625 0.01875
2 0.15 0.9671875 0.0171875 0.02109375
2 0.04921875 0.92109375 0.01484375 0.0234375
2 0.05 0.8609375 0.01484375 0.025
2 0.04609375 0.80234375 0.0140625 0.02265625
2 0.0453125 0.73515625 0.01484375 0.02734375
2 0.046875 0.68359375 0.0171875 0.0265625
2 0.04296875 0.55 0.0125 0.01875
2 0.04375 0.48203125 0.015625 0.0234375
2 0.04140625 0.4265625 0.01484375 0.02109375
2 0.04296875 0.3734375 0.015625 0.0265625
2 0.0421875 0.31640625 0.01796875 0.0234375
2 0.04140625 0.24453125 0.01875 0.034375
2 0.0421875 0.19296875 0.0140625 0.02734375
2 0.03984375 0.1171875 0.0109375 0.03203125
0 0.6123046875 0.966667859375 0.6142578125 0.963637553125 0.6162109375 0.963637553125 0.6181640625 0.960607246875 0.6201171875 0.960607246875 0.6220703125 0.957576940625 0.6298828125 0.957576940625 0.6318359375 0.960607246875 0.6337890625 0.960607246875 0.6357421875 0.963637553125 0.6396484375 0.963637553125 0.6416015625 0.966667859375 0.6630859375 0.966667859375 0.6650390625 0.963637553125 0.6689453125 0.963637553125 0.6708984375 0.960607246875 0.6728515625 0.960607246875 0.6748046875 0.957576940625 0.6787109375 0.957576940625 0.6806640625 0.960607246875 0.6826171875 0.960607246875 0.6845703125 0.963637553125 0.7021484375 0.963637553125 0.7060546875 0.957576940625 0.7119140625 0.957576940625 0.7138671875 0.960607246875 0.7177734375 0.960607246875 0.7197265625 0.963637553125 0.7275390625 0.963637553125 0.7294921875 0.966667859375 0.7314453125 0.963637553125 0.7333984375 0.963637553125 0.7353515625 0.966667859375 0.7373046875 0.966667859375 0.7392578125 0.963637553125 0.7490234375 0.963637553125 0.7509765625 0.960607246875 0.7529296875 0.960607246875 0.7548828125 0.957576940625 0.7646484375 0.957576940625 0.7666015625 0.960607246875 0.7685546875 0.960607246875 0.7705078125 0.957576940625 0.7724609375 0.957576940625 0.7744140625 0.960607246875 0.8017578125 0.960607246875 0.8037109375 0.957576940625 0.8056640625 0.957576940625 0.8076171875 0.9545466328125001 0.8134765625 0.9545466328125001 0.8154296875 0.957576940625 0.8408203125 0.957576940625 0.8427734375 0.9545466328125001 0.8486328125 0.9545466328125001 0.8525390625 0.960607246875 0.8798828125 0.960607246875 0.8857421875 0.9515163265625001 0.8935546875 0.9515163265625001 0.8955078125 0.9545466328125001 0.8974609375 0.9545466328125001 0.8994140625 0.957576940625 0.9111328125 0.957576940625 0.9130859375 0.9545466328125001 0.9169921875 0.9545466328125001 0.9189453125 0.9515163265625001 0.9208984375 0.9515163265625001 0.9228515625 0.9484860203125001 0.9306640625 0.9484860203125001 0.9326171875 0.9515163265625001 0.9462890625 0.9515163265625001 0.9482421875 0.9545466328125001 0.9560546875 0.9545466328125001 0.9580078125 0.9515163265625001 0.9619140625 0.9515163265625001 0.966796875 0.9439405593749999 0.966796875 0.904546571875 0.96484375 0.9015162640625001 0.96484375 0.8772738109375 0.9609375 0.8712131968750001 0.9609375 0.8287889015625 0.962890625 0.8257585953125 0.962890625 0.81969798125 0.96484375 0.816667675 0.96484375 0.81363736875 0.966796875 0.8106070609374999 0.966796875 0.765152459375 0.96875 0.762122153125 0.96875 0.728788778125 0.966796875 0.7257584718750001 0.966796875 0.7166675515625001 0.96875 0.7136372453125001 0.96875 0.7106069374999999 0.966796875 0.70757663125 0.966796875 0.6984857109375 0.96875 0.6954554046875 0.96875 0.692425096875 0.970703125 0.689394790625 0.970703125 0.59545528125 0.96875 0.5924249734375 0.96875 0.583334053125 0.970703125 0.5803037468750001 0.970703125 0.5378794515624999 0.97265625 0.5348491453124999 0.97265625 0.510606690625 0.970703125 0.507576384375 0.970703125 0.4651520890625 0.97265625 0.46212178281250005 0.97265625 0.4287884078125 0.970703125 0.4257581015625 0.970703125 0.398485340625 0.97265625 0.39545503437499996 0.97265625 0.3712125796875 0.970703125 0.3681822734375 0.970703125 0.3196973640625 0.97265625 0.31666705781250004 0.97265625 0.3136367515625 0.974609375 0.31060644375 0.974609375 0.27727307031250004 0.97265625 0.2742427625 0.97265625 0.23484877499999998 0.970703125 0.23181846875 0.970703125 0.1530304921875 0.97265625 0.1500001859375 0.97265625 0.11969711718750001 0.974609375 0.1166668109375 0.974609375 0.10454558437499999 0.97265625 0.10151527656249999 0.97265625 0.0954546640625 0.970703125 0.09242435624999999 0.970703125 0.0500000609375 0.97265625 0.0469697546875 0.97265625 0.040909140625 0.9677734375 0.033333375 0.9658203125 0.033333375 0.9599609375 0.0242424546875 0.9580078125 0.0242424546875 0.9560546875 0.021212146874999997 0.9462890625 0.021212146874999997 0.9443359375 0.0242424546875 0.9423828125 0.0242424546875 0.9404296875 0.021212146874999997 0.9306640625 0.021212146874999997 0.9287109375 0.0242424546875 0.9248046875 0.0242424546875 0.9208984375 0.030303067187499998 0.9150390625 0.030303067187499998 0.9111328125 0.0242424546875 0.9013671875 0.0242424546875 0.8994140625 0.0272727609375 0.8935546875 0.0272727609375 0.8896484375 0.033333375 0.8876953125 0.033333375 0.8857421875 0.03636368125 0.8818359375 0.03636368125 0.8779296875 0.030303067187499998 0.8623046875 0.030303067187499998 0.8603515625 0.0272727609375 0.8447265625 0.0272727609375 0.8427734375 0.030303067187499998 0.8408203125 0.030303067187499998 0.8388671875 0.033333375 0.8349609375 0.033333375 0.8330078125 0.030303067187499998 0.8310546875 0.030303067187499998 0.8291015625 0.0272727609375 0.8173828125 0.0272727609375 0.8154296875 0.030303067187499998 0.8134765625 0.030303067187499998 0.8115234375 0.033333375 0.8037109375 0.033333375 0.8017578125 0.03636368125 0.7978515625 0.03636368125 0.7958984375 0.033333375 0.7939453125 0.033333375 0.7880859375 0.0242424546875 0.7666015625 0.0242424546875 0.7646484375 0.0272727609375 0.7626953125 0.0272727609375 0.76171875 0.028787914062499996 0.76171875 0.031818221875000004 0.7607421875 0.033333375 0.7587890625 0.033333375 0.7568359375 0.03636368125 0.7470703125 0.03636368125 0.7451171875 0.033333375 0.7314453125 0.033333375 0.7294921875 0.030303067187499998 0.7275390625 0.030303067187499998 0.7255859375 0.033333375 0.7177734375 0.033333375 0.7158203125 0.03636368125 0.7080078125 0.03636368125 0.7060546875 0.033333375 0.6884765625 0.033333375 0.6865234375 0.030303067187499998 0.6806640625 0.030303067187499998 0.6787109375 0.033333375 0.6748046875 0.033333375 0.6728515625 0.03636368125 0.6650390625 0.03636368125 0.6591796875 0.0272727609375 0.6552734375 0.0272727609375 0.6533203125 0.0242424546875 0.6513671875 0.0242424546875 0.6494140625 0.0272727609375 0.6474609375 0.0272727609375 0.6455078125 0.030303067187499998 0.6376953125 0.030303067187499998 0.6357421875 0.0272727609375 0.6337890625 0.0272727609375 0.6318359375 0.0242424546875 0.6142578125 0.0242424546875 0.6123046875 0.021212146874999997 0.6103515625 0.021212146874999997 0.6083984375 0.0242424546875 0.6005859375 0.0242424546875 0.5986328125 0.0272727609375 0.5966796875 0.0242424546875 0.59375 0.028787914062499996 0.59375 0.031818221875000004 0.5908203125 0.03636368125 0.5732421875 0.03636368125 0.5712890625 0.033333375 0.5595703125 0.033333375 0.5576171875 0.030303067187499998 0.5478515625 0.030303067187499998 0.5458984375 0.033333375 0.5439453125 0.033333375 0.5419921875 0.03636368125 0.5361328125 0.03636368125 0.5341796875 0.033333375 0.5322265625 0.033333375 0.5302734375 0.030303067187499998 0.5029296875 0.030303067187499998 0.5009765625 0.033333375 0.4990234375 0.033333375 0.4970703125 0.03636368125 0.4912109375 0.03636368125 0.4853515625 0.0272727609375 0.4833984375 0.030303067187499998 0.4697265625 0.030303067187499998 0.4677734375 0.033333375 0.4580078125 0.033333375 0.4560546875 0.03636368125 0.4521484375 0.03636368125 0.4501953125 0.033333375 0.4482421875 0.033333375 0.4443359375 0.0272727609375 0.4208984375 0.0272727609375 0.4189453125 0.030303067187499998 0.4169921875 0.030303067187499998 0.4130859375 0.03636368125 0.4111328125 0.03636368125 0.4091796875 0.0393939875 0.4072265625 0.03636368125 0.4033203125 0.03636368125 0.3994140625 0.030303067187499998 0.3779296875 0.030303067187499998 0.3759765625 0.033333375 0.3740234375 0.033333375 0.3720703125 0.03636368125 0.3701171875 0.03636368125 0.3681640625 0.0393939875 0.3642578125 0.0393939875 0.359375 0.031818221875000004 0.359375 0.0257576078125 0.3564453125 0.021212146874999997 0.3388671875 0.021212146874999997 0.3369140625 0.0242424546875 0.3349609375 0.0242424546875 0.33203125 0.028787914062499996 0.33203125 0.031818221875000004 0.3291015625 0.03636368125 0.3212890625 0.03636368125 0.3154296875 0.0272727609375 0.2919921875 0.0272727609375 0.2880859375 0.033333375 0.2802734375 0.033333375 0.2744140625 0.0242424546875 0.2666015625 0.0242424546875 0.2646484375 0.021212146874999997 0.2529296875 0.021212146874999997 0.2451171875 0.033333375 0.2392578125 0.033333375 0.236328125 0.028787914062499996 0.236328125 0.0257576078125 0.2314453125 0.018181840625 0.2001953125 0.018181840625 0.1982421875 0.021212146874999997 0.1962890625 0.021212146874999997 0.193359375 0.0257576078125 0.193359375 0.034848528125 0.1904296875 0.0393939875 0.1826171875 0.0393939875 0.1767578125 0.030303067187499998 0.1533203125 0.030303067187499998 0.1513671875 0.033333375 0.1494140625 0.033333375 0.1435546875 0.0424242953125 0.1396484375 0.0424242953125 0.1376953125 0.0393939875 0.1357421875 0.0393939875 0.1337890625 0.03636368125 0.1318359375 0.03636368125 0.1298828125 0.033333375 0.1259765625 0.033333375 0.1240234375 0.03636368125 0.1123046875 0.03636368125 0.1064453125 0.0454546015625 0.0986328125 0.0454546015625 0.0966796875 0.0424242953125 0.0927734375 0.0424242953125 0.0908203125 0.0454546015625 0.0869140625 0.0454546015625 0.0849609375 0.0424242953125 0.0830078125 0.0454546015625 0.0634765625 0.0454546015625 0.0615234375 0.0484849078125 0.0576171875 0.0484849078125 0.0556640625 0.051515215625 0.0537109375 0.051515215625 0.048828125 0.059090981249999994 0.048828125 0.062121289062499994 0.046875 0.0651515953125 0.046875 0.06818190156250001 0.041015625 0.0772728234375 0.041015625 0.10757589062499999 0.04296875 0.11060619687499999 0.04296875 0.113636503125 0.044921875 0.1166668109375 0.044921875 0.11969711718750001 0.037109375 0.13181834375 0.037109375 0.15909110625 0.0390625 0.1621214125 0.0390625 0.17121233281249998 0.041015625 0.17424263906249998 0.041015625 0.177272946875 0.044921875 0.183333559375 0.044921875 0.186363865625 0.046875 0.1893941734375 0.046875 0.19545478593750001 0.044921875 0.19848509375 0.044921875 0.20151539999999998 0.041015625 0.20757601406249998 0.041015625 0.219697240625 0.0390625 0.22272754843749998 0.0390625 0.22878816093749998 0.046875 0.24090938906249998 0.046875 0.250000309375 0.0439453125 0.25454576875 0.0380859375 0.25454576875 0.03515625 0.259091228125 0.03515625 0.286363990625 0.037109375 0.28939429687499996 0.037109375 0.2984852171875 0.0390625 0.3015155234375 0.0390625 0.30454583125 0.0419921875 0.30909129062499996 0.0439453125 0.30909129062499996 0.044921875 0.31060644375 0.044921875 0.322727671875 0.0390625 0.331818590625 0.041015625 0.3348488984375 0.041015625 0.359091353125 0.04296875 0.36212165937499996 0.04296875 0.365151965625 0.044921875 0.3681822734375 0.044921875 0.3712125796875 0.046875 0.3742428859375 0.044921875 0.37727319375 0.044921875 0.38333380625 0.0439453125 0.384848959375 0.0419921875 0.384848959375 0.0390625 0.3893944203125 0.0390625 0.40757626093750005 0.041015625 0.4106065671875 0.041015625 0.4136368734375 0.044921875 0.4196974875 0.044921875 0.437879328125 0.04296875 0.4409096359375 0.04296875 0.4439399421875 0.041015625 0.44697024843750005 0.041015625 0.4530308625 0.04296875 0.45606116874999997 0.04296875 0.46212178281250005 0.044921875 0.4651520890625 0.044921875 0.47121270312499997 0.046875 0.474243009375 0.046875 0.477273315625 0.048828125 0.4803036234375 0.048828125 0.4863642375 0.044921875 0.49242485 0.044921875 0.4954551578125 0.04296875 0.49848546406249994 0.04296875 0.507576384375 0.041015625 0.510606690625 0.041015625 0.5348491453124999 0.046875 0.543940065625 0.046875 0.546970371875 0.048828125 0.550000678125 0.048828125 0.5590916 0.04296875 0.5681825203125 0.04296875 0.5742431328125 0.044921875 0.577273440625 0.044921875 0.5893946671875 0.046875 0.5924249734375 0.046875 0.59545528125 0.048828125 0.5984855875 0.048828125 0.60151589375 0.05078125 0.6045462015624999 0.05078125 0.6106068140625001 0.048828125 0.613637121875 0.048828125 0.616667428125 0.044921875 0.622728040625 0.044921875 0.637879575 0.04296875 0.6409098828124999 0.04296875 0.650000803125 0.044921875 0.653031109375 0.04296875 0.656061415625 0.044921875 0.6590917234375 0.044921875 0.66818264375 0.05078125 0.6772735640625 0.05078125 0.6863644843750001 0.044921875 0.6954554046875 0.044921875 0.704546325 0.04296875 0.70757663125 0.04296875 0.7196978578125 0.046875 0.7257584718750001 0.046875 0.728788778125 0.048828125 0.7318190859375 0.048828125 0.74091000625 0.046875 0.7439403125 0.046875 0.74697061875 0.044921875 0.7500009265625 0.044921875 0.7893949140625 0.048828125 0.795455528125 0.048828125 0.798485834375 0.05078125 0.801516140625 0.05078125 0.8075767546874999 0.04296875 0.81363736875 0.04296875 0.8409101296875001 0.044921875 0.8439404359375 0.044921875 0.85000105 0.05078125 0.8590919703125 0.05078125 0.8651525828125 0.048828125 0.8681828906250001 0.048828125 0.8712131968750001 0.046875 0.874243503125 0.046875 0.910607184375 0.052734375 0.9196981046875001 0.052734375 0.928789025 0.0517578125 0.930304178125 0.0498046875 0.930304178125 0.046875 0.9348496390625 0.046875 0.9560617859375 0.048828125 0.95909209375 0.048828125 0.9621223999999999 0.05078125 0.9651527062499999 0.05078125 0.9681830140625 0.0517578125 0.9696981671874999 0.0615234375 0.9696981671874999 0.0693359375 0.957576940625 0.0966796875 0.957576940625 0.0986328125 0.960607246875 0.1005859375 0.960607246875 0.1025390625 0.957576940625 0.1064453125 0.957576940625 0.1083984375 0.960607246875 0.1103515625 0.960607246875 0.1123046875 0.963637553125 0.1181640625 0.963637553125 0.1201171875 0.966667859375 0.1337890625 0.966667859375 0.1357421875 0.9696981671874999 0.1435546875 0.9696981671874999 0.1494140625 0.960607246875 0.1533203125 0.960607246875 0.1572265625 0.966667859375 0.1767578125 0.966667859375 0.1806640625 0.960607246875 0.1884765625 0.960607246875 0.1923828125 0.966667859375 0.2001953125 0.966667859375 0.2021484375 0.963637553125 0.2158203125 0.963637553125 0.2177734375 0.960607246875 0.2197265625 0.960607246875 0.2216796875 0.957576940625 0.2236328125 0.957576940625 0.2255859375 0.9545466328125001 0.2314453125 0.9545466328125001 0.234375 0.95909209375 0.234375 0.9621223999999999 0.2353515625 0.963637553125 0.2373046875 0.963637553125 0.2392578125 0.966667859375 0.2548828125 0.966667859375 0.2568359375 0.963637553125 0.2587890625 0.963637553125 0.2607421875 0.960607246875 0.2626953125 0.960607246875 0.2646484375 0.957576940625 0.2685546875 0.957576940625 0.2744140625 0.966667859375 0.2763671875 0.966667859375 0.2783203125 0.9696981671874999 0.2919921875 0.9696981671874999 0.2939453125 0.966667859375 0.2998046875 0.966667859375 0.3017578125 0.963637553125 0.3037109375 0.963637553125 0.3056640625 0.966667859375 0.3076171875 0.966667859375 0.3095703125 0.9696981671874999 0.3369140625 0.9696981671874999 0.3388671875 0.966667859375 0.3447265625 0.966667859375 0.3466796875 0.9696981671874999 0.3779296875 0.9696981671874999 0.3798828125 0.966667859375 0.3818359375 0.966667859375 0.3837890625 0.963637553125 0.3857421875 0.963637553125 0.3876953125 0.960607246875 0.3916015625 0.966667859375 0.3935546875 0.966667859375 0.3955078125 0.9696981671874999 0.4091796875 0.9696981671874999 0.4111328125 0.966667859375 0.4150390625 0.966667859375 0.4189453125 0.960607246875 0.4404296875 0.960607246875 0.4423828125 0.963637553125 0.4443359375 0.963637553125 0.4462890625 0.966667859375 0.4599609375 0.966667859375 0.4619140625 0.963637553125 0.4658203125 0.963637553125 0.4677734375 0.960607246875 0.4697265625 0.960607246875 0.4736328125 0.966667859375 0.4951171875 0.966667859375 0.4990234375 0.960607246875 0.5048828125 0.960607246875 0.5087890625 0.966667859375 0.5107421875 0.966667859375 0.5126953125 0.9696981671874999 0.5146484375 0.9696981671874999 0.5166015625 0.966667859375 0.5361328125 0.966667859375 0.5400390625 0.960607246875 0.5419921875 0.960607246875 0.5439453125 0.957576940625 0.5478515625 0.957576940625 0.5537109375 0.966667859375 0.5556640625 0.966667859375 0.5576171875 0.9696981671874999 0.5869140625 0.9696981671874999 0.587890625 0.9681830140625 0.5927734375 0.960607246875 0.5986328125 0.960607246875 0.6025390625 0.966667859375 0.6123046875 0.966667859375
