2 0.0546875 0.02578125 0.0140625 0.0203125
2 0.0984375 0.025 0.01875 0.025
2 0.23359375 0.02109375 0.03125 0.0234375
2 0.4015625 0.0171875 0.01875 0.034375
2 0.48671875 0.01875 0.025 0.025
2 0.446875 0.01796875 0.028125 0.0234375
2 0.53203125 0.01640625 0.021875 0.0203125
2 0.57734375 0.0109375 0.0234375 0.021875
2 0.625 0.0125 0.028125 0.025
2 0.66171875 0.0140625 0.021875 0.028125
2 0.70546875 0.0140625 0.021875 0.021875
2 0.7453125 0.0140625 0.0171875 0.01875
2 0.7875 0.01796875 0.0234375 0.0234375
2 0.82734375 0.01640625 0.0140625 0.0171875
2 0.87421875 0.0171875 0.0171875 0.021875
2 0.96796875 0.246875 0.0125 0.028125
2 0.96640625 0.63203125 0.0234375 0.03125
2 0.96171875 0.690625 0.0171875 0.028125
2 0.96015625 0.8890625 0.0171875 0.0296875
2 0.80078125 0.95 0.0125 0.01875
2 0.74921875 0.9546875 0.01875 0.01875
2 0.53828125 0.95625 0.015625 0.021875
2 0.49296875 0.9625 0.021875 0.028125
2 0.45859375 0.95859375 0.015625 0.0203125
2 0.41171875 0.9640625 0.015625 0.034375
2 0.375 0.9640625 0.021875 0.021875
2 0.33359375 0.96171875 0.01875 0.0296875
2 0.29453125 0.96328125 0.021875 0.0234375
2 0.2578125 0.95859375 0.0203125 0.0265625
2 0.21796875 0.95703125 0.021875 0.0296875
2 0.0609375 0.959375 0.0140625 0.034375
2 0.0328125 0.1875 0.0125 0.0265625
2 0.03125 0.23828125 0.0140625 0.028125
2 0.0359375 0.4734375 0.0171875 0.0375
2 0.03828125 0.7296875 0.0171875 0.0296875
0 0.3857421875 0.960607246875 0.3876953125 0.963637553125 0.4033203125 0.963637553125 0.4052734375 0.960607246875 0.4072265625 0.960607246875 0.4111328125 0.9545466328125001 0.4169921875 0.9545466328125001 0.4189453125 0.957576940625 0.4560546875 0.957576940625 0.4580078125 0.9545466328125001 0.4619140625 0.9545466328125001 0.4638671875 0.957576940625 0.4658203125 0.957576940625 0.4677734375 0.960607246875 0.4775390625 0.960607246875 0.4794921875 0.963637553125 0.4833984375 0.963637553125 0.4873046875 0.957576940625 0.4892578125 0.957576940625 0.4912109375 0.9545466328125001 0.4990234375 0.9545466328125001 0.5029296875 0.960607246875 0.5087890625 0.960607246875 0.5107421875 0.963637553125 0.5224609375 0.963637553125 0.5244140625 0.960607246875 0.5302734375 0.960607246875 0.5341796875 0.9545466328125001 0.5419921875 0.9545466328125001 0.5458984375 0.960607246875 0.5693359375 0.960607246875 0.5712890625 0.957576940625 0.5810546875 0.957576940625 0.5830078125 0.9545466328125001 0.5908203125 0.9545466328125001 0.5927734375 0.957576940625 0.6103515625 0.957576940625 0.6142578125 0.9515163265625001 0.6220703125 0.9515163265625001 0.6259765625 0.957576940625 0.6591796875 0.957576940625 0.6611328125 0.9545466328125001 0.6630859375 0.9545466328125001 0.6650390625 0.9515163265625001 0.6708984375 0.9515163265625001 0.6728515625 0.9545466328125001 0.6943359375 0.9545466328125001 0.6962890625 0.9515163265625001 0.7021484375 0.9515163265625001 0.7041015625 0.9545466328125001 0.7060546875 0.9545466328125001 0.7080078125 0.957576940625 0.7197265625 0.957576940625 0.7216796875 0.960607246875 0.7236328125 0.957576940625 0.7392578125 0.957576940625 0.7412109375 0.9545466328125001 0.7431640625 0.9545466328125001 0.7451171875 0.9515163265625001 0.7529296875 0.9515163265625001 0.7548828125 0.9545466328125001 0.7646484375 0.9545466328125001 0.7666015625 0.957576940625 0.7685546875 0.957576940625 0.7705078125 0.9545466328125001 0.7724609375 0.9545466328125001 0.7744140625 0.957576940625 0.7783203125 0.957576940625 0.7802734375 0.9545466328125001 0.7939453125 0.9545466328125001 0.7978515625 0.9484860203125001 0.8095703125 0.9484860203125001 0.8115234375 0.9515163265625001 0.8212890625 0.9515163265625001 0.8232421875 0.9484860203125001 0.8369140625 0.9484860203125001 0.8388671875 0.9454557124999999 0.8408203125 0.9484860203125001 0.8427734375 0.9484860203125001 0.8447265625 0.9515163265625001 0.8603515625 0.9515163265625001 0.8623046875 0.9484860203125001 0.8662109375 0.9484860203125001 0.8681640625 0.9515163265625001 0.8701171875 0.9515163265625001 0.8720703125 0.9484860203125001 0.8759765625 0.9484860203125001 0.8779296875 0.9454557124999999 0.9052734375 0.9454557124999999 0.9072265625 0.9484860203125001 0.9091796875 0.9484860203125001 0.9111328125 0.9454557124999999 0.9130859375 0.9454557124999999 0.9150390625 0.9424254062499999 0.9189453125 0.9424254062499999 0.9208984375 0.9454557124999999 0.9228515625 0.9454557124999999 0.9248046875 0.9484860203125001 0.9267578125 0.9484860203125001 0.9287109375 0.9515163265625001 0.9462890625 0.9515163265625001 0.9482421875 0.9484860203125001 0.9541015625 0.9484860203125001 0.9609375 0.9378799453125 0.9609375 0.928789025 0.962890625 0.92575871875 0.962890625 0.9227284125 0.9609375 0.9196981046875001 0.9609375 0.9015162640625001 0.95703125 0.8954556515625001 0.95703125 0.8833344234375 0.958984375 0.8803041171875 0.958984375 0.8772738109375 0.9609375 0.874243503125 0.958984375 0.8712131968750001 0.958984375 0.8590919703125 0.95703125 0.8560616624999999 0.958984375 0.85303135625 0.958984375 0.85000105 0.95703125 0.8469707421875 0.95703125 0.831819209375 0.955078125 0.8287889015625 0.955078125 0.78030399375 0.95703125 0.7772736874999999 0.95703125 0.765152459375 0.958984375 0.762122153125 0.958984375 0.7530312328125001 0.962890625 0.74697061875 0.962890625 0.704546325 0.958984375 0.6984857109375 0.958984375 0.6954554046875 0.9609375 0.692425096875 0.9609375 0.689394790625 0.9619140625 0.6878796375 0.9638671875 0.6878796375 0.96875 0.6803038703125 0.96875 0.6712129499999999 0.966796875 0.66818264375 0.966796875 0.656061415625 0.96484375 0.653031109375 0.96484375 0.6409098828124999 0.962890625 0.637879575 0.962890625 0.6318189624999999 0.96484375 0.6287886546875 0.96484375 0.6257583484375 0.9658203125 0.6242431953125 0.9677734375 0.6242431953125 0.96875 0.622728040625 0.96875 0.6196977343750001 0.970703125 0.616667428125 0.970703125 0.59545528125 0.966796875 0.5893946671875 0.966796875 0.5863643609375 0.96484375 0.583334053125 0.96484375 0.5803037468750001 0.962890625 0.577273440625 0.962890625 0.5590916 0.9609375 0.5560612921875 0.9609375 0.5348491453124999 0.958984375 0.5318188390625 0.958984375 0.5257582249999999 0.9609375 0.52272791875 0.9609375 0.510606690625 0.962890625 0.507576384375 0.962890625 0.5015157703125 0.96484375 0.49848546406249994 0.96484375 0.4863642375 0.962890625 0.4833339296875 0.96484375 0.4803036234375 0.96484375 0.46212178281250005 0.966796875 0.45909147656249993 0.966796875 0.45606116874999997 0.962890625 0.45000055625 0.962890625 0.4409096359375 0.96484375 0.437879328125 0.96484375 0.434849021875 0.966796875 0.43181871562499996 0.966796875 0.3863641140625 0.96484375 0.38333380625 0.96484375 0.3803035 0.962890625 0.37727319375 0.962890625 0.3681822734375 0.9609375 0.365151965625 0.9609375 0.35000043281250004 0.958984375 0.346970125 0.958984375 0.3136367515625 0.9609375 0.31060644375 0.9609375 0.30454583125 0.962890625 0.3015155234375 0.962890625 0.2984852171875 0.96484375 0.2954549109375 0.96484375 0.28333368281250004 0.966796875 0.2803033765625 0.966796875 0.259091228125 0.96484375 0.25606092187499996 0.96484375 0.253030615625 0.962890625 0.250000309375 0.962890625 0.24697000156249999 0.96484375 0.2439396953125 0.96484375 0.23787908125 0.966796875 0.23484877499999998 0.966796875 0.22272754843749998 0.96484375 0.219697240625 0.96484375 0.186363865625 0.962890625 0.183333559375 0.962890625 0.17121233281249998 0.966796875 0.16515171875 0.966796875 0.1348486515625 0.96484375 0.13181834375 0.96484375 0.1287880375 0.962890625 0.12575773125 0.962890625 0.1166668109375 0.9609375 0.113636503125 0.9609375 0.11060619687499999 0.962890625 0.10757589062499999 0.962890625 0.10454558437499999 0.9609375 0.10151527656249999 0.9609375 0.0833334359375 0.958984375 0.0803031296875 0.958984375 0.074242515625 0.9609375 0.071212209375 0.9609375 0.0469697546875 0.962890625 0.0439394484375 0.9609375 0.040909140625 0.9609375 0.037878834374999996 0.962890625 0.034848528125 0.962890625 0.031818221875000004 0.9609375 0.028787914062499996 0.9609375 0.0257576078125 0.9599609375 0.0242424546875 0.9580078125 0.0242424546875 0.9560546875 0.021212146874999997 0.9541015625 0.021212146874999997 0.953125 0.01969699375 0.953125 0.0166666875 0.9521484375 0.015151534375000001 0.9501953125 0.015151534375000001 0.9482421875 0.0121212265625 0.9384765625 0.0121212265625 0.9365234375 0.015151534375000001 0.9345703125 0.015151534375000001 0.9326171875 0.0121212265625 0.9228515625 0.0121212265625 0.919921875 0.0166666875 0.919921875 0.01969699375 0.9189453125 0.021212146874999997 0.9052734375 0.021212146874999997 0.9033203125 0.018181840625 0.8994140625 0.018181840625 0.8974609375 0.015151534375000001 0.8935546875 0.015151534375000001 0.8916015625 0.018181840625 0.8837890625 0.018181840625 0.8818359375 0.021212146874999997 0.8701171875 0.021212146874999997 0.8681640625 0.018181840625 0.8623046875 0.018181840625 0.8603515625 0.015151534375000001 0.8583984375 0.018181840625 0.8564453125 0.015151534375000001 0.8388671875 0.015151534375000001 0.8349609375 0.021212146874999997 0.8232421875 0.021212146874999997 0.8212890625 0.018181840625 0.8173828125 0.018181840625 0.8154296875 0.021212146874999997 0.7939453125 0.021212146874999997 0.7919921875 0.0242424546875 0.7880859375 0.0242424546875 0.7861328125 0.021212146874999997 0.7841796875 0.021212146874999997 0.7802734375 0.015151534375000001 0.7607421875 0.015151534375000001 0.7568359375 0.021212146874999997 0.7392578125 0.021212146874999997 0.7333984375 0.0121212265625 0.7197265625 0.0121212265625 0.7177734375 0.015151534375000001 0.7138671875 0.015151534375000001 0.7099609375 0.021212146874999997 0.7041015625 0.021212146874999997 0.7021484375 0.018181840625 0.7001953125 0.018181840625 0.6982421875 0.015151534375000001 0.6865234375 0.015151534375000001 0.6845703125 0.018181840625 0.6689453125 0.018181840625 0.6669921875 0.021212146874999997 0.6591796875 0.021212146874999997 0.6513671875 0.0090909203125 0.6376953125 0.0090909203125 0.634765625 0.01363638125 0.634765625 0.0166666875 0.6337890625 0.018181840625 0.6318359375 0.018181840625 0.6298828125 0.021212146874999997 0.6259765625 0.021212146874999997 0.6181640625 0.0090909203125 0.5986328125 0.0090909203125 0.5966796875 0.0121212265625 0.5888671875 0.0121212265625 0.5830078125 0.021212146874999997 0.5732421875 0.021212146874999997 0.5703125 0.0166666875 0.5703125 0.01363638125 0.5693359375 0.0121212265625 0.5400390625 0.0121212265625 0.5341796875 0.021212146874999997 0.5302734375 0.021212146874999997 0.5283203125 0.0242424546875 0.5263671875 0.021212146874999997 0.5244140625 0.021212146874999997 0.5205078125 0.015151534375000001 0.5166015625 0.015151534375000001 0.5146484375 0.018181840625 0.5068359375 0.018181840625 0.5048828125 0.021212146874999997 0.4931640625 0.021212146874999997 0.4912109375 0.0242424546875 0.4833984375 0.0242424546875 0.4814453125 0.021212146874999997 0.4794921875 0.021212146874999997 0.4775390625 0.018181840625 0.4755859375 0.021212146874999997 0.4736328125 0.021212146874999997 0.4716796875 0.018181840625 0.4658203125 0.018181840625 0.4638671875 0.015151534375000001 0.4619140625 0.015151534375000001 0.4599609375 0.018181840625 0.4541015625 0.018181840625 0.4521484375 0.021212146874999997 0.4501953125 0.021212146874999997 0.4482421875 0.0242424546875 0.4423828125 0.0242424546875 0.4404296875 0.021212146874999997 0.4072265625 0.021212146874999997 0.4052734375 0.0242424546875 0.3955078125 0.0242424546875 0.3935546875 0.021212146874999997 0.3681640625 0.021212146874999997 0.3662109375 0.0242424546875 0.3623046875 0.0242424546875 0.3603515625 0.0272727609375 0.3564453125 0.0272727609375 0.3544921875 0.0242424546875 0.3330078125 0.0242424546875 0.3310546875 0.0272727609375 0.3251953125 0.0272727609375 0.3232421875 0.0242424546875 0.3173828125 0.0242424546875 0.3154296875 0.0272727609375 0.3134765625 0.0242424546875 0.3115234375 0.0242424546875 0.3095703125 0.021212146874999997 0.3076171875 0.021212146874999997 0.3056640625 0.018181840625 0.2880859375 0.018181840625 0.2861328125 0.021212146874999997 0.2783203125 0.021212146874999997 0.2763671875 0.0242424546875 0.2744140625 0.0242424546875 0.2724609375 0.021212146874999997 0.2392578125 0.021212146874999997 0.2373046875 0.0242424546875 0.2314453125 0.0242424546875 0.2294921875 0.021212146874999997 0.2119140625 0.021212146874999997 0.2099609375 0.0242424546875 0.1865234375 0.0242424546875 0.1845703125 0.0272727609375 0.1826171875 0.0272727609375 0.1806640625 0.030303067187499998 0.1748046875 0.030303067187499998 0.1728515625 0.0272727609375 0.1708984375 0.0272727609375 0.1689453125 0.0242424546875 0.1669921875 0.0272727609375 0.1611328125 0.0272727609375 0.1591796875 0.0242424546875 0.1416015625 0.0242424546875 0.1396484375 0.0272727609375 0.1376953125 0.0272727609375 0.1357421875 0.030303067187499998 0.1337890625 0.030303067187499998 0.1318359375 0.0272727609375 0.1279296875 0.0272727609375 0.1259765625 0.0242424546875 0.1181640625 0.0242424546875 0.1162109375 0.0272727609375 0.1123046875 0.0272727609375 0.1103515625 0.030303067187499998 0.1044921875 0.030303067187499998 0.1025390625 0.033333375 0.0927734375 0.033333375 0.0908203125 0.030303067187499998 0.0888671875 0.030303067187499998 0.0849609375 0.0242424546875 0.0634765625 0.0242424546875 0.0595703125 0.030303067187499998 0.0576171875 0.030303067187499998 0.0556640625 0.033333375 0.0537109375 0.033333375 0.0517578125 0.03636368125 0.0498046875 0.033333375 0.0478515625 0.033333375 0.0458984375 0.03636368125 0.0380859375 0.03636368125 0.037109375 0.037878834374999996 0.037109375 0.040909140625 0.03515625 0.0439394484375 0.03515625 0.05303036875 0.037109375 0.056060675000000004 0.03515625 0.059090981249999994 0.03515625 0.0651515953125 0.033203125 0.06818190156250001 0.033203125 0.0772728234375 0.03125 0.0803031296875 0.03125 0.10151527656249999 0.033203125 0.10454558437499999 0.033203125 0.10757589062499999 0.03515625 0.11060619687499999 0.03515625 0.11969711718750001 0.033203125 0.12272742343750001 0.033203125 0.1287880375 0.03125 0.13181834375 0.03125 0.140909265625 0.033203125 0.143939571875 0.03125 0.146969878125 0.03125 0.1500001859375 0.033203125 0.1530304921875 0.033203125 0.177272946875 0.03515625 0.180303253125 0.03515625 0.183333559375 0.037109375 0.186363865625 0.037109375 0.19545478593750001 0.03515625 0.19848509375 0.03515625 0.20151539999999998 0.033203125 0.20454570625000001 0.033203125 0.22878816093749998 0.037109375 0.23484877499999998 0.037109375 0.250000309375 0.033203125 0.25606092187499996 0.033203125 0.292424603125 0.03515625 0.2954549109375 0.03515625 0.30454583125 0.037109375 0.3075761375 0.037109375 0.3196973640625 0.03515625 0.322727671875 0.03515625 0.34393981875 0.037109375 0.346970125 0.037109375 0.3530307390625 0.03515625 0.3560610453125 0.03515625 0.359091353125 0.037109375 0.36212165937499996 0.037109375 0.37727319375 0.03515625 0.3803035 0.03515625 0.38333380625 0.033203125 0.3863641140625 0.03515625 0.3893944203125 0.03515625 0.398485340625 0.033203125 0.40151564687499997 0.033203125 0.40454595312499997 0.03515625 0.40757626093750005 0.03515625 0.41666718124999996 0.037109375 0.4196974875 0.037109375 0.434849021875 0.03515625 0.437879328125 0.03515625 0.4651520890625 0.037109375 0.46818239687499996 0.037109375 0.47121270312499997 0.0390625 0.474243009375 0.0390625 0.4863642375 0.033203125 0.4954551578125 0.033203125 0.5136369984375 0.03515625 0.5166673046875 0.03515625 0.5378794515624999 0.037109375 0.5409097593750001 0.037109375 0.543940065625 0.0390625 0.546970371875 0.0390625 0.5560612921875 0.037109375 0.5590916 0.037109375 0.583334053125 0.0390625 0.5863643609375 0.0390625 0.5984855875 0.041015625 0.60151589375 0.041015625 0.6106068140625001 0.0390625 0.613637121875 0.0390625 0.6196977343750001 0.037109375 0.622728040625 0.037109375 0.637879575 0.03515625 0.6409098828124999 0.03515625 0.6439401890625 0.037109375 0.6469704953125001 0.037109375 0.653031109375 0.03515625 0.656061415625 0.03515625 0.6621220296875 0.037109375 0.6651523359375 0.037109375 0.6712129499999999 0.041015625 0.6772735640625 0.041015625 0.6833341765625 0.0390625 0.6863644843750001 0.0390625 0.689394790625 0.037109375 0.692425096875 0.037109375 0.7166675515625001 0.0390625 0.7196978578125 0.0390625 0.722728165625 0.041015625 0.7257584718750001 0.041015625 0.7348493921875 0.03515625 0.7439403125 0.037109375 0.74697061875 0.037109375 0.7500009265625 0.03515625 0.7530312328125001 0.03515625 0.759091846875 0.037109375 0.762122153125 0.037109375 0.7742433796875 0.03515625 0.7772736874999999 0.03515625 0.78030399375 0.037109375 0.7833343 0.037109375 0.7893949140625 0.041015625 0.795455528125 0.041015625 0.8045464484375 0.0390625 0.8075767546874999 0.0390625 0.8106070609374999 0.037109375 0.81363736875 0.037109375 0.81969798125 0.0390625 0.8227282890625001 0.0390625 0.85000105 0.041015625 0.85303135625 0.041015625 0.8863647312499999 0.04296875 0.8893950374999999 0.04296875 0.9166677984374999 0.044921875 0.9196981046875001 0.044921875 0.92575871875 0.0419921875 0.930304178125 0.0400390625 0.930304178125 0.0390625 0.9318193328125 0.0390625 0.9500011734375 0.041015625 0.9530314796875 0.041015625 0.9560617859375 0.0419921875 0.957576940625 0.0537109375 0.957576940625 0.0556640625 0.9545466328125001 0.0634765625 0.9545466328125001 0.0654296875 0.957576940625 0.0908203125 0.957576940625 0.0927734375 0.9545466328125001 0.1005859375 0.9545466328125001 0.1025390625 0.957576940625 0.1162109375 0.957576940625 0.1181640625 0.960607246875 0.1318359375 0.960607246875 0.1337890625 0.957576940625 0.1357421875 0.957576940625 0.1376953125 0.9545466328125001 0.1435546875 0.9545466328125001 0.1455078125 0.957576940625 0.1708984375 0.957576940625 0.1728515625 0.9545466328125001 0.1787109375 0.9545466328125001 0.1806640625 0.957576940625 0.1923828125 0.957576940625 0.1943359375 0.9545466328125001 0.2119140625 0.9545466328125001 0.2158203125 0.9484860203125001 0.2216796875 0.9484860203125001 0.2275390625 0.957576940625 0.2451171875 0.957576940625 0.2470703125 0.9545466328125001 0.2529296875 0.9545466328125001 0.2548828125 0.9515163265625001 0.2607421875 0.9515163265625001 0.2646484375 0.957576940625 0.2666015625 0.957576940625 0.2685546875 0.960607246875 0.2880859375 0.960607246875 0.2900390625 0.957576940625 0.2978515625 0.957576940625 0.3037109375 0.966667859375 0.3212890625 0.966667859375 0.3232421875 0.963637553125 0.3271484375 0.963637553125 0.3291015625 0.960607246875 0.3369140625 0.960607246875 0.3408203125 0.966667859375 0.3544921875 0.966667859375 0.3564453125 0.963637553125 0.3583984375 0.963637553125 0.3603515625 0.966667859375 0.3623046875 0.966667859375 0.36328125 0.9651527062499999 0.3642578125 0.963637553125 0.3681640625 0.963637553125 0.3720703125 0.957576940625 0.3740234375 0.957576940625 0.3759765625 0.9545466328125001 0.3798828125 0.9545466328125001 0.3837890625 0.960607246875 0.3857421875 0.960607246875
