2 0.9390625 0.0421875 0.01875 0.01875
2 0.959375 0.19609375 0.015625 0.028125
2 0.959375 0.246875 0.01875 0.03125
2 0.9609375 0.31640625 0.01875 0.028125
2 0.959375 0.3765625 0.01875 0.03125
2 0.95703125 0.428125 0.021875 0.034375
2 0.959375 0.484375 0.0203125 0.0328125
2 0.95703125 0.6078125 0.01875 0.025
2 0.953125 0.6875 0.021875 0.028125
2 0.953125 0.73671875 0.0125 0.028125
2 0.953125 0.803125 0.0140625 0.025
2 0.9515625 0.865625 0.01875 0.028125
2 0.95078125 0.9265625 0.01875 0.025
2 0.84921875 0.96796875 0.021875 0.03125
2 0.81640625 0.96328125 0.021875 0.028125
2 0.7734375 0.9578125 0.01875 0.025
2 0.73359375 0.96171875 0.009375 0.0234375
2 0.69921875 0.96484375 0.01875 0.021875
2 0.65703125 0.9671875 0.025 0.025
2 0.6140625 0.96640625 0.01875 0.0265625
2 0.57890625 0.9640625 0.01875 0.01875
2 0.53125 0.96640625 0.01875 0.0265625
2 0.49765625 0.96171875 0.015625 0.0203125
2 0.45546875 0.9609375 0.021875 0.028125
2 0.32578125 0.96171875 0.0203125 0.0265625
2 0.29296875 0.959375 0.021875 0.0203125
2 0.2453125 0.95625 0.025 0.03125
2 0.1875 0.9546875 0.0234375 0.01875
2 0.15703125 0.953125 0.0234375 0.028125
2 0.1109375 0.95 0.01875 0.0203125
2 0.89609375 0.03515625 0.028125 0.028125
2 0.85703125 0.034375 0.021875 0.021875
2 0.8140625 0.0296875 0.0234375 0.028125
2 0.75703125 0.025 0.028125 0.03125
2 0.67890625 0.02890625 0.015625 0.028125
2 0.6359375 0.02578125 0.03125 0.0390625
2 0.59140625 0.02578125 0.034375 0.0265625
2 0.55 0.01796875 0.0203125 0.034375
2 0.50859375 0.01640625 0.01875 0.0296875
2 0.46640625 0.021875 0.01875 0.034375
2 0.41875 0.01875 0.021875 0.034375
2 0.36640625 0.0171875 0.0234375 0.028125
2 0.33125 0.01953125 0.021875 0.028125
2 0.2890625 0.01796875 0.021875 0.0296875
2 0.25078125 0.01953125 0.01875 0.03125
2 0.20546875 0.01875 0.021875 0.025
2 0.11953125 0.01953125 0.01875 0.0265625
2 0.0859375 0.01796875 0.01875 0.0296875
0 0.9735180281250001 0.7490518328125 0.96374006875 0.0499367890625 0.9625178249999999 0.0442477875 0.9606844578124999 0.0417193421875 0.9502953765625 0.0372945640625 0.8374414343750001 0.0211757265625 0.7952739859375 0.01864728125 0.0704827859375 0 0.0272968015625 0.017383059375000003 0.0303524140625 0.95606826875 0.8187003468749999 0.9797724406249999 0.9052760234375 0.9734513281250001 0.9612955796874999 0.9718710500000001 0.9735180281250001 0.7490518328125
