0 0.03128950625 0.9572214296875 0.916245259375 0.9602770421875 0.976295828125 0.9317579953124999 0.976295828125 0.03951925 0.9541719343749999 0.024241189062499998 0.036030340625000004 0.0344265640625 0.03128950625 0.9572214296875
2 0.96796875 0.89609375 0.0265625 0.0140625
2 0.97109375 0.85703125 0.0265625 0.021875
2 0.97265625 0.81171875 0.0234375 0.0234375
2 0.98125 0.75703125 0.028125 0.021875
2 0.98046875 0.715625 0.0296875 0.025
2 0.975 0.671875 0.028125 0.0203125
2 0.96953125 0.63203125 0.0296875 0.0234375
2 0.96484375 0.24453125 0.0296875 0.025
2 0.96796875 0.203125 0.025 0.021875
2 0.88671875 0.95703125 0.034375 0.0171875
2 0.81953125 0.95625 0.0265625 0.0171875
2 0.76328125 0.9578125 0.028125 0.01875
2 0.5265625 0.95703125 0.0375 0.01875
2 0.32734375 0.95546875 0.03125 0.01875
2 0.27265625 0.9578125 0.03125 0.0171875
2 0.0828125 0.95234375 0.0265625 0.0171875
2 0.0421875 0.9328125 0.028125 0.01875
2 0.040625 0.89921875 0.028125 0.01875
2 0.04453125 0.77421875 0.021875 0.01875
2 0.0375 0.58203125 0.01875 0.021875
2 0.03515625 0.534375 0.021875 0.01875
