0 0.959228825 0.0356488078125 0.023704171875 0.032593196875 0.00948166875 0.41047056406250004 0.004740834375 0.658993684375 0.0189633375 0.9533509875 0.030025284375 0.9676105109375 0.94974715625 0.9625178249999999 0.967130215625 0.9553880625 0.959228825 0.0356488078125
2 0.953125 0.06015625 0.01875 0.01875
2 0.95 0.21640625 0.021875 0.01875
2 0.96171875 0.2921875 0.025 0.01875
2 0.9640625 0.3765625 0.025 0.015625
2 0.95859375 0.45703125 0.0171875 0.0140625
2 0.9609375 0.49140625 0.021875 0.01875
2 0.8953125 0.9578125 0.028125 0.0125
2 0.64296875 0.9703125 0.034375 0.0203125
2 0.01875 0.7453125 0.021875 0.01875
2 0.0171875 0.7078125 0.015625 0.021875
2 0.01640625 0.66328125 0.0265625 0.0171875
2 0.0140625 0.6296875 0.021875 0.0171875
2 0.0171875 0.5796875 0.025 0.0203125
2 0.01640625 0.53125 0.0265625 0.0234375
2 0.01640625 0.4875 0.021875 0.0234375
2 0.01484375 0.4484375 0.028125 0.0203125
2 0.01796875 0.13984375 0.021875 0.025
2 0.025 0.103125 0.0125 0.0171875
2 0.11171875 0.0359375 0.028125 0.0125
2 0.23984375 0.03671875 0.025 0.0140625
2 0.475 0.03671875 0.025 0.015625
2 0.6734375 0.0390625 0.028125 0.0140625
