0 0.49296875 0.509375 0.959375 0.94375
2 0.89921875 0.0453125 0.021875 0.015625
2 0.81171875 0.04453125 0.021875 0.015625
2 0.75 0.046875 0.021875 0.0171875
2 0.6734375 0.05390625 0.0265625 0.015625
2 0.4515625 0.053125 0.0234375 0.015625
2 0.3828125 0.05625 0.021875 0.01875
2 0.16484375 0.05078125 0.0234375 0.0140625
2 0.0328125 0.07734375 0.021875 0.015625
2 0.034375 0.1046875 0.01875 0.0125
2 0.02421875 0.1578125 0.01875 0.009375
2 0.02421875 0.36875 0.0234375 0.0125
2 0.02421875 0.446875 0.021875 0.015625
2 0.0296875 0.55703125 0.021875 0.0171875
2 0.03046875 0.60703125 0.021875 0.0140625
2 0.02578125 0.6640625 0.0203125 0.015625
2 0.02734375 0.68984375 0.0203125 0.015625
2 0.03203125 0.77265625 0.0234375 0.0109375
2 0.0328125 0.85625 0.021875 0.0125
2 0.9484375 0.95234375 0.025 0.0125
2 0.9453125 0.909375 0.021875 0.015625
2 0.3 0.971875 0.025 0.0125
