1 0.0734375 0.04921875 0.065625 0.0375
2 0.1296875 0.0390625 0.03125 0.015625
2 0.1984375 0.04140625 0.028125 0.015625
2 0.25 0.0421875 0.03125 0.0140625
2 0.32265625 0.04140625 0.025 0.0140625
2 0.384375 0.0421875 0.025 0.015625
2 0.43359375 0.03671875 0.028125 0.015625
2 0.4859375 0.040625 0.0265625 0.0203125
2 0.55625 0.04375 0.03125 0.015625
2 0.6125 0.0484375 0.0234375 0.01875
2 0.6890625 0.04765625 0.03125 0.0140625
2 0.74375 0.04453125 0.01875 0.015625
2 0.8109375 0.04453125 0.028125 0.015625
2 0.86875 0.04375 0.021875 0.0125
2 0.9234375 0.0484375 0.028125 0.0125
2 0.96640625 0.06796875 0.01875 0.015625
2 0.96796875 0.2640625 0.0296875 0.0296875
2 0.975 0.30078125 0.025 0.015625
2 0.97109375 0.38125 0.021875 0.0203125
2 0.96484375 0.54296875 0.01875 0.01875
2 0.96484375 0.62421875 0.0234375 0.015625
2 0.96484375 0.67734375 0.021875 0.015625
2 0.9640625 0.7609375 0.021875 0.01875
2 0.82265625 0.96171875 0.03125 0.0171875
2 0.70078125 0.96875 0.0265625 0.015625
2 0.5734375 0.96796875 0.025 0.0140625
0 0.5331858406250001 0.033815440625 0.099557521875 0.0344265640625 0.0891276859375 0.0354451015625 0.077749684375 0.0407414953125 0.06984829375 0.04787125625 0.061946903124999994 0.058667753125 0.0597345125 0.0631493171875 0.04740834375 0.11427989375 0.041403287500000004 0.2022815234375 0.023704171875 0.9364432671875 0.025284450000000003 0.9494805453125 0.034766118750000005 0.96272153125 0.05056890000000001 0.9733143203125 0.06005056875 0.9741291500000001 0.112199746875 0.9769810546875 0.3030973453125 0.9790181296875 0.914348925 0.9796292531249999 0.953855878125 0.9735180281250001 0.9620733250000001 0.9712772453125 0.9683944375 0.9676105109375 0.9715549937500001 0.96272153125 0.97439949375 0.9378692203125001 0.9848293296874999 0.635567325 0.9927307203125 0.1774292109375 0.9835651078125001 0.0501120390625 0.9800884953125 0.0454267671875 0.9731352718749999 0.0407414953125 0.9611251578125 0.0387044203125 0.7778128953125 0.03625993125 0.5331858406250001 0.033815440625
