2 0.953125 0.9421875 0.0140625 0.021875
2 0.9578125 0.890625 0.0125 0.025
2 0.95625 0.8140625 0.0125 0.01875
2 0.95390625 0.7625 0.015625 0.028125
2 0.9578125 0.690625 0.0125 0.0234375
2 0.95625 0.6328125 0.015625 0.025
2 0.9546875 0.525 0.0125 0.0265625
2 0.9546875 0.4 0.015625 0.025
2 0.953125 0.325 0.015625 0.0265625
2 0.9546875 0.20390625 0.0125 0.025
2 0.95234375 0.08125 0.0140625 0.0234375
2 0.93515625 0.0453125 0.0125 0.0171875
2 0.77421875 0.04296875 0.0140625 0.025
2 0.73671875 0.03828125 0.015625 0.021875
2 0.70078125 0.03359375 0.0171875 0.01875
2 0.615625 0.03203125 0.0125 0.021875
2 0.58203125 0.03359375 0.015625 0.0125
2 0.459375 0.03359375 0.0125 0.015625
2 0.37734375 0.03359375 0.0140625 0.015625
2 0.32734375 0.03203125 0.0171875 0.015625
2 0.93359375 0.9671875 0.015625 0.0171875
2 0.8921875 0.96875 0.015625 0.015625
2 0.753125 0.97734375 0.015625 0.015625
2 0.7109375 0.975 0.015625 0.01875
2 0.67109375 0.9734375 0.0140625 0.021875
2 0.6296875 0.97109375 0.0125 0.0203125
2 0.50078125 0.97109375 0.01875 0.021875
2 0.4578125 0.971875 0.0171875 0.021875
2 0.3265625 0.9671875 0.0140625 0.021875
2 0.24296875 0.965625 0.0125 0.0203125
2 0.19765625 0.965625 0.015625 0.01875
0 0.0458984375 0.036362446874999996 0.0419921875 0.036362446874999996 0.041015625 0.0378776 0.041015625 0.043938214062499995 0.0390625 0.0469685203125 0.0390625 0.07424128125 0.041015625 0.0772715875 0.041015625 0.08030189531250001 0.04296875 0.0833322015625 0.041015625 0.0863625078125 0.041015625 0.089392815625 0.04296875 0.092423121875 0.04296875 0.09545342812499999 0.041015625 0.09848373593750001 0.041015625 0.1015140421875 0.04296875 0.1045443484375 0.04296875 0.11969588281250002 0.041015625 0.12272618906249999 0.04296875 0.12575649687499998 0.04296875 0.1560595640625 0.041015625 0.1590898703125 0.041015625 0.168180790625 0.0390625 0.1712110984375 0.0390625 0.1924232453125 0.037109375 0.1954535515625 0.037109375 0.20454447187499997 0.03515625 0.2075747796875 0.03515625 0.22575662031250002 0.033203125 0.2287869265625 0.033203125 0.234847540625 0.03125 0.23787784687500002 0.03125 0.2651506078125 0.033203125 0.2681809140625 0.033203125 0.29545367499999997 0.03125 0.2984839828125 0.03125 0.3045445953125 0.029296875 0.307574903125 0.029296875 0.32878704999999997 0.02734375 0.33181735625000003 0.029296875 0.3348476640625 0.029296875 0.38636287812500003 0.03125 0.3893931859375 0.03125 0.3924234921875 0.029296875 0.3954537984375 0.029296875 0.40757502656250005 0.03125 0.4106053328125 0.029296875 0.4136356390625 0.029296875 0.4348477875 0.02734375 0.43787809375000003 0.02734375 0.4681811609375 0.029296875 0.47121146875 0.029296875 0.47424177500000003 0.02734375 0.47727208125000004 0.02734375 0.4833326953125 0.025390625 0.48636300156249995 0.025390625 0.562120671875 0.02734375 0.5651509781249999 0.02734375 0.5772722046875 0.025390625 0.5803025125 0.025390625 0.6803026359375 0.0234375 0.6833329421875 0.0234375 0.7227269296875 0.025390625 0.7257572375 0.025390625 0.746969384375 0.02734375 0.7499996906249999 0.02734375 0.765151225 0.029296875 0.76818153125 0.029296875 0.780302759375 0.02734375 0.783333065625 0.02734375 0.8045452140625 0.025390625 0.8075755203125 0.025390625 0.8166664406249999 0.0234375 0.8196967468749999 0.0234375 0.8530301218749999 0.025390625 0.856060428125 0.025390625 0.86818165625 0.02734375 0.8712119625 0.02734375 0.8772725765624999 0.029296875 0.8803028828125001 0.029296875 0.9045453359375 0.02734375 0.9075756437500001 0.02734375 0.9257574843749999 0.025390625 0.9287877906249999 0.025390625 0.9348484046875001 0.0234375 0.9378787109375001 0.0234375 0.9499999390625 0.0263671875 0.9545453984375 0.0283203125 0.9545453984375 0.0302734375 0.9575757046875 0.0322265625 0.9575757046875 0.0341796875 0.9606060125000001 0.0595703125 0.9606060125000001 0.0615234375 0.9575757046875 0.0654296875 0.9575757046875 0.0673828125 0.9606060125000001 0.0693359375 0.9575757046875 0.0791015625 0.9575757046875 0.0810546875 0.9606060125000001 0.0830078125 0.9606060125000001 0.0849609375 0.9636363187500001 0.1025390625 0.9636363187500001 0.1044921875 0.9606060125000001 0.1064453125 0.9606060125000001 0.1103515625 0.9545453984375 0.1123046875 0.9545453984375 0.1142578125 0.9575757046875 0.1279296875 0.9575757046875 0.1298828125 0.9606060125000001 0.1396484375 0.9606060125000001 0.1416015625 0.9575757046875 0.1533203125 0.9575757046875 0.1552734375 0.9606060125000001 0.1630859375 0.9606060125000001 0.1650390625 0.9636363187500001 0.1708984375 0.9636363187500001 0.1728515625 0.966666625 0.1845703125 0.966666625 0.1865234375 0.9636363187500001 0.1904296875 0.9636363187500001 0.1923828125 0.9606060125000001 0.1943359375 0.9606060125000001 0.1962890625 0.9575757046875 0.1982421875 0.9575757046875 0.2001953125 0.9606060125000001 0.2021484375 0.9606060125000001 0.2060546875 0.966666625 0.2099609375 0.966666625 0.2119140625 0.9696969328125 0.2333984375 0.9696969328125 0.234375 0.9681817781250001 0.234375 0.965151471875 0.2392578125 0.9575757046875 0.2470703125 0.9575757046875 0.2509765625 0.9636363187500001 0.2744140625 0.9636363187500001 0.2763671875 0.9606060125000001 0.2822265625 0.9606060125000001 0.2841796875 0.9636363187500001 0.2880859375 0.9636363187500001 0.2890625 0.965151471875 0.2890625 0.9681817781250001 0.2919921875 0.9727272390625 0.2958984375 0.9727272390625 0.2978515625 0.9757575453125 0.3056640625 0.9757575453125 0.3076171875 0.9727272390625 0.3173828125 0.9727272390625 0.318359375 0.9712120859375 0.318359375 0.9681817781250001 0.3212890625 0.9636363187500001 0.3232421875 0.9636363187500001 0.3251953125 0.9606060125000001 0.3291015625 0.9606060125000001 0.3330078125 0.966666625 0.3427734375 0.966666625 0.3447265625 0.9696969328125 0.3466796875 0.9696969328125 0.3486328125 0.966666625 0.3525390625 0.966666625 0.3544921875 0.9636363187500001 0.3583984375 0.9636363187500001 0.3603515625 0.966666625 0.3623046875 0.966666625 0.3642578125 0.9696969328125 0.3955078125 0.9696969328125 0.3974609375 0.966666625 0.4013671875 0.966666625 0.4033203125 0.9636363187500001 0.4052734375 0.9636363187500001 0.4072265625 0.9606060125000001 0.4111328125 0.9606060125000001 0.4130859375 0.9636363187500001 0.4287109375 0.9636363187500001 0.4306640625 0.966666625 0.4521484375 0.966666625 0.4560546875 0.9606060125000001 0.4580078125 0.9606060125000001 0.4619140625 0.966666625 0.4755859375 0.966666625 0.4775390625 0.9727272390625 0.4892578125 0.9727272390625 0.4931640625 0.966666625 0.4970703125 0.966666625 0.4990234375 0.9636363187500001 0.5048828125 0.9636363187500001 0.5068359375 0.966666625 0.5107421875 0.966666625 0.5126953125 0.9696969328125 0.5322265625 0.9696969328125 0.5341796875 0.966666625 0.5361328125 0.966666625 0.5380859375 0.9636363187500001 0.5458984375 0.9636363187500001 0.5478515625 0.966666625 0.5517578125 0.966666625 0.5537109375 0.9636363187500001 0.5810546875 0.9636363187500001 0.5830078125 0.9606060125000001 0.5869140625 0.9606060125000001 0.5888671875 0.9636363187500001 0.5908203125 0.9636363187500001 0.5927734375 0.966666625 0.6005859375 0.966666625 0.6025390625 0.9696969328125 0.6044921875 0.9696969328125 0.6064453125 0.966666625 0.6201171875 0.966666625 0.6220703125 0.9636363187500001 0.6259765625 0.9636363187500001 0.6279296875 0.9606060125000001 0.6298828125 0.9606060125000001 0.63671875 0.9712120859375 0.63671875 0.9772726984375 0.6396484375 0.9818181593749999 0.6572265625 0.9818181593749999 0.6591796875 0.9787878531249999 0.6611328125 0.9787878531249999 0.662109375 0.9772726984375 0.662109375 0.9742423921875 0.6640625 0.9712120859375 0.6640625 0.9681817781250001 0.6650390625 0.966666625 0.6669921875 0.966666625 0.6689453125 0.9636363187500001 0.6728515625 0.9636363187500001 0.6787109375 0.9727272390625 0.7041015625 0.9727272390625 0.7060546875 0.9696969328125 0.7080078125 0.9696969328125 0.7099609375 0.966666625 0.7119140625 0.9696969328125 0.7158203125 0.9696969328125 0.71875 0.9742423921875 0.71875 0.9772726984375 0.7216796875 0.9818181593749999 0.7373046875 0.9818181593749999 0.7392578125 0.9787878531249999 0.7431640625 0.9787878531249999 0.74609375 0.9742423921875 0.74609375 0.9712120859375 0.7470703125 0.9696969328125 0.7509765625 0.9696969328125 0.7529296875 0.966666625 0.7548828125 0.966666625 0.7568359375 0.9696969328125 0.7626953125 0.9696969328125 0.7646484375 0.966666625 0.7763671875 0.966666625 0.7783203125 0.9696969328125 0.7998046875 0.9696969328125 0.8037109375 0.9636363187500001 0.8115234375 0.9636363187500001 0.8134765625 0.966666625 0.8173828125 0.966666625 0.8193359375 0.9696969328125 0.8427734375 0.9696969328125 0.8447265625 0.9727272390625 0.8486328125 0.966666625 0.8583984375 0.966666625 0.8623046875 0.9727272390625 0.8818359375 0.9727272390625 0.8876953125 0.9636363187500001 0.8896484375 0.9636363187500001 0.8916015625 0.9606060125000001 0.8935546875 0.9636363187500001 0.8974609375 0.9636363187500001 0.8994140625 0.9696969328125 0.9189453125 0.9696969328125 0.9208984375 0.966666625 0.9248046875 0.966666625 0.9267578125 0.9636363187500001 0.9287109375 0.9636363187500001 0.9326171875 0.9575757046875 0.9345703125 0.9575757046875 0.9365234375 0.9606060125000001 0.9384765625 0.9606060125000001 0.9404296875 0.9636363187500001 0.9443359375 0.9636363187500001 0.9462890625 0.9606060125000001 0.9521484375 0.9606060125000001 0.953125 0.9590908593749999 0.953125 0.9530302453124999 0.951171875 0.9499999390625 0.951171875 0.9378787109375001 0.953125 0.9348484046875001 0.953125 0.9318180984375 0.955078125 0.9287877906249999 0.955078125 0.9106059500000001 0.95703125 0.9075756437500001 0.955078125 0.9045453359375 0.955078125 0.8954544156249999 0.953125 0.892424109375 0.953125 0.8833331890625 0.9560546875 0.8787877296875 0.9580078125 0.8787877296875 0.9609375 0.87424226875 0.9609375 0.8439392015625 0.958984375 0.84090889375 0.958984375 0.8378785875 0.95703125 0.83484828125 0.95703125 0.8287876671875001 0.953125 0.8227270531249999 0.953125 0.8196967468749999 0.951171875 0.8166664406249999 0.951171875 0.8106058265625 0.955078125 0.8045452140625 0.955078125 0.8015149062500001 0.95703125 0.7984846 0.95703125 0.783333065625 0.955078125 0.780302759375 0.955078125 0.7772724515625 0.953125 0.7742421453125 0.953125 0.7712118390625 0.951171875 0.76818153125 0.951171875 0.7560603046875001 0.9560546875 0.7484845375 0.9599609375 0.7484845375 0.9609375 0.746969384375 0.9609375 0.7106057031249999 0.95703125 0.7045450890625 0.95703125 0.7015147828125 0.953125 0.69545416875 0.953125 0.6863632484375 0.955078125 0.6833329421875 0.955078125 0.6803026359375 0.9560546875 0.6787874828125 0.9580078125 0.6787874828125 0.958984375 0.677272328125 0.958984375 0.674242021875 0.9609375 0.6712117156249999 0.9609375 0.6499995671875001 0.953125 0.637878340625 0.953125 0.6257571140625 0.955078125 0.62272680625 0.955078125 0.61666619375 0.95703125 0.6136358859375 0.95703125 0.5893934328125 0.953125 0.58333281875 0.953125 0.5712115921875001 0.955078125 0.568181284375 0.955078125 0.5651509781249999 0.95703125 0.562120671875 0.95703125 0.5409085234375001 0.953125 0.5348479109375 0.953125 0.531817603125 0.951171875 0.528787296875 0.951171875 0.5196963765625 0.9541015625 0.5151509171875001 0.9560546875 0.5151509171875001 0.95703125 0.5136357625 0.95703125 0.5045448421875001 0.958984375 0.5015145359375001 0.958984375 0.495453921875 0.95703125 0.49242361562500003 0.95703125 0.47424177500000003 0.955078125 0.47121146875 0.955078125 0.4651508546875 0.953125 0.46212054843750006 0.953125 0.4439387078125 0.95703125 0.43787809375000003 0.95703125 0.4136356390625 0.951171875 0.40454471875 0.951171875 0.3924234921875 0.95703125 0.38333257187499997 0.95703125 0.377271959375 0.958984375 0.3742416515625 0.958984375 0.34393858437499997 0.95703125 0.3409082765625 0.95703125 0.3378779703125 0.951171875 0.32878704999999997 0.951171875 0.32575674375 0.94921875 0.3227264359375 0.951171875 0.3196961296875 0.951171875 0.3166658234375 0.9521484375 0.3151506703125 0.9541015625 0.3151506703125 0.955078125 0.313635515625 0.955078125 0.31060520937499997 0.95703125 0.307574903125 0.95703125 0.2863627546875 0.953125 0.2803021421875 0.953125 0.2621203015625 0.955078125 0.25908999375 0.955078125 0.2499990734375 0.95703125 0.2469687671875 0.95703125 0.23181723281250002 0.955078125 0.2287869265625 0.955078125 0.22575662031250002 0.95703125 0.2227263125 0.955078125 0.21969600625000002 0.955078125 0.2136353921875 0.951171875 0.2075747796875 0.951171875 0.198483859375 0.95703125 0.18939293906250002 0.95703125 0.168180790625 0.955078125 0.165150484375 0.955078125 0.1560595640625 0.953125 0.1530292578125 0.953125 0.1378777234375 0.955078125 0.13484741718749998 0.955078125 0.12575649687499998 0.95703125 0.12272618906249999 0.95703125 0.09545342812499999 0.951171875 0.0863625078125 0.951171875 0.0772715875 0.953125 0.07424128125 0.953125 0.071210975 0.955078125 0.0681806671875 0.955078125 0.043938214062499995 0.9501953125 0.036362446874999996 0.9443359375 0.036362446874999996 0.9423828125 0.039392753125 0.9404296875 0.039392753125 0.9375 0.043938214062499995 0.9375 0.0469685203125 0.9365234375 0.0484836734375 0.9287109375 0.0484836734375 0.9267578125 0.045453367187499996 0.9130859375 0.045453367187499996 0.9111328125 0.042423059375 0.9091796875 0.042423059375 0.9072265625 0.045453367187499996 0.9013671875 0.045453367187499996 0.8994140625 0.0484836734375 0.8974609375 0.0484836734375 0.8955078125 0.045453367187499996 0.8935546875 0.045453367187499996 0.8916015625 0.042423059375 0.8564453125 0.042423059375 0.8544921875 0.045453367187499996 0.8505859375 0.045453367187499996 0.8466796875 0.039392753125 0.8271484375 0.039392753125 0.8251953125 0.042423059375 0.8212890625 0.042423059375 0.8193359375 0.045453367187499996 0.8173828125 0.045453367187499996 0.8154296875 0.042423059375 0.7939453125 0.042423059375 0.7919921875 0.045453367187499996 0.7822265625 0.045453367187499996 0.7783203125 0.0515139796875 0.7724609375 0.0515139796875 0.771484375 0.0499988265625 0.771484375 0.0469685203125 0.7646484375 0.036362446874999996 0.7587890625 0.036362446874999996 0.7568359375 0.033332140625 0.7548828125 0.033332140625 0.7529296875 0.036362446874999996 0.7470703125 0.036362446874999996 0.7431640625 0.042423059375 0.7412109375 0.042423059375 0.7392578125 0.045453367187499996 0.7333984375 0.045453367187499996 0.7275390625 0.036362446874999996 0.7255859375 0.036362446874999996 0.7236328125 0.033332140625 0.7080078125 0.033332140625 0.7041015625 0.039392753125 0.6982421875 0.039392753125 0.6943359375 0.033332140625 0.6923828125 0.033332140625 0.6904296875 0.030301832812500002 0.6689453125 0.030301832812500002 0.6669921875 0.033332140625 0.6552734375 0.033332140625 0.6533203125 0.030301832812500002 0.6259765625 0.030301832812500002 0.6201171875 0.039392753125 0.6142578125 0.039392753125 0.6103515625 0.033332140625 0.6083984375 0.033332140625 0.6064453125 0.030301832812500002 0.5908203125 0.030301832812500002 0.5869140625 0.036362446874999996 0.5849609375 0.036362446874999996 0.5830078125 0.039392753125 0.5791015625 0.039392753125 0.5771484375 0.036362446874999996 0.5751953125 0.036362446874999996 0.5732421875 0.033332140625 0.5576171875 0.033332140625 0.5556640625 0.030301832812500002 0.5498046875 0.030301832812500002 0.5478515625 0.033332140625 0.5400390625 0.033332140625 0.5380859375 0.036362446874999996 0.5361328125 0.036362446874999996 0.5341796875 0.039392753125 0.5322265625 0.036362446874999996 0.5302734375 0.036362446874999996 0.5283203125 0.033332140625 0.5146484375 0.033332140625 0.5126953125 0.036362446874999996 0.5068359375 0.036362446874999996 0.5048828125 0.039392753125 0.4990234375 0.039392753125 0.4951171875 0.033332140625 0.4755859375 0.033332140625 0.4736328125 0.036362446874999996 0.4716796875 0.036362446874999996 0.4697265625 0.033332140625 0.4658203125 0.033332140625 0.4619140625 0.039392753125 0.4541015625 0.039392753125 0.453125 0.0378776 0.453125 0.03484729375 0.4521484375 0.033332140625 0.4501953125 0.033332140625 0.4482421875 0.030301832812500002 0.4189453125 0.030301832812500002 0.4169921875 0.033332140625 0.4130859375 0.033332140625 0.4111328125 0.036362446874999996 0.4033203125 0.036362446874999996 0.4013671875 0.033332140625 0.3857421875 0.033332140625 0.3837890625 0.036362446874999996 0.3818359375 0.036362446874999996 0.3798828125 0.039392753125 0.3740234375 0.039392753125 0.3701171875 0.033332140625 0.3447265625 0.033332140625 0.3427734375 0.030301832812500002 0.3388671875 0.030301832812500002 0.3369140625 0.033332140625 0.3330078125 0.033332140625 0.3310546875 0.036362446874999996 0.3251953125 0.036362446874999996 0.3232421875 0.033332140625 0.3212890625 0.033332140625 0.3193359375 0.030301832812500002 0.3037109375 0.030301832812500002 0.3017578125 0.033332140625 0.2978515625 0.033332140625 0.2958984375 0.036362446874999996 0.2939453125 0.036362446874999996 0.2919921875 0.033332140625 0.2763671875 0.033332140625 0.2744140625 0.036362446874999996 0.2470703125 0.036362446874999996 0.2451171875 0.039392753125 0.2431640625 0.036362446874999996 0.2412109375 0.036362446874999996 0.2373046875 0.030301832812500002 0.2060546875 0.030301832812500002 0.2041015625 0.033332140625 0.2001953125 0.033332140625 0.1982421875 0.036362446874999996 0.1962890625 0.036362446874999996 0.1943359375 0.039392753125 0.1904296875 0.039392753125 0.1884765625 0.036362446874999996 0.1865234375 0.036362446874999996 0.1845703125 0.033332140625 0.1708984375 0.033332140625 0.1689453125 0.036362446874999996 0.1611328125 0.036362446874999996 0.1591796875 0.039392753125 0.1552734375 0.039392753125 0.154296875 0.0378776 0.154296875 0.03484729375 0.1533203125 0.033332140625 0.1513671875 0.033332140625 0.1494140625 0.030301832812500002 0.1298828125 0.030301832812500002 0.1279296875 0.033332140625 0.1220703125 0.033332140625 0.1181640625 0.039392753125 0.1162109375 0.039392753125 0.1142578125 0.042423059375 0.1123046875 0.042423059375 0.109375 0.0378776 0.109375 0.03484729375 0.1083984375 0.033332140625 0.0927734375 0.033332140625 0.0908203125 0.030301832812500002 0.0869140625 0.030301832812500002 0.0859375 0.0318169859375 0.0849609375 0.033332140625 0.0791015625 0.033332140625 0.0771484375 0.036362446874999996 0.0751953125 0.033332140625 0.0478515625 0.033332140625 0.0458984375 0.036362446874999996
