0 0.50625 0.51484375 0.965625 0.946875
2 0.0375 0.284375 0.025 0.0171875
2 0.03515625 0.37421875 0.01875 0.0125
2 0.04609375 0.67421875 0.025 0.01875
2 0.05390625 0.9078125 0.0265625 0.021875
2 0.0546875 0.9515625 0.03125 0.0171875
2 0.06953125 0.98046875 0.0203125 0.015625
2 0.975 0.8546875 0.0203125 0.0203125
2 0.975 0.74609375 0.021875 0.0203125
2 0.9796875 0.66328125 0.01875 0.01875
2 0.97890625 0.5578125 0.01875 0.01875
2 0.97734375 0.4234375 0.01875 0.0171875
2 0.61875 0.0546875 0.0203125 0.015625
2 0.5453125 0.0515625 0.0203125 0.015625
2 0.325 0.053125 0.028125 0.015625
2 0.25078125 0.04765625 0.021875 0.015625
