0 0.1276864734375 0.9592585046875 0.9778761062499999 0.9623141171875 0.985777496875 0.810552046875 1 0.7677734765625 0.9873577750000001 0.7504583421875 0.9889380531249999 0.0272968015625 0.040771175 0.0334080265625 0.036030340625000004 0.8584233046874999 0.042351453125 0.9052760234375 0.048672565625000004 0.9348136078125 0.08975979843750001 0.9562028921874999 0.1276864734375 0.9592585046875
2 0.97578125 0.940625 0.0265625 0.0203125
2 0.97578125 0.8953125 0.0203125 0.0265625
2 0.98125 0.8109375 0.025 0.0234375
2 0.98515625 0.7578125 0.0296875 0.01875
2 0.98359375 0.67421875 0.0234375 0.0203125
2 0.98046875 0.503125 0.0265625 0.0265625
2 0.9859375 0.4640625 0.021875 0.01875
2 0.9859375 0.3640625 0.028125 0.025
2 0.9859375 0.3296875 0.028125 0.0203125
2 0.9453125 0.9578125 0.0296875 0.0125
2 0.88671875 0.96015625 0.0375 0.0140625
2 0.8140625 0.96015625 0.040625 0.0203125
2 0.7640625 0.959375 0.0328125 0.015625
2 0.6921875 0.9609375 0.025 0.01875
2 0.63359375 0.96015625 0.03125 0.0203125
2 0.525 0.9578125 0.0328125 0.021875
2 0.4546875 0.95703125 0.03125 0.015625
2 0.3265625 0.95546875 0.03125 0.01875
2 0.20859375 0.95546875 0.05625 0.0234375
1 0.0828125 0.93125 0.121875 0.075
