0 0.976295828125 0.0262782640625 0.04393173125 0.0334080265625 0.029709228124999997 0.9562028921874999 0.9288874843749999 0.9612955796874999 0.9541719343749999 0.9378692203125001 0.976295828125 0.0262782640625
2 0.95390625 0.9 0.025 0.015625
2 0.9578125 0.86640625 0.0203125 0.0171875
2 0.96171875 0.8171875 0.01875 0.0125
2 0.9671875 0.76171875 0.021875 0.01875
2 0.9609375 0.67890625 0.0265625 0.0171875
2 0.9578125 0.63671875 0.0296875 0.01875
2 0.9625 0.59921875 0.0234375 0.0203125
2 0.9640625 0.51171875 0.0234375 0.01875
2 0.9640625 0.465625 0.0265625 0.01875
2 0.9625 0.4203125 0.0234375 0.0171875
2 0.9640625 0.33671875 0.0234375 0.0234375
2 0.9671875 0.29140625 0.028125 0.01875
2 0.9609375 0.253125 0.0203125 0.0203125
2 0.96328125 0.2046875 0.028125 0.01875
2 0.9625 0.12421875 0.0265625 0.021875
2 0.97265625 0.08203125 0.0234375 0.0203125
2 0.1734375 0.03984375 0.03125 0.015625
2 0.04140625 0.19375 0.0140625 0.0125
2 0.03828125 0.24296875 0.0203125 0.0171875
2 0.0390625 0.459375 0.025 0.021875
2 0.034375 0.6171875 0.01875 0.0171875
2 0.040625 0.93515625 0.021875 0.0171875
2 0.0796875 0.95234375 0.0234375 0.01875
2 0.1390625 0.95625 0.03125 0.01875
2 0.1984375 0.95703125 0.015625 0.0234375
2 0.265625 0.95703125 0.0171875 0.015625
2 0.3171875 0.95546875 0.028125 0.015625
2 0.396875 0.95625 0.0296875 0.01875
2 0.45234375 0.95859375 0.0234375 0.0171875
2 0.51796875 0.95859375 0.03125 0.01875
2 0.571875 0.9609375 0.025 0.0125
2 0.88984375 0.96171875 0.0296875 0.0109375
2 0.81484375 0.95859375 0.03125 0.015625
2 0.75859375 0.96015625 0.034375 0.021875
2 0.68984375 0.95859375 0.040625 0.025
2 0.62890625 0.959375 0.03125 0.0203125
