2 0.1015625 0.02890625 0.01640625 0.0265625
2 0.14140625 0.02734375 0.01796875 0.021875
2 0.23984375 0.02421875 0.015625 0.02109375
2 0.28125 0.02265625 0.01796875 0.021875
2 0.32421875 0.025 0.0171875 0.0234375
2 0.36328125 0.025 0.01875 0.025
2 0.4078125 0.02578125 0.01640625 0.02109375
2 0.45078125 0.02109375 0.01875 0.0234375
2 0.4921875 0.021875 0.015625 0.02109375
2 0.53671875 0.02109375 0.01796875 0.01953125
2 0.584375 0.02265625 0.0140625 0.028125
2 0.66796875 0.02109375 0.01953125 0.0203125
2 0.71171875 0.0234375 0.0140625 0.02265625
2 0.75 0.021875 0.01484375 0.01875
2 0.79609375 0.02578125 0.0140625 0.01796875
2 0.0390625 0.1921875 0.01484375 0.02421875
2 0.03984375 0.240625 0.0109375 0.02578125
2 0.03828125 0.3125 0.01796875 0.02734375
2 0.03828125 0.371875 0.01640625 0.034375
2 0.0390625 0.42578125 0.0125 0.02421875
2 0.040625 0.478125 0.0203125 0.0234375
2 0.040625 0.54921875 0.0125 0.0265625
2 0.0453125 0.68125 0.009375 0.0234375
2 0.04453125 0.60625 0.01484375 0.021875
2 0.04453125 0.7984375 0.01171875 0.02734375
2 0.04375 0.86015625 0.0140625 0.02421875
2 0.04765625 0.92265625 0.01171875 0.028125
2 0.06796875 0.959375 0.01640625 0.01875
2 0.09921875 0.95703125 0.01640625 0.015625
2 0.14609375 0.96328125 0.01484375 0.0171875
2 0.17890625 0.9625 0.01796875 0.02421875
2 0.2265625 0.95390625 0.0125 0.0234375
2 0.2640625 0.96171875 0.0140625 0.01875
2 0.29921875 0.9640625 0.01796875 0.02109375
2 0.33828125 0.965625 0.0171875 0.01796875
2 0.38359375 0.9640625 0.0140625 0.01953125
2 0.4984375 0.9625 0.0125 0.01640625
2 0.5421875 0.96015625 0.01171875 0.01796875
2 0.62421875 0.96171875 0.01796875 0.02265625
2 0.67265625 0.96171875 0.0140625 0.0203125
2 0.70546875 0.96015625 0.015625 0.015625
2 0.7640625 0.96171875 0.03125 0.02734375
2 0.80703125 0.9546875 0.01171875 0.021875
2 0.84375 0.95546875 0.0109375 0.01640625
2 0.8859375 0.9515625 0.01171875 0.0171875
0 0.977795884375 0.4756637171875 0.978814421875 0.22597977187499999 0.9818700343750001 0.035082175 0.9602770421875 0.004424778125 0.9559991859375 0.0025284453124999997 0.948665715625 0.001896334375 0.21389285 0.018015170312500002 0.0749643515625 0.030341340625 0.06783458906249999 0.032237673437499996 0.0611122421875 0.0353982296875 0.0464453046875 0.05088495625 0.0407414953125 0.061314790625000004 0.0364636375 0.077433628125 0.0407414953125 0.9054993671875 0.04685271875 0.970290771875 0.9676105109375 0.9639696593749999 0.977795884375 0.4756637171875
