2 0.8265625 0.10234375 0.025 0.0125
2 0.7703125 0.10390625 0.021875 0.0203125
2 0.721875 0.1046875 0.0234375 0.0125
2 0.6703125 0.10078125 0.0265625 0.015625
2 0.621875 0.1015625 0.0265625 0.015625
2 0.57890625 0.0984375 0.028125 0.0125
2 0.53671875 0.103125 0.0234375 0.009375
2 0.4859375 0.10390625 0.021875 0.009375
2 0.4390625 0.10625 0.021875 0.01875
2 0.3765625 0.10703125 0.021875 0.0171875
2 0.3375 0.1015625 0.015625 0.0125
2 0.28125 0.103125 0.021875 0.0140625
2 0.23203125 0.10234375 0.0265625 0.0125
2 0.18984375 0.10703125 0.025 0.0109375
2 0.15703125 0.1203125 0.0234375 0.0125
2 0.14921875 0.46875 0.01875 0.0125
2 0.1515625 0.50625 0.0171875 0.0171875
2 0.1515625 0.54921875 0.01875 0.015625
2 0.1515625 0.571875 0.01875 0.0125
2 0.146875 0.6171875 0.015625 0.0125
2 0.8765625 0.85859375 0.021875 0.021875
2 0.25390625 0.8515625 0.0203125 0.0125
2 0.8765625 0.75390625 0.0140625 0.0125
2 0.8734375 0.7234375 0.0296875 0.0171875
2 0.8734375 0.684375 0.021875 0.0140625
2 0.87578125 0.61328125 0.0140625 0.0125
2 0.878125 0.15234375 0.021875 0.01875
2 0.88046875 0.18203125 0.0234375 0.015625
2 0.87890625 0.4015625 0.021875 0.0125
2 0.8765625 0.36796875 0.021875 0.0109375
2 0.875 0.78984375 0.0203125 0.0125
2 0.87734375 0.82109375 0.015625 0.01875
0 0.1533203125 0.8115234375 0.1474609375 0.8154296875 0.150390625 0.8173828125 0.150390625 0.8271484375 0.1533203125 0.8291015625 0.1533203125 0.8486328125 0.15625 0.8505859375 0.15625 0.8544921875 0.15771484375 0.85546875 0.16064453125 0.85546875 0.16357421875 0.857421875 0.18115234375 0.857421875 0.18408203125 0.85546875 0.18994140625 0.85546875 0.19287109375 0.853515625 0.20458984375 0.853515625 0.20751953125 0.85546875 0.22509765625 0.85546875 0.23095703125 0.8515625 0.23974609375 0.8515625 0.24267578125 0.849609375 0.24560546875 0.849609375 0.24853515625 0.84765625 0.25732421875 0.84765625 0.26025390625 0.849609375 0.26318359375 0.849609375 0.26611328125 0.8515625 0.27783203125 0.8515625 0.28076171875 0.853515625 0.28662109375 0.853515625 0.28955078125 0.85546875 0.29541015625 0.85546875 0.29833984375 0.857421875 0.34228515625 0.857421875 0.34521484375 0.85546875 0.35400390625 0.85546875 0.35693359375 0.857421875 0.36865234375 0.857421875 0.37158203125 0.859375 0.40087890625 0.859375 0.40380859375 0.861328125 0.40966796875 0.861328125 0.41259765625 0.859375 0.42138671875 0.859375 0.42431640625 0.861328125 0.43310546875 0.861328125 0.43603515625 0.859375 0.45361328125 0.859375 0.45654296875 0.861328125 0.46533203125 0.861328125 0.46826171875 0.86328125 0.48876953125 0.86328125 0.49169921875 0.865234375 0.50341796875 0.865234375 0.50634765625 0.86328125 0.53564453125 0.86328125 0.53857421875 0.865234375 0.55322265625 0.865234375 0.55615234375 0.86328125 0.56494140625 0.86328125 0.56787109375 0.861328125 0.57373046875 0.861328125 0.57666015625 0.86328125 0.64697265625 0.86328125 0.64990234375 0.865234375 0.65869140625 0.865234375 0.66162109375 0.8671875 0.66748046875 0.8671875 0.67041015625 0.865234375 0.73779296875 0.865234375 0.74072265625 0.86328125 0.75830078125 0.86328125 0.76123046875 0.861328125 0.76416015625 0.86328125 0.76708984375 0.86328125 0.77001953125 0.865234375 0.80810546875 0.865234375 0.81103515625 0.86328125 0.83447265625 0.86328125 0.83740234375 0.865234375 0.85498046875 0.865234375 0.85791015625 0.86328125 0.86083984375 0.86328125 0.876953125 0.8525390625 0.876953125 0.8291015625 0.8740234375 0.8271484375 0.8740234375 0.8173828125 0.876953125 0.8154296875 0.876953125 0.8037109375 0.8740234375 0.8017578125 0.8740234375 0.7978515625 0.87109375 0.7958984375 0.87109375 0.7939453125 0.8681640625 0.7919921875 0.8681640625 0.7880859375 0.87109375 0.7861328125 0.87109375 0.7783203125 0.8740234375 0.7763671875 0.8740234375 0.7568359375 0.87109375 0.7548828125 0.87109375 0.7529296875 0.8740234375 0.7509765625 0.8740234375 0.7490234375 0.876953125 0.7470703125 0.876953125 0.7314453125 0.87109375 0.7275390625 0.87109375 0.7255859375 0.8681640625 0.7236328125 0.8681640625 0.7197265625 0.86962890625 0.71875 0.87255859375 0.71875 0.876953125 0.7158203125 0.876953125 0.7001953125 0.8740234375 0.6982421875 0.8740234375 0.6962890625 0.876953125 0.6943359375 0.876953125 0.6904296875 0.87548828125 0.689453125 0.86962890625 0.689453125 0.865234375 0.6865234375 0.865234375 0.6826171875 0.86962890625 0.6796875 0.87255859375 0.6796875 0.8740234375 0.6787109375 0.8740234375 0.6767578125 0.876953125 0.6748046875 0.876953125 0.6650390625 0.8740234375 0.6630859375 0.8740234375 0.6552734375 0.87109375 0.6533203125 0.87109375 0.6513671875 0.8740234375 0.6494140625 0.8740234375 0.6474609375 0.876953125 0.6455078125 0.876953125 0.6240234375 0.8740234375 0.6220703125 0.8740234375 0.6201171875 0.8681640625 0.6162109375 0.8681640625 0.6123046875 0.876953125 0.6064453125 0.876953125 0.5947265625 0.8798828125 0.5927734375 0.8798828125 0.5615234375 0.876953125 0.5595703125 0.876953125 0.5556640625 0.8740234375 0.5537109375 0.8740234375 0.5517578125 0.87109375 0.5498046875 0.87109375 0.5439453125 0.8740234375 0.5419921875 0.8740234375 0.5166015625 0.87109375 0.5146484375 0.87109375 0.5068359375 0.876953125 0.5029296875 0.876953125 0.4794921875 0.8740234375 0.4775390625 0.8740234375 0.4755859375 0.87109375 0.4736328125 0.87109375 0.4697265625 0.8740234375 0.4677734375 0.8740234375 0.4658203125 0.876953125 0.4638671875 0.876953125 0.4404296875 0.8740234375 0.4384765625 0.876953125 0.4365234375 0.876953125 0.4326171875 0.8798828125 0.4306640625 0.8798828125 0.4130859375 0.876953125 0.4111328125 0.876953125 0.4072265625 0.87548828125 0.40625 0.87255859375 0.40625 0.87109375 0.4052734375 0.87109375 0.3974609375 0.8740234375 0.3955078125 0.8740234375 0.3857421875 0.876953125 0.3837890625 0.876953125 0.3779296875 0.8740234375 0.3759765625 0.8740234375 0.3720703125 0.87109375 0.3701171875 0.87109375 0.3623046875 0.8740234375 0.3603515625 0.8740234375 0.3310546875 0.876953125 0.3291015625 0.876953125 0.3134765625 0.8798828125 0.3115234375 0.8798828125 0.2998046875 0.8828125 0.2978515625 0.8828125 0.2919921875 0.8857421875 0.2900390625 0.8857421875 0.2822265625 0.8828125 0.2802734375 0.8828125 0.2724609375 0.8798828125 0.2705078125 0.8798828125 0.2626953125 0.8828125 0.2607421875 0.8828125 0.2333984375 0.8798828125 0.2314453125 0.8798828125 0.2275390625 0.876953125 0.2255859375 0.876953125 0.2236328125 0.8740234375 0.2216796875 0.8740234375 0.2177734375 0.87109375 0.2158203125 0.87109375 0.2138671875 0.8740234375 0.2119140625 0.8740234375 0.2041015625 0.876953125 0.2021484375 0.876953125 0.1865234375 0.8740234375 0.1845703125 0.8740234375 0.1787109375 0.876953125 0.1767578125 0.876953125 0.1748046875 0.8798828125 0.1728515625 0.8798828125 0.1708984375 0.8828125 0.1689453125 0.8828125 0.1650390625 0.8798828125 0.1630859375 0.8798828125 0.1611328125 0.8740234375 0.1572265625 0.8740234375 0.1552734375 0.87109375 0.1533203125 0.87109375 0.1494140625 0.8740234375 0.1474609375 0.8740234375 0.1455078125 0.876953125 0.1435546875 0.876953125 0.1298828125 0.8740234375 0.1279296875 0.8740234375 0.1220703125 0.8681640625 0.1181640625 0.8681640625 0.1142578125 0.865234375 0.1123046875 0.865234375 0.1103515625 0.859375 0.1064453125 0.859375 0.1044921875 0.85791015625 0.103515625 0.85205078125 0.103515625 0.84912109375 0.1015625 0.84033203125 0.1015625 0.83740234375 0.103515625 0.83154296875 0.103515625 0.82861328125 0.10546875 0.82275390625 0.10546875 0.81982421875 0.103515625 0.81689453125 0.103515625 0.81396484375 0.1015625 0.81103515625 0.1015625 0.80810546875 0.099609375 0.80517578125 0.1015625 0.78759765625 0.1015625 0.783203125 0.1044921875 0.783203125 0.1064453125 0.78173828125 0.107421875 0.77587890625 0.107421875 0.77294921875 0.109375 0.76708984375 0.109375 0.76416015625 0.107421875 0.76123046875 0.107421875 0.75830078125 0.10546875 0.74072265625 0.10546875 0.73779296875 0.107421875 0.73193359375 0.107421875 0.72900390625 0.109375 0.72314453125 0.109375 0.71875 0.1064453125 0.71875 0.1044921875 0.71142578125 0.099609375 0.68505859375 0.099609375 0.67919921875 0.103515625 0.67626953125 0.103515625 0.67333984375 0.10546875 0.66748046875 0.10546875 0.66162109375 0.1015625 0.63232421875 0.1015625 0.630859375 0.1025390625 0.630859375 0.1044921875 0.62939453125 0.10546875 0.62646484375 0.10546875 0.62353515625 0.107421875 0.62060546875 0.107421875 0.6162109375 0.1044921875 0.6162109375 0.1005859375 0.61474609375 0.099609375 0.59716796875 0.099609375 0.59423828125 0.09765625 0.58544921875 0.103515625 0.57666015625 0.103515625 0.57373046875 0.1015625 0.57080078125 0.1015625 0.56787109375 0.099609375 0.55908203125 0.099609375 0.55615234375 0.1015625 0.55029296875 0.1015625 0.54443359375 0.10546875 0.53271484375 0.10546875 0.53125 0.1044921875 0.53125 0.1025390625 0.52978515625 0.1015625 0.50927734375 0.1015625 0.50634765625 0.099609375 0.50341796875 0.099609375 0.50048828125 0.1015625 0.49462890625 0.1015625 0.4931640625 0.1025390625 0.4931640625 0.1044921875 0.48876953125 0.107421875 0.48291015625 0.107421875 0.478515625 0.1044921875 0.478515625 0.1005859375 0.47705078125 0.099609375 0.45068359375 0.099609375 0.4462890625 0.1025390625 0.4462890625 0.1083984375 0.44482421875 0.109375 0.43896484375 0.109375 0.4375 0.1083984375 0.4375 0.1005859375 0.43603515625 0.099609375 0.43017578125 0.099609375 0.42724609375 0.09765625 0.42138671875 0.09765625 0.41845703125 0.099609375 0.39501953125 0.099609375 0.39208984375 0.1015625 0.38916015625 0.099609375 0.38623046875 0.099609375 0.384765625 0.1005859375 0.384765625 0.1064453125 0.38037109375 0.109375 0.37451171875 0.109375 0.373046875 0.1083984375 0.373046875 0.1025390625 0.37158203125 0.1015625 0.36865234375 0.1015625 0.36572265625 0.099609375 0.35107421875 0.099609375 0.34814453125 0.1015625 0.34521484375 0.1015625 0.34228515625 0.103515625 0.33349609375 0.103515625 0.33203125 0.1025390625 0.33203125 0.1005859375 0.33056640625 0.099609375 0.32470703125 0.099609375 0.32177734375 0.09765625 0.31005859375 0.09765625 0.30712890625 0.099609375 0.29248046875 0.099609375 0.291015625 0.1005859375 0.291015625 0.1025390625 0.28662109375 0.10546875 0.27783203125 0.10546875 0.2763671875 0.1044921875 0.2763671875 0.1005859375 0.27490234375 0.099609375 0.24853515625 0.099609375 0.24560546875 0.1015625 0.24267578125 0.1015625 0.23974609375 0.103515625 0.23095703125 0.103515625 0.22509765625 0.099609375 0.21923828125 0.099609375 0.21630859375 0.1015625 0.19580078125 0.1015625 0.19287109375 0.103515625 0.18994140625 0.1015625 0.18115234375 0.1015625 0.17822265625 0.099609375 0.17529296875 0.099609375 0.17236328125 0.1015625 0.16064453125 0.1015625 0.15625 0.1044921875 0.15625 0.1142578125 0.1591796875 0.1162109375 0.1591796875 0.1767578125 0.15625 0.1787109375 0.15625 0.2060546875 0.1591796875 0.2080078125 0.1591796875 0.2236328125 0.162109375 0.2255859375 0.162109375 0.2294921875 0.1650390625 0.2314453125 0.1650390625 0.2509765625 0.1591796875 0.2548828125 0.1591796875 0.2763671875 0.15625 0.2783203125 0.15625 0.2841796875 0.1533203125 0.2861328125 0.1533203125 0.2958984375 0.150390625 0.2978515625 0.150390625 0.3056640625 0.1533203125 0.3076171875 0.150390625 0.3095703125 0.150390625 0.3115234375 0.14892578125 0.3125 0.14599609375 0.3125 0.14453125 0.3134765625 0.14453125 0.3388671875 0.1474609375 0.3408203125 0.1474609375 0.3466796875 0.14453125 0.3486328125 0.14453125 0.3583984375 0.1474609375 0.3603515625 0.1474609375 0.3720703125 0.150390625 0.3740234375 0.150390625 0.3759765625 0.1533203125 0.3779296875 0.150390625 0.3798828125 0.150390625 0.3857421875 0.1474609375 0.3876953125 0.1474609375 0.3955078125 0.150390625 0.3974609375 0.150390625 0.4033203125 0.1533203125 0.4052734375 0.1533203125 0.4072265625 0.150390625 0.4091796875 0.150390625 0.4208984375 0.1533203125 0.4228515625 0.150390625 0.4248046875 0.150390625 0.4462890625 0.1474609375 0.4482421875 0.1474609375 0.4541015625 0.14453125 0.4560546875 0.1474609375 0.4580078125 0.1474609375 0.4658203125 0.150390625 0.4677734375 0.150390625 0.4755859375 0.1474609375 0.4775390625 0.1474609375 0.4892578125 0.150390625 0.4912109375 0.150390625 0.5009765625 0.1533203125 0.5029296875 0.1533203125 0.5107421875 0.1474609375 0.5146484375 0.1474609375 0.5400390625 0.150390625 0.5419921875 0.150390625 0.5458984375 0.1533203125 0.5478515625 0.1533203125 0.5517578125 0.1474609375 0.5556640625 0.1474609375 0.5654296875 0.150390625 0.5673828125 0.150390625 0.5693359375 0.1533203125 0.5712890625 0.1533203125 0.5751953125 0.150390625 0.5771484375 0.150390625 0.5791015625 0.1474609375 0.5810546875 0.1474609375 0.6201171875 0.14453125 0.6220703125 0.14453125 0.6396484375 0.1474609375 0.6416015625 0.1474609375 0.6455078125 0.14453125 0.6474609375 0.14453125 0.6533203125 0.1474609375 0.6552734375 0.1474609375 0.6728515625 0.150390625 0.6748046875 0.150390625 0.6904296875 0.1474609375 0.6923828125 0.1474609375 0.7099609375 0.14453125 0.7119140625 0.14453125 0.7158203125 0.1474609375 0.7177734375 0.1474609375 0.7275390625 0.14453125 0.7294921875 0.14453125 0.7314453125 0.1416015625 0.7333984375 0.1416015625 0.7431640625 0.14306640625 0.744140625 0.14453125 0.7451171875 0.14453125 0.7685546875 0.1474609375 0.7705078125 0.1474609375 0.7841796875 0.150390625 0.7861328125 0.150390625 0.7978515625 0.1533203125 0.7998046875 0.1533203125 0.8115234375
