0 0.9663882671874999 0.5183312265625 0.9643511921875 0.02212389375 0.755551028125 0.007901390625 0.5925850484375 0.006321112500000001 0.041556325 0.017383059375000003 0.0303524140625 0.025284450000000003 0.0323894890625 0.9402654874999999 0.041556325 0.9623893812500001 0.9307394578125001 0.959228825 0.9612955796874999 0.941845765625 0.9663882671874999 0.5183312265625
2 0.96484375 0.10703125 0.0125 0.0265625
2 0.9625 0.23828125 0.0125 0.0375
2 0.9640625 0.47421875 0.015625 0.028125
2 0.96015625 0.67734375 0.015625 0.0328125
2 0.9625 0.725 0.0140625 0.03125
2 0.90234375 0.95625 0.021875 0.021875
2 0.7765625 0.953125 0.021875 0.028125
2 0.61796875 0.96484375 0.025 0.0234375
2 0.50625 0.9609375 0.015625 0.021875
2 0.4625 0.96171875 0.021875 0.0234375
2 0.4125 0.96015625 0.0203125 0.0234375
2 0.38125 0.9609375 0.0171875 0.028125
2 0.2515625 0.95625 0.015625 0.025
2 0.03984375 0.89375 0.015625 0.0265625
2 0.03359375 0.703125 0.01875 0.034375
2 0.03046875 0.63828125 0.01875 0.03125
2 0.89921875 0.01875 0.015625 0.01875
2 0.81796875 0.01796875 0.015625 0.0171875
2 0.76171875 0.01171875 0.0203125 0.0234375
2 0.59453125 0.015625 0.0203125 0.025
2 0.55 0.0140625 0.0171875 0.021875
2 0.51015625 0.01484375 0.01875 0.0203125
2 0.46640625 0.01328125 0.015625 0.0234375
2 0.4203125 0.01484375 0.0171875 0.0203125
2 0.36875 0.01328125 0.021875 0.0265625
2 0.33359375 0.01484375 0.015625 0.0296875
2 0.28984375 0.01875 0.01875 0.021875
2 0.2515625 0.01796875 0.01875 0.0203125
