0 0.22917091093750003 0.9544879906249999 0.25056019531249996 0.9655499375 0.26991240625 0.9718710500000001 0.9645548984375001 0.9623893812500001 0.9716846609375 0.025284450000000003 0.0631493171875 0.048988621875 0.0387044203125 0.074273071875 0.0356488078125 0.112199746875 0.0427785703125 0.9007585328125 0.0611122421875 0.959228825 0.129354246875 0.967130215625 0.22917091093750003 0.9544879906249999
2 0.921875 0.03671875 0.0171875 0.021875
2 0.8828125 0.04296875 0.01484375 0.025
2 0.796875 0.0421875 0.02578125 0.02421875
2 0.75 0.04140625 0.01640625 0.01953125
2 0.709375 0.0359375 0.02109375 0.02421875
2 0.6640625 0.0375 0.015625 0.0234375
2 0.58046875 0.0390625 0.0203125 0.028125
2 0.5359375 0.040625 0.0203125 0.02734375
2 0.36171875 0.0390625 0.0203125 0.02109375
2 0.1 0.04765625 0.02578125 0.02578125
2 0.0390625 0.3125 0.02109375 0.021875
2 0.04140625 0.371875 0.02109375 0.03203125
2 0.0390625 0.42578125 0.02265625 0.02734375
2 0.0390625 0.4796875 0.02265625 0.0265625
2 0.03671875 0.54921875 0.025 0.0265625
2 0.0453125 0.68359375 0.021875 0.03046875
2 0.04375 0.740625 0.02734375 0.03671875
2 0.0421875 0.809375 0.028125 0.0390625
2 0.0421875 0.8640625 0.02109375 0.03359375
