2 0.059375 0.084375 0.01875 0.03359375
2 0.0671875 0.30234375 0.0171875 0.03046875
2 0.06015625 0.53125 0.0140625 0.03125
2 0.06171875 0.596875 0.01328125 0.03046875
2 0.053125 0.67734375 0.01484375 0.02734375
2 0.0484375 0.8171875 0.0125 0.03046875
2 0.07578125 0.9359375 0.0109375 0.025
2 0.10078125 0.940625 0.01171875 0.01796875
2 0.2015625 0.96171875 0.0140625 0.025
2 0.365625 0.96328125 0.0171875 0.025
2 0.52265625 0.9640625 0.0171875 0.015625
2 0.55546875 0.9640625 0.0140625 0.028125
2 0.7671875 0.971875 0.01796875 0.03046875
2 0.8234375 0.98203125 0.01796875 0.0234375
2 0.8546875 0.97890625 0.01328125 0.025
2 0.965625 0.90078125 0.015625 0.028125
2 0.9703125 0.72421875 0.0109375 0.0328125
2 0.97421875 0.43984375 0.0125 0.02890625
2 0.92421875 0.084375 0.01796875 0.0203125
2 0.8125 0.075 0.0203125 0.02578125
0 0.0478515625 0.94956865625 0.2939453125 0.9739948593750001 0.7822265625 0.9862079609375 0.9365234375 0.9862079609375 0.9560546875 0.9739948593750001 0.962890625 0.9602551203124999 0.96484375 0.9510952937500001 0.97265625 0.8167511749999999 0.978515625 0.6366079250000001 0.98828125 0.1694567859375 0.986328125 0.12365765468750001 0.984375 0.10228472656250001 0.982421875 0.0961781765625 0.9794921875 0.0915982625 0.9619140625 0.073278609375 0.3349609375 0.030532754687500004 0.1123046875 0.027479478125 0.0595703125 0.042745856250000006 0.0556640625 0.04579913125 0.052734375 0.0534323203125 0.048828125 0.11755110312499999 0.04296875 0.8900297859374999 0.04296875 0.9388821921874999 0.044921875 0.94498874375 0.0478515625 0.94956865625
