0 0.48671875 0.4890625 0.9453125 0.9546875
2 0.9453125 0.90390625 0.015625 0.0265625
2 0.94453125 0.81328125 0.0125 0.028125
2 0.93203125 0.6796875 0.015625 0.0265625
2 0.93984375 0.45859375 0.0140625 0.028125
2 0.9359375 0.38984375 0.0125 0.025
2 0.94296875 0.2359375 0.0140625 0.028125
2 0.9203125 0.04921875 0.0125 0.0203125
2 0.89375 0.0515625 0.0125 0.0203125
2 0.71484375 0.0296875 0.015625 0.025
2 0.6296875 0.03359375 0.01875 0.0265625
2 0.55234375 0.03515625 0.0125 0.0171875
2 0.49921875 0.03359375 0.0125 0.015625
2 0.440625 0.034375 0.015625 0.021875
2 0.22890625 0.03203125 0.01875 0.0234375
2 0.13984375 0.028125 0.015625 0.0203125
2 0.1890625 0.92421875 0.015625 0.025
