2 0.05 0.9234375 0.0171875 0.021875
2 0.0484375 0.85859375 0.0109375 0.025
2 0.04921875 0.8046875 0.0171875 0.028125
2 0.04765625 0.6765625 0.0140625 0.034375
2 0.04140625 0.5484375 0.0171875 0.0265625
2 0.04140625 0.4796875 0.01875 0.0265625
2 0.0421875 0.42890625 0.015625 0.03125
2 0.04140625 0.37578125 0.0171875 0.028125
2 0.040625 0.31484375 0.01875 0.028125
2 0.03828125 0.11875 0.015625 0.03125
2 0.14140625 0.02890625 0.015625 0.0171875
2 0.040625 0.065625 0.0125 0.021875
2 0.06328125 0.0328125 0.0140625 0.0140625
2 0.1046875 0.03359375 0.01875 0.015625
2 0.1859375 0.02734375 0.01875 0.025
2 0.24140625 0.021875 0.01875 0.0203125
2 0.53515625 0.0203125 0.0203125 0.01875
2 0.5828125 0.01875 0.028125 0.025
2 0.6359375 0.015625 0.01875 0.0203125
2 0.6671875 0.01796875 0.0171875 0.021875
2 0.71171875 0.01953125 0.0171875 0.0171875
2 0.75078125 0.021875 0.021875 0.0203125
2 0.7953125 0.021875 0.015625 0.0203125
2 0.8359375 0.01953125 0.021875 0.0203125
2 0.1484375 0.96484375 0.015625 0.0140625
2 0.18359375 0.9609375 0.015625 0.0171875
2 0.22734375 0.95546875 0.0125 0.021875
2 0.26484375 0.9609375 0.009375 0.01875
2 0.303125 0.96796875 0.0171875 0.01875
2 0.340625 0.96796875 0.015625 0.021875
2 0.3859375 0.9640625 0.015625 0.021875
2 0.54609375 0.96171875 0.01875 0.0203125
2 0.59453125 0.9625 0.0125 0.015625
2 0.62421875 0.9609375 0.015625 0.0171875
2 0.03984375 0.19375 0.0171875 0.028125
2 0.0390625 0.2484375 0.015625 0.025
0 0.4169921875 0.960607246875 0.4189453125 0.957576940625 0.4228515625 0.957576940625 0.4248046875 0.960607246875 0.4267578125 0.960607246875 0.4287109375 0.963637553125 0.4404296875 0.963637553125 0.4423828125 0.960607246875 0.4541015625 0.960607246875 0.4560546875 0.963637553125 0.4580078125 0.963637553125 0.4599609375 0.960607246875 0.4638671875 0.960607246875 0.4658203125 0.957576940625 0.4716796875 0.957576940625 0.4736328125 0.960607246875 0.4814453125 0.960607246875 0.4833984375 0.963637553125 0.4912109375 0.963637553125 0.4931640625 0.960607246875 0.4951171875 0.960607246875 0.4970703125 0.957576940625 0.5068359375 0.957576940625 0.5107421875 0.963637553125 0.5361328125 0.963637553125 0.5400390625 0.957576940625 0.5419921875 0.957576940625 0.5439453125 0.9545466328125001 0.5458984375 0.9545466328125001 0.5478515625 0.957576940625 0.5498046875 0.957576940625 0.5537109375 0.963637553125 0.5849609375 0.963637553125 0.5888671875 0.957576940625 0.5986328125 0.957576940625 0.6005859375 0.960607246875 0.6025390625 0.960607246875 0.6044921875 0.963637553125 0.6064453125 0.960607246875 0.6083984375 0.963637553125 0.6142578125 0.963637553125 0.6162109375 0.960607246875 0.6181640625 0.960607246875 0.6220703125 0.9545466328125001 0.6279296875 0.9545466328125001 0.6337890625 0.963637553125 0.6357421875 0.963637553125 0.6376953125 0.966667859375 0.6513671875 0.966667859375 0.6533203125 0.963637553125 0.6611328125 0.963637553125 0.6630859375 0.960607246875 0.6669921875 0.960607246875 0.6689453125 0.957576940625 0.6708984375 0.957576940625 0.6728515625 0.9545466328125001 0.6767578125 0.9545466328125001 0.6787109375 0.957576940625 0.7021484375 0.957576940625 0.7041015625 0.9545466328125001 0.7099609375 0.9545466328125001 0.7119140625 0.957576940625 0.7138671875 0.957576940625 0.7177734375 0.963637553125 0.7392578125 0.963637553125 0.7412109375 0.960607246875 0.7470703125 0.960607246875 0.7490234375 0.957576940625 0.7509765625 0.957576940625 0.7529296875 0.9545466328125001 0.7548828125 0.9545466328125001 0.7568359375 0.9515163265625001 0.7587890625 0.9515163265625001 0.7626953125 0.957576940625 0.7802734375 0.957576940625 0.7822265625 0.9545466328125001 0.8017578125 0.9545466328125001 0.8037109375 0.9515163265625001 0.8076171875 0.9515163265625001 0.8095703125 0.9484860203125001 0.8115234375 0.9515163265625001 0.8134765625 0.9515163265625001 0.8154296875 0.9545466328125001 0.8193359375 0.9545466328125001 0.8212890625 0.957576940625 0.8232421875 0.957576940625 0.8251953125 0.9545466328125001 0.8369140625 0.9545466328125001 0.8388671875 0.9515163265625001 0.8408203125 0.9515163265625001 0.8427734375 0.9484860203125001 0.8935546875 0.9484860203125001 0.8955078125 0.9515163265625001 0.9111328125 0.9515163265625001 0.9130859375 0.9484860203125001 0.9208984375 0.9484860203125001 0.9228515625 0.9454557124999999 0.9267578125 0.9454557124999999 0.9287109375 0.9484860203125001 0.9521484375 0.9484860203125001 0.9541015625 0.9454557124999999 0.9619140625 0.9454557124999999 0.962890625 0.9439405593749999 0.962890625 0.9166677984374999 0.96484375 0.9136374921874999 0.96484375 0.904546571875 0.962890625 0.9015162640625001 0.962890625 0.8863647312499999 0.96484375 0.8833344234375 0.96484375 0.8772738109375 0.962890625 0.874243503125 0.962890625 0.816667675 0.96484375 0.81363736875 0.96484375 0.8106070609374999 0.966796875 0.8075767546874999 0.966796875 0.692425096875 0.970703125 0.6863644843750001 0.970703125 0.616667428125 0.96875 0.613637121875 0.96875 0.46212178281250005 0.970703125 0.45909147656249993 0.970703125 0.4439399421875 0.96875 0.4409096359375 0.96875 0.43181871562499996 0.966796875 0.4287884078125 0.966796875 0.3863641140625 0.96875 0.38333380625 0.96875 0.3742428859375 0.970703125 0.3712125796875 0.970703125 0.3560610453125 0.96875 0.3530307390625 0.96875 0.346970125 0.966796875 0.34393981875 0.966796875 0.32878828437499996 0.96875 0.325757978125 0.96875 0.3136367515625 0.970703125 0.31060644375 0.970703125 0.2984852171875 0.96875 0.2954549109375 0.96875 0.28939429687499996 0.970703125 0.286363990625 0.970703125 0.2439396953125 0.97265625 0.24090938906249998 0.97265625 0.23181846875 0.970703125 0.22878816093749998 0.970703125 0.1166668109375 0.97265625 0.113636503125 0.97265625 0.10151527656249999 0.970703125 0.0984849703125 0.970703125 0.0651515953125 0.97265625 0.062121289062499994 0.970703125 0.059090981249999994 0.970703125 0.037878834374999996 0.96875 0.034848528125 0.96875 0.031818221875000004 0.9677734375 0.030303067187499998 0.9658203125 0.030303067187499998 0.9560546875 0.015151534375000001 0.9521484375 0.015151534375000001 0.9501953125 0.0121212265625 0.9248046875 0.0121212265625 0.921875 0.0166666875 0.921875 0.0227273015625 0.9208984375 0.0242424546875 0.8896484375 0.0242424546875 0.8876953125 0.0272727609375 0.8798828125 0.0272727609375 0.876953125 0.0227273015625 0.876953125 0.01969699375 0.8759765625 0.018181840625 0.8740234375 0.018181840625 0.8720703125 0.015151534375000001 0.8603515625 0.015151534375000001 0.8583984375 0.018181840625 0.8544921875 0.018181840625 0.8525390625 0.021212146874999997 0.8427734375 0.021212146874999997 0.8408203125 0.0242424546875 0.8388671875 0.0242424546875 0.8369140625 0.0272727609375 0.8330078125 0.0272727609375 0.8310546875 0.0242424546875 0.8291015625 0.0242424546875 0.8251953125 0.018181840625 0.8134765625 0.018181840625 0.8115234375 0.021212146874999997 0.8056640625 0.021212146874999997 0.8037109375 0.0242424546875 0.8017578125 0.0242424546875 0.7998046875 0.0272727609375 0.7919921875 0.0272727609375 0.7880859375 0.021212146874999997 0.7724609375 0.021212146874999997 0.7705078125 0.018181840625 0.7666015625 0.018181840625 0.7646484375 0.021212146874999997 0.7607421875 0.021212146874999997 0.7568359375 0.0272727609375 0.7548828125 0.0272727609375 0.7529296875 0.030303067187499998 0.7509765625 0.030303067187499998 0.7490234375 0.0272727609375 0.7470703125 0.0272727609375 0.7412109375 0.018181840625 0.7275390625 0.018181840625 0.7255859375 0.021212146874999997 0.7216796875 0.021212146874999997 0.7197265625 0.0242424546875 0.7177734375 0.0242424546875 0.7158203125 0.0272727609375 0.7119140625 0.0272727609375 0.70703125 0.01969699375 0.70703125 0.0166666875 0.7060546875 0.015151534375000001 0.6826171875 0.015151534375000001 0.6806640625 0.018181840625 0.6787109375 0.018181840625 0.6767578125 0.021212146874999997 0.6748046875 0.021212146874999997 0.6708984375 0.0272727609375 0.6669921875 0.0272727609375 0.662109375 0.01969699375 0.662109375 0.0166666875 0.6591796875 0.0121212265625 0.6474609375 0.0121212265625 0.6396484375 0.0242424546875 0.6337890625 0.0242424546875 0.62890625 0.0166666875 0.62890625 0.01363638125 0.6279296875 0.0121212265625 0.5966796875 0.0121212265625 0.591796875 0.01969699375 0.591796875 0.0227273015625 0.5888671875 0.0272727609375 0.5810546875 0.0272727609375 0.5751953125 0.018181840625 0.5732421875 0.018181840625 0.5712890625 0.015151534375000001 0.5537109375 0.015151534375000001 0.5517578125 0.018181840625 0.5439453125 0.018181840625 0.541015625 0.0227273015625 0.541015625 0.0257576078125 0.5400390625 0.0272727609375 0.5322265625 0.0272727609375 0.5263671875 0.018181840625 0.5146484375 0.018181840625 0.5126953125 0.021212146874999997 0.5107421875 0.021212146874999997 0.5087890625 0.0242424546875 0.5068359375 0.0242424546875 0.5048828125 0.0272727609375 0.4990234375 0.0272727609375 0.4970703125 0.030303067187499998 0.4892578125 0.030303067187499998 0.4873046875 0.0272727609375 0.4833984375 0.0272727609375 0.4814453125 0.0242424546875 0.4619140625 0.0242424546875 0.4599609375 0.0272727609375 0.4580078125 0.0272727609375 0.4560546875 0.030303067187499998 0.4501953125 0.030303067187499998 0.4482421875 0.0272727609375 0.4462890625 0.0272727609375 0.4443359375 0.0242424546875 0.4423828125 0.0242424546875 0.4404296875 0.0272727609375 0.4248046875 0.0272727609375 0.4228515625 0.0242424546875 0.4189453125 0.0242424546875 0.4169921875 0.0272727609375 0.4150390625 0.0272727609375 0.4130859375 0.030303067187499998 0.4033203125 0.030303067187499998 0.3994140625 0.0242424546875 0.3916015625 0.0242424546875 0.3896484375 0.021212146874999997 0.3857421875 0.021212146874999997 0.3837890625 0.0242424546875 0.3740234375 0.0242424546875 0.3701171875 0.030303067187499998 0.3681640625 0.030303067187499998 0.3662109375 0.033333375 0.3642578125 0.033333375 0.3623046875 0.030303067187499998 0.3564453125 0.030303067187499998 0.3544921875 0.033333375 0.3310546875 0.033333375 0.3291015625 0.030303067187499998 0.3271484375 0.033333375 0.3232421875 0.033333375 0.3212890625 0.030303067187499998 0.3193359375 0.030303067187499998 0.3173828125 0.0272727609375 0.2880859375 0.0272727609375 0.2861328125 0.030303067187499998 0.2802734375 0.030303067187499998 0.2744140625 0.021212146874999997 0.2724609375 0.021212146874999997 0.2705078125 0.018181840625 0.2685546875 0.021212146874999997 0.2490234375 0.021212146874999997 0.2470703125 0.0272727609375 0.2451171875 0.0272727609375 0.2431640625 0.030303067187499998 0.2373046875 0.030303067187499998 0.234375 0.0257576078125 0.234375 0.01969699375 0.2333984375 0.018181840625 0.2294921875 0.018181840625 0.2275390625 0.015151534375000001 0.2216796875 0.015151534375000001 0.2197265625 0.018181840625 0.2138671875 0.018181840625 0.2119140625 0.021212146874999997 0.1962890625 0.021212146874999997 0.1884765625 0.033333375 0.1806640625 0.033333375 0.1787109375 0.030303067187499998 0.1728515625 0.030303067187499998 0.1708984375 0.0272727609375 0.1533203125 0.0272727609375 0.1513671875 0.030303067187499998 0.1474609375 0.030303067187499998 0.1435546875 0.03636368125 0.1376953125 0.03636368125 0.1337890625 0.030303067187499998 0.1298828125 0.030303067187499998 0.1279296875 0.0272727609375 0.1259765625 0.030303067187499998 0.1181640625 0.030303067187499998 0.1162109375 0.033333375 0.1103515625 0.033333375 0.1064453125 0.0393939875 0.1005859375 0.0393939875 0.0947265625 0.030303067187499998 0.0751953125 0.030303067187499998 0.0732421875 0.033333375 0.0673828125 0.033333375 0.0634765625 0.0393939875 0.0576171875 0.0393939875 0.0517578125 0.030303067187499998 0.0400390625 0.030303067187499998 0.0390625 0.031818221875000004 0.0390625 0.034848528125 0.037109375 0.037878834374999996 0.0390625 0.040909140625 0.0390625 0.05303036875 0.04296875 0.059090981249999994 0.04296875 0.06818190156250001 0.0400390625 0.0727273625 0.0380859375 0.0727273625 0.037109375 0.074242515625 0.037109375 0.08939405 0.03515625 0.09242435624999999 0.03515625 0.0984849703125 0.037109375 0.10151527656249999 0.037109375 0.10454558437499999 0.0390625 0.10757589062499999 0.0390625 0.11060619687499999 0.041015625 0.113636503125 0.041015625 0.12272742343750001 0.03515625 0.13181834375 0.03515625 0.1621214125 0.037109375 0.16515171875 0.037109375 0.177272946875 0.04296875 0.186363865625 0.04296875 0.1924244796875 0.044921875 0.19545478593750001 0.04296875 0.19848509375 0.04296875 0.20151539999999998 0.041015625 0.20454570625000001 0.041015625 0.2106063203125 0.0390625 0.213636628125 0.0390625 0.22878816093749998 0.044921875 0.23787908125 0.044921875 0.250000309375 0.0390625 0.259091228125 0.0390625 0.27727307031250004 0.037109375 0.2803033765625 0.037109375 0.286363990625 0.0390625 0.28939429687499996 0.0390625 0.30454583125 0.04296875 0.31060644375 0.04296875 0.3196973640625 0.03515625 0.331818590625 0.03515625 0.34393981875 0.037109375 0.346970125 0.037109375 0.359091353125 0.044921875 0.3712125796875 0.044921875 0.37727319375 0.037109375 0.3893944203125 0.037109375 0.40454595312499997 0.0390625 0.40757626093750005 0.0390625 0.4136368734375 0.044921875 0.42272779531250004 0.044921875 0.434849021875 0.041015625 0.4409096359375 0.041015625 0.46212178281250005 0.04296875 0.4651520890625 0.04296875 0.46818239687499996 0.044921875 0.47121270312499997 0.044921875 0.474243009375 0.046875 0.477273315625 0.046875 0.4833339296875 0.044921875 0.4863642375 0.044921875 0.48939454375 0.0439453125 0.490909696875 0.0380859375 0.490909696875 0.03515625 0.4954551578125 0.03515625 0.5378794515624999 0.0380859375 0.5424249125 0.0400390625 0.5393946046875 0.0419921875 0.5424249125 0.0439453125 0.5424249125 0.044921875 0.543940065625 0.044921875 0.546970371875 0.046875 0.550000678125 0.046875 0.5560612921875 0.044921875 0.5590916 0.044921875 0.56212190625 0.041015625 0.5681825203125 0.041015625 0.5712128265625 0.0390625 0.5742431328125 0.041015625 0.577273440625 0.041015625 0.5863643609375 0.04296875 0.5893946671875 0.04296875 0.5924249734375 0.044921875 0.59545528125 0.044921875 0.5984855875 0.048828125 0.6045462015624999 0.048828125 0.6287886546875 0.046875 0.6318189624999999 0.046875 0.6409098828124999 0.044921875 0.6439401890625 0.044921875 0.656061415625 0.04296875 0.6590917234375 0.04296875 0.6621220296875 0.044921875 0.6651523359375 0.044921875 0.6712129499999999 0.048828125 0.6772735640625 0.048828125 0.689394790625 0.046875 0.692425096875 0.046875 0.7015160171875 0.044921875 0.704546325 0.044921875 0.7166675515625001 0.046875 0.7196978578125 0.046875 0.74091000625 0.044921875 0.7439403125 0.044921875 0.74697061875 0.041015625 0.7530312328125001 0.041015625 0.762122153125 0.04296875 0.765152459375 0.04296875 0.78030399375 0.044921875 0.7833343 0.044921875 0.7893949140625 0.048828125 0.795455528125 0.048828125 0.8075767546874999 0.046875 0.8106070609374999 0.046875 0.8257585953125 0.044921875 0.8287889015625 0.044921875 0.8469707421875 0.046875 0.85000105 0.046875 0.85303135625 0.048828125 0.8560616624999999 0.048828125 0.8651525828125 0.046875 0.8681828906250001 0.046875 0.8712131968750001 0.044921875 0.874243503125 0.044921875 0.907576878125 0.046875 0.910607184375 0.046875 0.9136374921874999 0.052734375 0.9227284125 0.052734375 0.928789025 0.046875 0.9378799453125 0.046875 0.9621223999999999 0.0478515625 0.963637553125 0.0556640625 0.963637553125 0.0576171875 0.960607246875 0.0634765625 0.960607246875 0.0654296875 0.957576940625 0.0888671875 0.957576940625 0.0908203125 0.960607246875 0.0966796875 0.960607246875 0.0986328125 0.957576940625 0.1064453125 0.957576940625 0.1083984375 0.960607246875 0.1103515625 0.960607246875 0.1123046875 0.963637553125 0.1357421875 0.963637553125 0.1376953125 0.966667859375 0.1416015625 0.966667859375 0.1455078125 0.960607246875 0.1474609375 0.960607246875 0.1494140625 0.957576940625 0.1513671875 0.960607246875 0.1533203125 0.960607246875 0.1572265625 0.966667859375 0.1669921875 0.966667859375 0.1689453125 0.963637553125 0.1767578125 0.963637553125 0.1806640625 0.957576940625 0.1865234375 0.957576940625 0.1884765625 0.960607246875 0.2158203125 0.960607246875 0.2177734375 0.957576940625 0.2216796875 0.957576940625 0.2255859375 0.9515163265625001 0.2314453125 0.9515163265625001 0.232421875 0.9530314796875 0.232421875 0.9560617859375 0.2353515625 0.960607246875 0.2412109375 0.960607246875 0.2431640625 0.963637553125 0.2568359375 0.963637553125 0.2607421875 0.957576940625 0.2685546875 0.957576940625 0.2705078125 0.960607246875 0.2724609375 0.960607246875 0.2744140625 0.963637553125 0.2763671875 0.963637553125 0.2783203125 0.966667859375 0.2880859375 0.966667859375 0.2900390625 0.963637553125 0.2958984375 0.963637553125 0.2978515625 0.960607246875 0.3037109375 0.960607246875 0.3095703125 0.9696981671874999 0.3330078125 0.9696981671874999 0.3369140625 0.963637553125 0.3447265625 0.963637553125 0.3486328125 0.9696981671874999 0.3759765625 0.9696981671874999 0.376953125 0.9681830140625 0.3837890625 0.957576940625 0.3876953125 0.957576940625 0.3896484375 0.960607246875 0.3916015625 0.960607246875 0.3935546875 0.963637553125 0.4130859375 0.963637553125 0.4150390625 0.960607246875 0.4169921875 0.960607246875
