0 0.48828125 0.49921875 0.94375 0.96875
2 0.20859375 0.959375 0.015625 0.021875
2 0.13359375 0.9625 0.01875 0.021875
2 0.0984375 0.96171875 0.015625 0.025
2 0.05546875 0.9625 0.0125 0.025
2 0.14921875 0.03359375 0.0125 0.0203125
2 0.50234375 0.02578125 0.01875 0.0203125
2 0.475 0.02578125 0.015625 0.0203125
2 0.44453125 0.0296875 0.01875 0.01875
2 0.66015625 0.02109375 0.01875 0.01875
2 0.63359375 0.02421875 0.0140625 0.021875
2 0.71640625 0.02578125 0.0171875 0.021875
2 0.796875 0.02578125 0.0140625 0.01875
2 0.76796875 0.021875 0.0140625 0.01875
2 0.0984375 0.02734375 0.0125 0.0171875
2 0.92578125 0.03203125 0.015625 0.0234375
2 0.9 0.03046875 0.0203125 0.021875
2 0.94921875 0.3921875 0.015625 0.0234375
2 0.9484375 0.46171875 0.0125 0.0203125
2 0.9515625 0.6828125 0.015625 0.021875
2 0.95546875 0.7609375 0.0125 0.0234375
2 0.95703125 0.82265625 0.0140625 0.025
