2 0.1140625 0.85546875 0.0203125 0.0125
2 0.11953125 0.7515625 0.021875 0.0140625
2 0.12421875 0.71328125 0.01875 0.0125
2 0.74140625 0.89375 0.021875 0.0140625
2 0.85078125 0.6125 0.0125 0.0109375
2 0.846875 0.28828125 0.0125 0.0125
2 0.82421875 0.14921875 0.015625 0.0109375
2 0.778125 0.14296875 0.015625 0.0109375
2 0.73203125 0.14296875 0.015625 0.0125
2 0.63671875 0.14765625 0.0140625 0.0125
2 0.67734375 0.14140625 0.0171875 0.0109375
2 0.57421875 0.14453125 0.015625 0.0109375
2 0.53203125 0.1421875 0.021875 0.0109375
2 0.47890625 0.13984375 0.021875 0.0125
2 0.3953125 0.140625 0.0234375 0.0125
2 0.34609375 0.1375 0.021875 0.0125
2 0.29609375 0.13984375 0.021875 0.0125
2 0.2515625 0.13984375 0.015625 0.009375
0 0.849609375 0.3095703125 0.8466796875 0.3076171875 0.8466796875 0.2939453125 0.84375 0.2919921875 0.84375 0.2861328125 0.8466796875 0.2841796875 0.8466796875 0.2822265625 0.849609375 0.2802734375 0.849609375 0.2587890625 0.8525390625 0.2568359375 0.8525390625 0.2333984375 0.849609375 0.2314453125 0.849609375 0.2255859375 0.8466796875 0.2236328125 0.8466796875 0.1572265625 0.8525390625 0.1533203125 0.8525390625 0.1494140625 0.849609375 0.1474609375 0.849609375 0.1455078125 0.8525390625 0.1435546875 0.84814453125 0.140625 0.80419921875 0.140625 0.80126953125 0.138671875 0.79833984375 0.140625 0.78955078125 0.140625 0.78369140625 0.14453125 0.77783203125 0.14453125 0.77490234375 0.142578125 0.77197265625 0.142578125 0.76904296875 0.140625 0.74267578125 0.140625 0.73388671875 0.146484375 0.73095703125 0.146484375 0.72509765625 0.142578125 0.72216796875 0.142578125 0.71923828125 0.140625 0.71630859375 0.140625 0.71337890625 0.138671875 0.69580078125 0.138671875 0.69287109375 0.140625 0.68701171875 0.140625 0.68408203125 0.142578125 0.68115234375 0.142578125 0.67822265625 0.14453125 0.67529296875 0.14453125 0.66943359375 0.140625 0.66650390625 0.140625 0.66357421875 0.138671875 0.64306640625 0.138671875 0.64013671875 0.140625 0.62548828125 0.140625 0.62255859375 0.138671875 0.58447265625 0.138671875 0.58154296875 0.140625 0.56982421875 0.140625 0.56689453125 0.138671875 0.56103515625 0.138671875 0.55810546875 0.13671875 0.54345703125 0.13671875 0.5361328125 0.1416015625 0.5361328125 0.1435546875 0.53466796875 0.14453125 0.52880859375 0.14453125 0.52294921875 0.140625 0.52001953125 0.140625 0.51708984375 0.138671875 0.48779296875 0.138671875 0.48193359375 0.142578125 0.47607421875 0.142578125 0.47021484375 0.138671875 0.46728515625 0.138671875 0.46435546875 0.13671875 0.45849609375 0.13671875 0.45556640625 0.134765625 0.44970703125 0.134765625 0.44384765625 0.138671875 0.42919921875 0.138671875 0.42626953125 0.13671875 0.40869140625 0.13671875 0.39990234375 0.142578125 0.39404296875 0.142578125 0.38525390625 0.13671875 0.38232421875 0.13671875 0.37939453125 0.134765625 0.35888671875 0.134765625 0.35302734375 0.138671875 0.35009765625 0.138671875 0.34716796875 0.140625 0.34423828125 0.138671875 0.34130859375 0.138671875 0.33837890625 0.13671875 0.32958984375 0.13671875 0.32666015625 0.134765625 0.32080078125 0.134765625 0.31787109375 0.13671875 0.31201171875 0.13671875 0.30908203125 0.138671875 0.30029296875 0.138671875 0.29736328125 0.140625 0.29150390625 0.140625 0.28564453125 0.13671875 0.26220703125 0.13671875 0.25634765625 0.140625 0.24755859375 0.140625 0.24169921875 0.13671875 0.23583984375 0.13671875 0.23291015625 0.134765625 0.22119140625 0.134765625 0.21826171875 0.1328125 0.20654296875 0.1328125 0.20361328125 0.134765625 0.20068359375 0.134765625 0.19775390625 0.13671875 0.19189453125 0.13671875 0.18603515625 0.1328125 0.16845703125 0.1328125 0.1552734375 0.1416015625 0.1552734375 0.1474609375 0.15234375 0.1494140625 0.15234375 0.1533203125 0.1494140625 0.1552734375 0.1494140625 0.1591796875 0.146484375 0.1611328125 0.146484375 0.1748046875 0.1494140625 0.1767578125 0.1494140625 0.1845703125 0.146484375 0.1865234375 0.146484375 0.1884765625 0.1435546875 0.1904296875 0.1435546875 0.1962890625 0.140625 0.1982421875 0.140625 0.2041015625 0.1435546875 0.2060546875 0.1435546875 0.2216796875 0.140625 0.2236328125 0.140625 0.2333984375 0.1376953125 0.2353515625 0.1376953125 0.2431640625 0.140625 0.2451171875 0.140625 0.2529296875 0.1376953125 0.2548828125 0.1376953125 0.2763671875 0.134765625 0.2783203125 0.134765625 0.3583984375 0.1376953125 0.3603515625 0.1376953125 0.3779296875 0.134765625 0.3798828125 0.134765625 0.3876953125 0.1376953125 0.3896484375 0.1376953125 0.4013671875 0.134765625 0.4033203125 0.134765625 0.4248046875 0.1376953125 0.4267578125 0.1376953125 0.4345703125 0.134765625 0.4365234375 0.134765625 0.4599609375 0.1318359375 0.4619140625 0.1318359375 0.4951171875 0.134765625 0.4970703125 0.134765625 0.5029296875 0.1318359375 0.5048828125 0.1318359375 0.5185546875 0.12890625 0.5205078125 0.12890625 0.5322265625 0.1318359375 0.5341796875 0.1318359375 0.5361328125 0.134765625 0.5380859375 0.134765625 0.5419921875 0.1318359375 0.5439453125 0.1318359375 0.5458984375 0.12890625 0.5478515625 0.12890625 0.5693359375 0.1318359375 0.5712890625 0.1318359375 0.5810546875 0.12890625 0.5830078125 0.12890625 0.5927734375 0.1259765625 0.5947265625 0.1259765625 0.6259765625 0.12890625 0.6279296875 0.12890625 0.6357421875 0.1318359375 0.6376953125 0.1318359375 0.6474609375 0.1259765625 0.6513671875 0.1259765625 0.6630859375 0.123046875 0.6650390625 0.1259765625 0.6669921875 0.1259765625 0.6787109375 0.12890625 0.6806640625 0.12890625 0.6865234375 0.1259765625 0.6884765625 0.1259765625 0.6923828125 0.123046875 0.6943359375 0.123046875 0.7060546875 0.12890625 0.7099609375 0.12890625 0.7177734375 0.12744140625 0.71875 0.12451171875 0.71875 0.123046875 0.7197265625 0.123046875 0.7216796875 0.1201171875 0.7236328125 0.1201171875 0.7333984375 0.1171875 0.7353515625 0.1171875 0.7431640625 0.12890625 0.7509765625 0.12890625 0.7529296875 0.1201171875 0.7587890625 0.1201171875 0.7607421875 0.1171875 0.7626953125 0.1171875 0.7763671875 0.1201171875 0.7783203125 0.1201171875 0.7802734375 0.1259765625 0.7841796875 0.1259765625 0.7861328125 0.12890625 0.7880859375 0.12890625 0.7919921875 0.1318359375 0.7939453125 0.1318359375 0.7958984375 0.1376953125 0.7998046875 0.1376953125 0.8115234375 0.134765625 0.8134765625 0.134765625 0.8154296875 0.1318359375 0.8173828125 0.1318359375 0.8193359375 0.12890625 0.8212890625 0.12890625 0.8232421875 0.12744140625 0.82421875 0.12451171875 0.82421875 0.12158203125 0.826171875 0.11865234375 0.826171875 0.1171875 0.8271484375 0.1171875 0.8291015625 0.1142578125 0.8310546875 0.1142578125 0.8505859375 0.1171875 0.8525390625 0.1171875 0.8583984375 0.1142578125 0.8603515625 0.1142578125 0.8720703125 0.111328125 0.8740234375 0.111328125 0.8818359375 0.1142578125 0.8837890625 0.1142578125 0.8857421875 0.1201171875 0.8896484375 0.1201171875 0.8916015625 0.12158203125 0.892578125 0.12451171875 0.892578125 0.13037109375 0.896484375 0.16259765625 0.896484375 0.16552734375 0.89453125 0.18310546875 0.89453125 0.18896484375 0.8984375 0.19189453125 0.8984375 0.19482421875 0.900390625 0.21826171875 0.900390625 0.22119140625 0.8984375 0.22412109375 0.8984375 0.22705078125 0.896484375 0.23291015625 0.896484375 0.23583984375 0.8984375 0.26513671875 0.8984375 0.26806640625 0.900390625 0.31201171875 0.900390625 0.31494140625 0.90234375 0.33251953125 0.90234375 0.33544921875 0.900390625 0.49072265625 0.900390625 0.49365234375 0.90234375 0.49658203125 0.90234375 0.49951171875 0.900390625 0.53466796875 0.900390625 0.53759765625 0.8984375 0.54638671875 0.8984375 0.54931640625 0.900390625 0.56103515625 0.900390625 0.56396484375 0.8984375 0.60498046875 0.8984375 0.60791015625 0.900390625 0.61669921875 0.900390625 0.61962890625 0.8984375 0.62255859375 0.900390625 0.62548828125 0.8984375 0.63427734375 0.8984375 0.63720703125 0.896484375 0.64599609375 0.896484375 0.64892578125 0.8984375 0.66357421875 0.8984375 0.66650390625 0.900390625 0.67236328125 0.900390625 0.67529296875 0.8984375 0.67822265625 0.900390625 0.68408203125 0.900390625 0.68701171875 0.8984375 0.72216796875 0.8984375 0.72509765625 0.896484375 0.73095703125 0.896484375 0.732421875 0.8955078125 0.732421875 0.8935546875 0.73681640625 0.890625 0.74560546875 0.890625 0.74853515625 0.892578125 0.75146484375 0.892578125 0.75439453125 0.89453125 0.75732421875 0.89453125 0.76025390625 0.896484375 0.76611328125 0.896484375 0.76904296875 0.8984375 0.78955078125 0.8984375 0.79248046875 0.896484375 0.79541015625 0.896484375 0.79833984375 0.8984375 0.80419921875 0.8984375 0.80712890625 0.900390625 0.82470703125 0.900390625 0.82763671875 0.8984375 0.84228515625 0.8984375 0.8466796875 0.8955078125 0.8466796875 0.8935546875 0.849609375 0.8916015625 0.849609375 0.8740234375 0.8525390625 0.8720703125 0.8525390625 0.8388671875 0.849609375 0.8369140625 0.849609375 0.8349609375 0.8466796875 0.8330078125 0.8466796875 0.8271484375 0.849609375 0.8251953125 0.849609375 0.8173828125 0.837890625 0.8095703125 0.837890625 0.8076171875 0.8349609375 0.8056640625 0.8349609375 0.7958984375 0.837890625 0.7939453125 0.837890625 0.7900390625 0.8408203125 0.7880859375 0.8408203125 0.7841796875 0.84375 0.7822265625 0.84375 0.7666015625 0.8466796875 0.7646484375 0.8466796875 0.7509765625 0.849609375 0.7490234375 0.849609375 0.7470703125 0.8466796875 0.7451171875 0.8466796875 0.7255859375 0.849609375 0.7236328125 0.849609375 0.7158203125 0.8525390625 0.7138671875 0.8525390625 0.7080078125 0.85546875 0.7060546875 0.85546875 0.6884765625 0.8525390625 0.6865234375 0.8525390625 0.6513671875 0.85546875 0.6494140625 0.85546875 0.6201171875 0.849609375 0.6162109375 0.849609375 0.6103515625 0.8525390625 0.6083984375 0.8525390625 0.5947265625 0.849609375 0.5927734375 0.849609375 0.5869140625 0.8525390625 0.5849609375 0.8525390625 0.5830078125 0.85546875 0.5810546875 0.85546875 0.5537109375 0.849609375 0.5498046875 0.849609375 0.5419921875 0.8525390625 0.5400390625 0.8525390625 0.5244140625 0.85546875 0.5224609375 0.85546875 0.5166015625 0.8525390625 0.5146484375 0.8525390625 0.5087890625 0.85546875 0.5068359375 0.85546875 0.4814453125 0.8583984375 0.4794921875 0.8583984375 0.4541015625 0.85546875 0.4521484375 0.85546875 0.4130859375 0.8583984375 0.4111328125 0.8583984375 0.3369140625 0.85693359375 0.3359375 0.85546875 0.3349609375 0.85546875 0.3291015625 0.8525390625 0.3271484375 0.8525390625 0.3193359375 0.849609375 0.3173828125 0.849609375 0.3095703125
