0 0.028128950000000003 0.26991240625 0.037610618750000005 0.9645548984375001 0.97471555 0.9716846609375 0.951011378125 0.0631493171875 0.925726928125 0.0387044203125 0.8878002531250001 0.0356488078125 0.0992414671875 0.0427785703125 0.040771175 0.0611122421875 0.032869784375 0.129354246875 0.045512009375 0.22917091093750003 0.0344500625 0.25056019531249996 0.028128950000000003 0.26991240625
2 0.96328125 0.921875 0.021875 0.0171875
2 0.95703125 0.8828125 0.025 0.015625
2 0.9578125 0.796875 0.025 0.025
2 0.95859375 0.75 0.01875 0.015625
2 0.9640625 0.709375 0.025 0.021875
2 0.9625 0.6640625 0.0234375 0.015625
2 0.9609375 0.58046875 0.028125 0.0203125
2 0.959375 0.5359375 0.028125 0.0203125
2 0.9609375 0.36171875 0.021875 0.0203125
2 0.95234375 0.1 0.025 0.025
2 0.6875 0.0390625 0.021875 0.021875
2 0.628125 0.04140625 0.03125 0.021875
2 0.57421875 0.0390625 0.028125 0.021875
2 0.5203125 0.0390625 0.0265625 0.021875
2 0.45078125 0.03671875 0.0265625 0.025
2 0.31640625 0.0453125 0.03125 0.021875
2 0.259375 0.04375 0.0375 0.028125
2 0.190625 0.0421875 0.0390625 0.028125
2 0.1359375 0.0421875 0.034375 0.021875
