0 0.4953125 0.51484375 0.959375 0.946875
2 0.9109375 0.05546875 0.028125 0.015625
2 0.825 0.05546875 0.0265625 0.0125
2 0.68828125 0.06484375 0.03125 0.01875
2 0.39765625 0.0625 0.021875 0.0140625
2 0.2421875 0.0546875 0.021875 0.0140625
2 0.059375 0.078125 0.025 0.0125
2 0.059375 0.10703125 0.0203125 0.0125
2 0.03828125 0.2828125 0.028125 0.015625
2 0.03828125 0.36953125 0.021875 0.0140625
2 0.0375 0.44609375 0.0203125 0.015625
2 0.034375 0.771875 0.028125 0.015625
2 0.03125 0.86015625 0.021875 0.015625
2 0.021875 0.9078125 0.01875 0.015625
2 0.16171875 0.971875 0.0234375 0.0109375
2 0.228125 0.9734375 0.0265625 0.0125
2 0.93125 0.8109375 0.025 0.015625
