0 0.48828125 0.50625 0.946875 0.9625
2 0.94765625 0.08828125 0.01875 0.025
2 0.94921875 0.17421875 0.01875 0.025
2 0.93671875 0.31171875 0.015625 0.0234375
2 0.94296875 0.5359375 0.009375 0.021875
2 0.94140625 0.60234375 0.0140625 0.0234375
2 0.94921875 0.68203125 0.0140625 0.0234375
2 0.94921875 0.7546875 0.015625 0.021875
2 0.953125 0.825 0.0140625 0.025
2 0.92421875 0.9421875 0.015625 0.021875
2 0.9 0.940625 0.0125 0.01875
2 0.721875 0.96484375 0.015625 0.0234375
2 0.6359375 0.9625 0.015625 0.025
2 0.559375 0.9625 0.015625 0.01875
2 0.31640625 0.9671875 0.015625 0.01875
2 0.2328125 0.96796875 0.015625 0.021875
2 0.03515625 0.89609375 0.0125 0.021875
2 0.0296875 0.77578125 0.0125 0.025
2 0.1921875 0.07109375 0.0125 0.021875
2 0.08046875 0.07734375 0.0125 0.015625
