0 0.50625 0.4890625 0.959375 0.9453125
2 0.08984375 0.94921875 0.021875 0.0140625
2 0.31328125 0.93828125 0.025 0.01875
2 0.60234375 0.9421875 0.025 0.0140625
2 0.68359375 0.95 0.025 0.0125
2 0.828125 0.953125 0.03125 0.0140625
2 0.946875 0.925 0.0234375 0.015625
2 0.94453125 0.89765625 0.01875 0.0171875
2 0.9640625 0.7203125 0.021875 0.0140625
2 0.96484375 0.634375 0.0234375 0.015625
2 0.9640625 0.5578125 0.01875 0.0171875
2 0.96171875 0.4453125 0.021875 0.0140625
2 0.9671875 0.31484375 0.0203125 0.015625
2 0.96640625 0.2328125 0.021875 0.0125
2 0.97578125 0.1765625 0.021875 0.0125
2 0.9703125 0.14453125 0.01875 0.0125
2 0.83984375 0.03203125 0.0265625 0.0109375
2 0.06875 0.19453125 0.0234375 0.015625
