0 0.960493046875 0.2271338359375 0.944690265625 0.0662049296875 0.935208596875 0.0448156453125 0.881479140625 0.0376858828125 0.029709228124999997 0.04685271875 0.03128950625 0.9645548984375001 0.9462705437500001 0.9727031984375 0.969974715625 0.96048075 0.9620733250000001 0.8871460578124999 0.960493046875 0.2271338359375
2 0.6125 0.9375 0.1359375 0.0375
2 0.87578125 0.0375 0.0328125 0.021875
2 0.8 0.04453125 0.0265625 0.01875
2 0.6828125 0.04140625 0.0296875 0.0234375
2 0.621875 0.0421875 0.0265625 0.0171875
2 0.515625 0.04140625 0.0328125 0.0140625
2 0.4453125 0.04296875 0.03125 0.025
2 0.30859375 0.04765625 0.0328125 0.0234375
2 0.25703125 0.0421875 0.028125 0.0234375
2 0.1875 0.04296875 0.034375 0.01875
2 0.128125 0.04140625 0.0328125 0.021875
2 0.95078125 0.184375 0.05 0.025
2 0.95625 0.325 0.0296875 0.0203125
2 0.953125 0.36328125 0.0234375 0.021875
2 0.95546875 0.4046875 0.028125 0.01875
2 0.953125 0.53671875 0.0234375 0.0265625
2 0.95859375 0.5828125 0.03125 0.021875
2 0.9546875 0.665625 0.0296875 0.0125
2 0.96015625 0.71484375 0.03125 0.03125
2 0.95390625 0.79453125 0.034375 0.0203125
2 0.96171875 0.834375 0.025 0.025
2 0.95859375 0.88125 0.028125 0.021875
1 0.94140625 0.0515625 0.059375 0.05
