0 0.50078125 0.49140625 0.9625 0.946875
2 0.8265625 0.9546875 0.025 0.0140625
2 0.76328125 0.953125 0.021875 0.01875
2 0.68671875 0.94765625 0.021875 0.0171875
2 0.53984375 0.95703125 0.028125 0.015625
2 0.46484375 0.95 0.021875 0.015625
2 0.396875 0.946875 0.021875 0.015625
2 0.3203125 0.953125 0.025 0.0140625
2 0.04765625 0.928125 0.028125 0.015625
2 0.05078125 0.9015625 0.0203125 0.015625
2 0.03828125 0.8484375 0.021875 0.015625
2 0.034375 0.71875 0.025 0.0171875
2 0.0359375 0.6359375 0.021875 0.0125
2 0.0359375 0.5578125 0.0234375 0.015625
2 0.0375 0.5046875 0.021875 0.015625
2 0.0359375 0.478125 0.01875 0.01875
2 0.03984375 0.446875 0.01875 0.0171875
2 0.0359375 0.365625 0.0203125 0.01875
2 0.0328125 0.340625 0.01875 0.0140625
2 0.034375 0.31484375 0.0203125 0.021875
2 0.0375 0.2328125 0.0203125 0.0140625
2 0.03984375 0.14921875 0.015625 0.0125
2 0.30390625 0.0328125 0.028125 0.0125
2 0.378125 0.02734375 0.021875 0.009375
2 0.95703125 0.1265625 0.0265625 0.015625
2 0.94921875 0.09140625 0.021875 0.0125
2 0.95 0.04765625 0.0234375 0.0125
