2 0.94765625 0.12265625 0.0265625 0.015625
2 0.94140625 0.08984375 0.025 0.0125
2 0.03125 0.1453125 0.021875 0.015625
2 0.03125 0.3953125 0.01875 0.0125
2 0.0296875 0.3625 0.021875 0.015625
2 0.02578125 0.3375 0.015625 0.0125
2 0.02890625 0.3125 0.021875 0.021875
2 0.03046875 0.44375 0.0203125 0.015625
2 0.0296875 0.50234375 0.01875 0.0171875
2 0.02734375 0.55625 0.01875 0.0171875
2 0.0296875 0.63359375 0.0203125 0.015625
2 0.0265625 0.71875 0.01875 0.01875
2 0.31015625 0.95078125 0.0234375 0.015625
2 0.38984375 0.94453125 0.025 0.0171875
2 0.45625 0.946875 0.025 0.015625
2 0.678125 0.94375 0.021875 0.0140625
