1 0.9515625 0.0640625 0.040625 0.05
2 0.9609375 0.12421875 0.015625 0.0265625
2 0.96171875 0.1921875 0.015625 0.0296875
2 0.95859375 0.2515625 0.021875 0.03125
2 0.96328125 0.31796875 0.0140625 0.028125
2 0.96328125 0.3796875 0.015625 0.0328125
2 0.96484375 0.48125 0.0171875 0.0375
2 0.959375 0.55625 0.01875 0.028125
2 0.95625 0.61015625 0.0234375 0.03125
2 0.95859375 0.68671875 0.01875 0.034375
2 0.96171875 0.73671875 0.01875 0.0296875
2 0.9625 0.80390625 0.01875 0.028125
2 0.9609375 0.8640625 0.015625 0.028125
2 0.95625 0.925 0.015625 0.0171875
2 0.778125 0.9625 0.01875 0.028125
2 0.740625 0.9703125 0.0125 0.0375
2 0.4625 0.96796875 0.021875 0.021875
2 0.04140625 0.83203125 0.015625 0.028125
2 0.90234375 0.05234375 0.0265625 0.0359375
2 0.67734375 0.0421875 0.0203125 0.03125
2 0.640625 0.0453125 0.01875 0.021875
2 0.5984375 0.04453125 0.01875 0.0265625
2 0.5546875 0.040625 0.01875 0.021875
2 0.5140625 0.03984375 0.015625 0.0234375
2 0.46796875 0.0453125 0.0171875 0.021875
2 0.421875 0.04296875 0.01875 0.0265625
2 0.3390625 0.04453125 0.021875 0.025
2 0.29375 0.0421875 0.021875 0.028125
2 0.125 0.03984375 0.021875 0.025
2 0.0875 0.0328125 0.015625 0.01875
0 0.9700550015625 0.52844500625 0.9669993890624999 0.0891276859375 0.9649623140625 0.0786978515625 0.9623141171875 0.0733249046875 0.9437767359375 0.057838179687500005 0.9364432671875 0.0546776234375 0.887349765625 0.0467762328125 0.7078834796875 0.036662453125 0.063353025 0.019279393750000002 0.0507231609375 0.024020228125 0.044204521875 0.0287610625 0.031778365625 0.045828065625 0.0272968015625 0.056890012499999996 0.026074556250000002 0.0628950703125 0.0228152375 0.1166245265625 0.0405377875 0.8691529703124999 0.0354451015625 0.967130215625 0.08535343281249999 0.9734513281250001 0.177021796875 0.96871049375 0.9511102062499999 0.9679203546874999 0.9582399671875 0.9544879906249999 0.9582399671875 0.9149810359374999 0.9686290484375 0.8381795203125 0.9700550015625 0.52844500625
