1 0.05625 0.9453125 0.0578125 0.04375
2 0.07421875 0.95703125 0.0171875 0.0125
2 0.034375 0.9015625 0.01875 0.0125
2 0.03359375 0.85546875 0.015625 0.009375
2 0.040625 0.78046875 0.015625 0.0125
2 0.02578125 0.5046875 0.0203125 0.0171875
2 0.03203125 0.4625 0.015625 0.0140625
2 0.0265625 0.196875 0.015625 0.0125
2 0.02890625 0.1625 0.01875 0.009375
2 0.0328125 0.11953125 0.025 0.015625
2 0.9609375 0.08125 0.021875 0.0125
2 0.95234375 0.11953125 0.015625 0.009375
2 0.96015625 0.16796875 0.021875 0.015625
2 0.95546875 0.20390625 0.025 0.015625
2 0.95546875 0.25234375 0.021875 0.01875
2 0.9609375 0.290625 0.0234375 0.0171875
2 0.95859375 0.33515625 0.021875 0.015625
2 0.95859375 0.41875 0.021875 0.015625
2 0.9578125 0.46328125 0.021875 0.015625
2 0.95859375 0.5109375 0.01875 0.015625
2 0.9578125 0.5953125 0.015625 0.0125
2 0.95703125 0.63671875 0.01875 0.0140625
2 0.7546875 0.95859375 0.021875 0.0125
2 0.62109375 0.96328125 0.021875 0.015625
2 0.5671875 0.96328125 0.0296875 0.009375
2 0.515625 0.96171875 0.025 0.0125
2 0.44453125 0.96015625 0.025 0.0140625
2 0.39375 0.95859375 0.025 0.0140625
2 0.31484375 0.9578125 0.028125 0.015625
2 0.26328125 0.9609375 0.0234375 0.0109375
2 0.1921875 0.959375 0.025 0.015625
2 0.134375 0.95625 0.028125 0.0109375
0 0.0272715265625 0.5126953125 0.0257563734375 0.513671875 0.0242412203125 0.5146484375 0.0242412203125 0.5244140625 0.0272715265625 0.5263671875 0.0272715265625 0.5341796875 0.030301832812500002 0.5361328125 0.030301832812500002 0.5419921875 0.0272715265625 0.5439453125 0.0272715265625 0.5791015625 0.030301832812500002 0.5810546875 0.030301832812500002 0.5849609375 0.033332140625 0.5869140625 0.030301832812500002 0.5888671875 0.030301832812500002 0.6259765625 0.0272715265625 0.6279296875 0.0272715265625 0.6455078125 0.0242412203125 0.6474609375 0.0242412203125 0.6591796875 0.0272715265625 0.6611328125 0.0272715265625 0.6904296875 0.030301832812500002 0.6923828125 0.030301832812500002 0.7255859375 0.033332140625 0.7275390625 0.033332140625 0.7294921875 0.036362446874999996 0.7314453125 0.036362446874999996 0.7705078125 0.039392753125 0.7724609375 0.039392753125 0.7744140625 0.042423059375 0.7763671875 0.042423059375 0.7841796875 0.039392753125 0.7861328125 0.039392753125 0.7919921875 0.036362446874999996 0.7939453125 0.036362446874999996 0.8271484375 0.033332140625 0.8291015625 0.033332140625 0.8310546875 0.030301832812500002 0.8330078125 0.030301832812500002 0.8505859375 0.033332140625 0.8525390625 0.033332140625 0.8603515625 0.030301832812500002 0.8623046875 0.030301832812500002 0.8837890625 0.033332140625 0.8857421875 0.033332140625 0.8955078125 0.039392753125 0.8994140625 0.039392753125 0.9052734375 0.033332140625 0.9091796875 0.033332140625 0.9287109375 0.039392753125 0.9326171875 0.039392753125 0.9345703125 0.042423059375 0.9365234375 0.042423059375 0.9404296875 0.0484836734375 0.9443359375 0.0484836734375 0.9462890625 0.056059440625 0.951171875 0.059089746875 0.951171875 0.0621200546875 0.953125 0.0681806671875 0.953125 0.071210975 0.951171875 0.07424128125 0.953125 0.0772715875 0.953125 0.0848473546875 0.9580078125 0.0848473546875 0.9599609375 0.0863625078125 0.9609375 0.12575649687499998 0.9609375 0.131817109375 0.95703125 0.1409080296875 0.95703125 0.1439383375 0.958984375 0.14696864375000002 0.958984375 0.14999895000000002 0.9609375 0.1530292578125 0.958984375 0.162120178125 0.958984375 0.165150484375 0.9609375 0.18333232500000002 0.9609375 0.1924232453125 0.955078125 0.1954535515625 0.955078125 0.2075747796875 0.962890625 0.23181723281250002 0.962890625 0.234847540625 0.96484375 0.2439384609375 0.96484375 0.25605968749999997 0.95703125 0.2681809140625 0.95703125 0.274241528125 0.9609375 0.2833324484375 0.9609375 0.2863627546875 0.962890625 0.3015142890625 0.962890625 0.3045445953125 0.9609375 0.307574903125 0.9609375 0.30909005624999997 0.9599609375 0.30909005624999997 0.9560546875 0.313635515625 0.953125 0.3166658234375 0.955078125 0.3196961296875 0.955078125 0.32878704999999997 0.9609375 0.33181735625000003 0.9609375 0.3348476640625 0.962890625 0.349999196875 0.962890625 0.3530295046875 0.96484375 0.3560598109375 0.962890625 0.3681810375 0.962890625 0.3712113453125 0.9609375 0.3742416515625 0.9609375 0.377271959375 0.962890625 0.380302265625 0.9609375 0.38333257187499997 0.9609375 0.38484772500000003 0.9599609375 0.38484772500000003 0.9560546875 0.3893931859375 0.953125 0.3924234921875 0.953125 0.3954537984375 0.955078125 0.39848410625 0.955078125 0.399999259375 0.9560546875 0.399999259375 0.9580078125 0.4015144125 0.958984375 0.40757502656250005 0.958984375 0.4106053328125 0.9609375 0.42272655937500003 0.9609375 0.4257568671875 0.962890625 0.4287871734375 0.962890625 0.43181747968749995 0.9609375 0.4348477875 0.9609375 0.43939324687500003 0.9580078125 0.43939324687500003 0.9560546875 0.4409084 0.955078125 0.449999321875 0.955078125 0.459090240625 0.9609375 0.4803023890625 0.9609375 0.4833326953125 0.958984375 0.48636300156249995 0.9609375 0.48939330937500003 0.9609375 0.49242361562500003 0.958984375 0.495453921875 0.958984375 0.49848422968749995 0.95703125 0.5015145359375001 0.95703125 0.5045448421875001 0.958984375 0.50757515 0.95703125 0.51060545625 0.95703125 0.5136357625 0.955078125 0.5166660703125 0.955078125 0.5196963765625 0.95703125 0.522726684375 0.95703125 0.531817603125 0.962890625 0.5590903640625 0.962890625 0.5651509781249999 0.958984375 0.5742418984375 0.958984375 0.58333281875 0.96484375 0.598484353125 0.96484375 0.601514659375 0.962890625 0.6106055796875001 0.962890625 0.6196965 0.95703125 0.6257571140625 0.95703125 0.634848034375 0.962890625 0.668181409375 0.962890625 0.674242021875 0.958984375 0.677272328125 0.958984375 0.6803026359375 0.95703125 0.6833329421875 0.95703125 0.6863632484375 0.958984375 0.68939355625 0.958984375 0.6924238625 0.9609375 0.707575396875 0.9609375 0.7106057031249999 0.962890625 0.7227269296875 0.962890625 0.7257572375 0.9609375 0.7348481578125 0.9609375 0.7378784640625 0.958984375 0.740908771875 0.958984375 0.746969384375 0.955078125 0.7590906109375 0.955078125 0.76212091875 0.95703125 0.765151225 0.95703125 0.76818153125 0.958984375 0.7924239859375 0.958984375 0.79545429375 0.95703125 0.7984846 0.95703125 0.8015149062500001 0.955078125 0.8106058265625 0.955078125 0.8196967468749999 0.9609375 0.8257573609375 0.9609375 0.8287876671875001 0.962890625 0.83484828125 0.962890625 0.8378785875 0.96484375 0.8621210421875001 0.96484375 0.8651513484375 0.962890625 0.86818165625 0.962890625 0.87424226875 0.958984375 0.91363625625 0.958984375 0.9166665640625 0.95703125 0.9227271765625 0.95703125 0.9257574843749999 0.955078125 0.9287877906249999 0.955078125 0.9318180984375 0.953125 0.9378787109375001 0.953125 0.9393938640625 0.9521484375 0.9393938640625 0.9482421875 0.942424171875 0.9462890625 0.942424171875 0.9404296875 0.945454478125 0.9384765625 0.945454478125 0.9365234375 0.948484784375 0.9345703125 0.948484784375 0.9326171875 0.9515150921875 0.9306640625 0.9515150921875 0.9072265625 0.948484784375 0.9052734375 0.948484784375 0.9033203125 0.945454478125 0.9013671875 0.945454478125 0.8974609375 0.948484784375 0.8955078125 0.948484784375 0.8896484375 0.9515150921875 0.8876953125 0.9515150921875 0.8662109375 0.948484784375 0.8642578125 0.948484784375 0.8603515625 0.9515150921875 0.8583984375 0.9515150921875 0.8505859375 0.9545453984375 0.8486328125 0.9545453984375 0.8447265625 0.9515150921875 0.8427734375 0.9515150921875 0.8115234375 0.9545453984375 0.8095703125 0.9545453984375 0.8076171875 0.9575757046875 0.8056640625 0.9575757046875 0.8037109375 0.9606060125000001 0.8017578125 0.9606060125000001 0.7978515625 0.9636363187500001 0.7958984375 0.9636363187500001 0.7861328125 0.966666625 0.7841796875 0.966666625 0.7763671875 0.9636363187500001 0.7744140625 0.9636363187500001 0.7724609375 0.9606060125000001 0.7705078125 0.9606060125000001 0.7685546875 0.9575757046875 0.7666015625 0.9575757046875 0.7626953125 0.9545453984375 0.7607421875 0.9575757046875 0.7587890625 0.9575757046875 0.7568359375 0.9636363187500001 0.7529296875 0.9636363187500001 0.7412109375 0.966666625 0.7392578125 0.966666625 0.7275390625 0.9606060125000001 0.7255859375 0.9606060125000001 0.7236328125 0.9575757046875 0.7216796875 0.9575757046875 0.7158203125 0.9606060125000001 0.7138671875 0.9606060125000001 0.7099609375 0.9636363187500001 0.7080078125 0.9606060125000001 0.7060546875 0.9606060125000001 0.6982421875 0.9575757046875 0.6962890625 0.9575757046875 0.6865234375 0.9545453984375 0.6845703125 0.9545453984375 0.6806640625 0.9515150921875 0.6787109375 0.9515150921875 0.6728515625 0.9545453984375 0.6708984375 0.9545453984375 0.6611328125 0.9575757046875 0.6591796875 0.9575757046875 0.6474609375 0.9545453984375 0.6455078125 0.9545453984375 0.6435546875 0.948484784375 0.6396484375 0.948484784375 0.6337890625 0.9575757046875 0.6279296875 0.9575757046875 0.6240234375 0.9606060125000001 0.6220703125 0.9606060125000001 0.6103515625 0.9575757046875 0.6083984375 0.9575757046875 0.6044921875 0.9545453984375 0.6025390625 0.9545453984375 0.6005859375 0.948484784375 0.5966796875 0.948484784375 0.5927734375 0.9515150921875 0.5908203125 0.9515150921875 0.5888671875 0.9575757046875 0.5849609375 0.9575757046875 0.5791015625 0.9606060125000001 0.5771484375 0.9606060125000001 0.5634765625 0.9575757046875 0.5615234375 0.9575757046875 0.5556640625 0.9545453984375 0.5537109375 0.9545453984375 0.5439453125 0.9575757046875 0.5419921875 0.9575757046875 0.5185546875 0.9515150921875 0.5146484375 0.9515150921875 0.5048828125 0.9560605515624999 0.501953125 0.9590908593749999 0.501953125 0.9636363187500001 0.4990234375 0.9636363187500001 0.4873046875 0.966666625 0.4853515625 0.966666625 0.4775390625 0.9636363187500001 0.4755859375 0.9636363187500001 0.4716796875 0.9590908593749999 0.46875 0.9560605515624999 0.46875 0.9515150921875 0.4658203125 0.9515150921875 0.4599609375 0.9575757046875 0.4560546875 0.9575757046875 0.4521484375 0.9606060125000001 0.4501953125 0.9606060125000001 0.4287109375 0.9545453984375 0.4248046875 0.9545453984375 0.4228515625 0.948484784375 0.4189453125 0.948484784375 0.4169921875 0.9515150921875 0.4150390625 0.9515150921875 0.4130859375 0.9606060125000001 0.4072265625 0.9606060125000001 0.4013671875 0.9636363187500001 0.3994140625 0.9636363187500001 0.3857421875 0.9606060125000001 0.3837890625 0.9606060125000001 0.3759765625 0.9636363187500001 0.3740234375 0.9636363187500001 0.3720703125 0.9606060125000001 0.3701171875 0.9606060125000001 0.3681640625 0.9575757046875 0.3662109375 0.9575757046875 0.3427734375 0.9515150921875 0.3388671875 0.9515150921875 0.3310546875 0.9530302453124999 0.330078125 0.9590908593749999 0.330078125 0.9636363187500001 0.3271484375 0.9636363187500001 0.3251953125 0.966666625 0.3232421875 0.966666625 0.2978515625 0.9545453984375 0.2900390625 0.9545453984375 0.2841796875 0.9560605515624999 0.283203125 0.9590908593749999 0.283203125 0.9636363187500001 0.2802734375 0.9636363187500001 0.2666015625 0.9575757046875 0.2626953125 0.9575757046875 0.2607421875 0.948484784375 0.2548828125 0.948484784375 0.2451171875 0.9545453984375 0.2412109375 0.9545453984375 0.2373046875 0.9606060125000001 0.2353515625 0.9606060125000001 0.2333984375 0.9636363187500001 0.2314453125 0.9636363187500001 0.2294921875 0.9606060125000001 0.2275390625 0.9606060125000001 0.2119140625 0.9560605515624999 0.208984375 0.9530302453124999 0.208984375 0.9515150921875 0.2080078125 0.9515150921875 0.2060546875 0.948484784375 0.2041015625 0.948484784375 0.2021484375 0.9606060125000001 0.1943359375 0.9606060125000001 0.1845703125 0.9636363187500001 0.1826171875 0.9636363187500001 0.1806640625 0.9606060125000001 0.1787109375 0.9606060125000001 0.1748046875 0.9545453984375 0.1708984375 0.9545453984375 0.1630859375 0.9606060125000001 0.1591796875 0.9606060125000001 0.1572265625 0.9636363187500001 0.1552734375 0.9636363187500001 0.1474609375 0.9606060125000001 0.1455078125 0.9606060125000001 0.1416015625 0.9575757046875 0.1396484375 0.9575757046875 0.1337890625 0.9545453984375 0.1318359375 0.9545453984375 0.1259765625 0.948484784375 0.1220703125 0.948484784375 0.1162109375 0.9545453984375 0.1123046875 0.9545453984375 0.1103515625 0.9575757046875 0.1083984375 0.9575757046875 0.1044921875 0.9606060125000001 0.1025390625 0.9606060125000001 0.0947265625 0.9636363187500001 0.0927734375 0.9545453984375 0.0869140625 0.9545453984375 0.0849609375 0.9515150921875 0.0830078125 0.9515150921875 0.0810546875 0.9560605515624999 0.078125 0.9590908593749999 0.078125 0.9636363187500001 0.0751953125 0.9636363187500001 0.0693359375 0.966666625 0.0673828125 0.966666625 0.0478515625 0.9636363187500001 0.0458984375 0.9636363187500001 0.0439453125 0.9590908593749999 0.041015625 0.9560605515624999 0.041015625 0.945454478125 0.0341796875 0.945454478125 0.0322265625 0.943939325 0.03125 0.9348484046875001 0.03125 0.9318180984375 0.029296875 0.8469695078124999 0.029296875 0.8439392015625 0.02734375 0.84090889375 0.029296875 0.813636134375 0.029296875 0.8106058265625 0.03125 0.8075755203125 0.03125 0.8045452140625 0.033203125 0.8015149062500001 0.033203125 0.7984846 0.03125 0.79545429375 0.03125 0.7924239859375 0.029296875 0.76818153125 0.029296875 0.765151225 0.03125 0.72878754375 0.03125 0.7257572375 0.029296875 0.7136360093749999 0.029296875 0.7106057031249999 0.02734375 0.707575396875 0.029296875 0.7015147828125 0.029296875 0.6984844765625 0.02734375 0.6833329421875 0.02734375 0.6803026359375 0.029296875 0.668181409375 0.029296875 0.6651511015625 0.02734375 0.6621207953125 0.02734375 0.6590904890625 0.029296875 0.6136358859375 0.029296875 0.6106055796875001 0.03125 0.6045449656249999 0.03125 0.601514659375 0.029296875 0.5742418984375 0.029296875 0.5712115921875001 0.02734375 0.5469691375 0.02734375 0.54393883125 0.029296875 0.51060545625 0.029296875 0.50757515 0.02734375 0.5045448421875001 0.029296875 0.5015145359375001 0.029296875 0.49848422968749995 0.02734375 0.48636300156249995 0.02734375 0.4833326953125 0.029296875 0.47727208125000004 0.029296875 0.47424177500000003 0.03125 0.46212054843750006 0.03125 0.459090240625 0.029296875 0.456059934375 0.029296875 0.45302962812500003 0.03125 0.43181747968749995 0.03125 0.4287871734375 0.033203125 0.40757502656250005 0.033203125 0.40454471875 0.03125 0.3954537984375 0.03125 0.3924234921875 0.033203125 0.3681810375 0.033203125 0.36515073125 0.03125 0.3590901171875 0.03125 0.3560598109375 0.033203125 0.3530295046875 0.033203125 0.349999196875 0.03515625 0.32575674375 0.03515625 0.3227264359375 0.037109375 0.29242336875 0.037109375 0.28939306249999996 0.0390625 0.2833324484375 0.0390625 0.2803021421875 0.037109375 0.274241528125 0.037109375 0.271211221875 0.03515625 0.2681809140625 0.03515625 0.2651506078125 0.037109375 0.2621203015625 0.037109375 0.25908999375 0.03515625 0.234847540625 0.03515625 0.23181723281250002 0.037109375 0.20454447187499997 0.037109375 0.201514165625 0.0390625 0.198483859375 0.0390625 0.1954535515625 0.041015625 0.1924232453125 0.041015625 0.18939293906250002 0.04296875 0.18030201875000001 0.04296875 0.1772717109375 0.044921875 0.14999895000000002 0.044921875 0.14696864375000002 0.04296875 0.128786803125 0.04296875 0.12575649687499998 0.041015625 0.09848373593750001 0.041015625 0.09545342812499999 0.04296875 0.092423121875 0.04296875 0.089392815625 0.041015625 0.0833322015625 0.041015625 0.08030189531250001 0.0390625 0.0469685203125 0.0390625 0.043938214062499995 0.041015625 0.04090790625 0.041015625 0.033332140625 0.0458984375 0.033332140625 0.0517578125 0.030301832812500002 0.0537109375 0.030301832812500002 0.0791015625 0.033332140625 0.0810546875 0.033332140625 0.0849609375 0.030301832812500002 0.0869140625 0.030301832812500002 0.1103515625 0.033332140625 0.1123046875 0.033332140625 0.1181640625 0.030301832812500002 0.1201171875 0.030301832812500002 0.1259765625 0.0272715265625 0.1279296875 0.0272715265625 0.1416015625 0.030301832812500002 0.1435546875 0.030301832812500002 0.1611328125 0.033332140625 0.1630859375 0.030301832812500002 0.1650390625 0.030301832812500002 0.1748046875 0.0272715265625 0.1767578125 0.0272715265625 0.1845703125 0.030301832812500002 0.1865234375 0.030301832812500002 0.1943359375 0.033332140625 0.1962890625 0.033332140625 0.1982421875 0.030301832812500002 0.2001953125 0.030301832812500002 0.2314453125 0.0272715265625 0.2333984375 0.030301832812500002 0.2353515625 0.030301832812500002 0.2431640625 0.033332140625 0.2451171875 0.033332140625 0.2470703125 0.036362446874999996 0.2490234375 0.036362446874999996 0.2607421875 0.033332140625 0.2626953125 0.033332140625 0.2685546875 0.030301832812500002 0.2705078125 0.030301832812500002 0.2744140625 0.0272715265625 0.2763671875 0.0272715265625 0.2900390625 0.030301832812500002 0.2919921875 0.030301832812500002 0.3037109375 0.0272715265625 0.3056640625 0.0272715265625 0.3232421875 0.030301832812500002 0.3251953125 0.030301832812500002 0.3447265625 0.033332140625 0.3466796875 0.033332140625 0.3505859375 0.030301832812500002 0.3525390625 0.030301832812500002 0.3623046875 0.033332140625 0.3642578125 0.033332140625 0.3662109375 0.030301832812500002 0.3681640625 0.030301832812500002 0.3740234375 0.033332140625 0.3759765625 0.033332140625 0.3818359375 0.030301832812500002 0.3837890625 0.030301832812500002 0.4052734375 0.033332140625 0.4072265625 0.033332140625 0.4521484375 0.030301832812500002 0.4541015625 0.030301832812500002 0.4560546875 0.033332140625 0.4580078125 0.033332140625 0.4599609375 0.036362446874999996 0.4619140625 0.033332140625 0.4638671875 0.033332140625 0.4658203125 0.030301832812500002 0.4677734375 0.030301832812500002 0.4736328125 0.0272715265625 0.4755859375 0.0272715265625 0.4990234375 0.030301832812500002 0.5009765625 0.030301832812500002 0.5087890625 0.0272715265625 0.5107421875 0.0272715265625 0.5126953125
