2 0.04296875 0.24765625 0.01796875 0.0234375
2 0.03984375 0.1921875 0.0140625 0.01796875
2 0.03984375 0.31796875 0.01015625 0.0265625
2 0.04140625 0.37421875 0.01328125 0.02109375
2 0.04140625 0.4296875 0.01015625 0.025
2 0.046875 0.68359375 0.01328125 0.021875
2 0.046875 0.60703125 0.01328125 0.0234375
2 0.0453125 0.55 0.0140625 0.025
2 0.04296875 0.48125 0.0140625 0.0234375
2 0.04296875 0.73515625 0.01328125 0.0234375
2 0.04609375 0.80234375 0.01328125 0.02421875
2 0.04921875 0.925 0.009375 0.01875
2 0.1828125 0.965625 0.01640625 0.021875
2 0.303125 0.96953125 0.0125 0.01875
2 0.38515625 0.96875 0.015625 0.015625
2 0.5015625 0.96953125 0.01484375 0.02109375
2 0.54453125 0.96328125 0.0140625 0.0203125
2 0.59453125 0.96640625 0.0125 0.0171875
2 0.6265625 0.96171875 0.0125 0.02109375
2 0.67578125 0.96328125 0.015625 0.01875
2 0.70703125 0.96328125 0.0171875 0.0140625
2 0.7578125 0.9609375 0.01328125 0.01484375
2 0.809375 0.959375 0.0125 0.02109375
2 0.84296875 0.9578125 0.01484375 0.01484375
2 0.8875 0.95546875 0.0140625 0.0171875
2 0.9234375 0.95546875 0.01328125 0.01484375
2 0.1421875 0.034375 0.015625 0.01796875
2 0.18515625 0.0328125 0.0171875 0.021875
2 0.240625 0.02578125 0.01328125 0.01796875
2 0.28203125 0.0265625 0.0171875 0.0140625
2 0.3265625 0.028125 0.01171875 0.0171875
2 0.3640625 0.0296875 0.0171875 0.0234375
2 0.4078125 0.0296875 0.015625 0.0203125
2 0.4515625 0.02734375 0.0140625 0.01875
2 0.49140625 0.028125 0.0171875 0.0171875
2 0.5375 0.0296875 0.01640625 0.01875
2 0.66875 0.0265625 0.015625 0.01875
2 0.71328125 0.025 0.01875 0.01796875
2 0.75234375 0.02734375 0.0171875 0.0171875
2 0.79609375 0.0265625 0.01796875 0.01796875
2 0.8359375 0.0265625 0.01328125 0.0171875
2 0.8828125 0.02890625 0.01484375 0.015625
2 0.91796875 0.0234375 0.01484375 0.0171875
0 0.0732421875 0.957576940625 0.0751953125 0.9545466328125001 0.0908203125 0.9545466328125001 0.0927734375 0.957576940625 0.1064453125 0.957576940625 0.1083984375 0.960607246875 0.1103515625 0.960607246875 0.1123046875 0.963637553125 0.1259765625 0.963637553125 0.1279296875 0.966667859375 0.1435546875 0.966667859375 0.1455078125 0.963637553125 0.1474609375 0.963637553125 0.1494140625 0.960607246875 0.1513671875 0.960607246875 0.1552734375 0.966667859375 0.1767578125 0.966667859375 0.1806640625 0.960607246875 0.1884765625 0.960607246875 0.1904296875 0.963637553125 0.2119140625 0.963637553125 0.2138671875 0.960607246875 0.2197265625 0.960607246875 0.2255859375 0.9515163265625001 0.2490234375 0.9515163265625001 0.2509765625 0.9545466328125001 0.2646484375 0.9545466328125001 0.2666015625 0.957576940625 0.2685546875 0.957576940625 0.2763671875 0.9696981671874999 0.2958984375 0.9696981671874999 0.2978515625 0.966667859375 0.2998046875 0.966667859375 0.3017578125 0.963637553125 0.3037109375 0.963637553125 0.3056640625 0.966667859375 0.3076171875 0.966667859375 0.3095703125 0.9696981671874999 0.3369140625 0.9696981671874999 0.3388671875 0.966667859375 0.3525390625 0.966667859375 0.3544921875 0.9696981671874999 0.3779296875 0.9696981671874999 0.3818359375 0.963637553125 0.3896484375 0.963637553125 0.3916015625 0.966667859375 0.3935546875 0.966667859375 0.3955078125 0.9696981671874999 0.4130859375 0.9696981671874999 0.4189453125 0.960607246875 0.4248046875 0.960607246875 0.4267578125 0.963637553125 0.4619140625 0.963637553125 0.4638671875 0.960607246875 0.4697265625 0.960607246875 0.4736328125 0.966667859375 0.4755859375 0.966667859375 0.4775390625 0.9696981671874999 0.4912109375 0.9696981671874999 0.4931640625 0.966667859375 0.4951171875 0.966667859375 0.4970703125 0.960607246875 0.5048828125 0.960607246875 0.5087890625 0.966667859375 0.5166015625 0.966667859375 0.5185546875 0.963637553125 0.5361328125 0.963637553125 0.5380859375 0.960607246875 0.5400390625 0.960607246875 0.5419921875 0.957576940625 0.5458984375 0.957576940625 0.5537109375 0.9696981671874999 0.5849609375 0.9696981671874999 0.5908203125 0.960607246875 0.5986328125 0.960607246875 0.6005859375 0.963637553125 0.6142578125 0.963637553125 0.6162109375 0.960607246875 0.6181640625 0.960607246875 0.6201171875 0.957576940625 0.6279296875 0.957576940625 0.6337890625 0.966667859375 0.6533203125 0.966667859375 0.6552734375 0.9696981671874999 0.6611328125 0.9696981671874999 0.6630859375 0.966667859375 0.6669921875 0.966667859375 0.6708984375 0.960607246875 0.6728515625 0.960607246875 0.6748046875 0.957576940625 0.6767578125 0.957576940625 0.6787109375 0.960607246875 0.6806640625 0.960607246875 0.6826171875 0.963637553125 0.6982421875 0.963637553125 0.7001953125 0.960607246875 0.7138671875 0.960607246875 0.7177734375 0.966667859375 0.7275390625 0.966667859375 0.7294921875 0.963637553125 0.7490234375 0.963637553125 0.7509765625 0.960607246875 0.7529296875 0.960607246875 0.7548828125 0.957576940625 0.7607421875 0.957576940625 0.7626953125 0.960607246875 0.8017578125 0.960607246875 0.8037109375 0.957576940625 0.8056640625 0.957576940625 0.8076171875 0.9545466328125001 0.8134765625 0.9545466328125001 0.8154296875 0.957576940625 0.8388671875 0.957576940625 0.8408203125 0.9545466328125001 0.8466796875 0.9545466328125001 0.8505859375 0.960607246875 0.8798828125 0.960607246875 0.8857421875 0.9515163265625001 0.8916015625 0.9515163265625001 0.8935546875 0.9545466328125001 0.8955078125 0.9545466328125001 0.8974609375 0.957576940625 0.9111328125 0.957576940625 0.9130859375 0.9545466328125001 0.9189453125 0.9545466328125001 0.9208984375 0.9515163265625001 0.9287109375 0.9515163265625001 0.9326171875 0.957576940625 0.9521484375 0.957576940625 0.9541015625 0.9545466328125001 0.9580078125 0.9545466328125001 0.9599609375 0.9515163265625001 0.9619140625 0.9515163265625001 0.962890625 0.9500011734375 0.962890625 0.9469708656250001 0.96484375 0.9439405593749999 0.96484375 0.9227284125 0.962890625 0.9196981046875001 0.962890625 0.9166677984374999 0.96484375 0.9136374921874999 0.96484375 0.904546571875 0.962890625 0.9015162640625001 0.962890625 0.874243503125 0.9609375 0.8712131968750001 0.9609375 0.85303135625 0.958984375 0.85000105 0.958984375 0.8469707421875 0.9609375 0.8439404359375 0.9609375 0.8227282890625001 0.962890625 0.81969798125 0.962890625 0.8106070609374999 0.96484375 0.8075767546874999 0.96484375 0.7893949140625 0.966796875 0.7863646078125 0.966796875 0.692425096875 0.96875 0.689394790625 0.96875 0.653031109375 0.970703125 0.650000803125 0.970703125 0.5924249734375 0.96875 0.5893946671875 0.96875 0.5712128265625 0.970703125 0.5681825203125 0.970703125 0.52878853125 0.97265625 0.5257582249999999 0.970703125 0.52272791875 0.970703125 0.46212178281250005 0.97265625 0.45909147656249993 0.97265625 0.45606116874999997 0.970703125 0.4530308625 0.970703125 0.45000055625 0.97265625 0.44697024843750005 0.97265625 0.4287884078125 0.970703125 0.4257581015625 0.970703125 0.36212165937499996 0.96875 0.359091353125 0.96875 0.325757978125 0.970703125 0.322727671875 0.970703125 0.31666705781250004 0.97265625 0.3136367515625 0.97265625 0.2984852171875 0.974609375 0.2954549109375 0.974609375 0.286363990625 0.97265625 0.28333368281250004 0.97265625 0.2621215359375 0.970703125 0.259091228125 0.970703125 0.22272754843749998 0.96875 0.219697240625 0.970703125 0.216666934375 0.96875 0.213636628125 0.96875 0.180303253125 0.970703125 0.177272946875 0.970703125 0.12272742343750001 0.97265625 0.11969711718750001 0.97265625 0.0984849703125 0.970703125 0.0954546640625 0.970703125 0.0833334359375 0.96875 0.0803031296875 0.96875 0.062121289062499994 0.970703125 0.059090981249999994 0.970703125 0.040909140625 0.9677734375 0.03636368125 0.9658203125 0.03636368125 0.9580078125 0.0242424546875 0.9521484375 0.0242424546875 0.9501953125 0.021212146874999997 0.9482421875 0.021212146874999997 0.9462890625 0.0242424546875 0.9384765625 0.0242424546875 0.9365234375 0.021212146874999997 0.9306640625 0.021212146874999997 0.9287109375 0.0242424546875 0.9248046875 0.0242424546875 0.9189453125 0.033333375 0.9169921875 0.030303067187499998 0.9150390625 0.030303067187499998 0.9130859375 0.0272727609375 0.9111328125 0.0272727609375 0.9091796875 0.0242424546875 0.8994140625 0.0242424546875 0.8974609375 0.0272727609375 0.8935546875 0.0272727609375 0.8896484375 0.033333375 0.8876953125 0.033333375 0.8857421875 0.03636368125 0.8798828125 0.03636368125 0.8759765625 0.030303067187499998 0.8681640625 0.030303067187499998 0.8662109375 0.033333375 0.8291015625 0.033333375 0.828125 0.031818221875000004 0.828125 0.028787914062499996 0.8271484375 0.0272727609375 0.8251953125 0.0272727609375 0.8232421875 0.0242424546875 0.8212890625 0.0272727609375 0.8115234375 0.0272727609375 0.8095703125 0.030303067187499998 0.8076171875 0.030303067187499998 0.8056640625 0.033333375 0.7978515625 0.033333375 0.7958984375 0.03636368125 0.7880859375 0.0242424546875 0.7861328125 0.0242424546875 0.7841796875 0.021212146874999997 0.7646484375 0.021212146874999997 0.7626953125 0.0242424546875 0.7607421875 0.0242424546875 0.7578125 0.028787914062499996 0.7578125 0.031818221875000004 0.7548828125 0.03636368125 0.7470703125 0.03636368125 0.7431640625 0.030303067187499998 0.7216796875 0.030303067187499998 0.7197265625 0.033333375 0.7177734375 0.033333375 0.7158203125 0.03636368125 0.7119140625 0.03636368125 0.7041015625 0.0242424546875 0.6884765625 0.0242424546875 0.6865234375 0.0272727609375 0.6787109375 0.0272727609375 0.6748046875 0.033333375 0.6728515625 0.033333375 0.6708984375 0.03636368125 0.6650390625 0.03636368125 0.6611328125 0.030303067187499998 0.6572265625 0.030303067187499998 0.6552734375 0.0272727609375 0.6474609375 0.0272727609375 0.6455078125 0.030303067187499998 0.6435546875 0.030303067187499998 0.6416015625 0.033333375 0.6396484375 0.033333375 0.6376953125 0.030303067187499998 0.6337890625 0.030303067187499998 0.6318359375 0.0242424546875 0.6025390625 0.0242424546875 0.6005859375 0.0272727609375 0.5966796875 0.0272727609375 0.5947265625 0.030303067187499998 0.5927734375 0.030303067187499998 0.5908203125 0.03636368125 0.5849609375 0.03636368125 0.5830078125 0.0393939875 0.5751953125 0.0393939875 0.5732421875 0.03636368125 0.5634765625 0.03636368125 0.5615234375 0.033333375 0.5439453125 0.033333375 0.5419921875 0.03636368125 0.5341796875 0.03636368125 0.5322265625 0.033333375 0.5244140625 0.033333375 0.5224609375 0.030303067187499998 0.5205078125 0.030303067187499998 0.5185546875 0.033333375 0.5146484375 0.033333375 0.5126953125 0.030303067187499998 0.5107421875 0.030303067187499998 0.5087890625 0.033333375 0.5068359375 0.030303067187499998 0.5048828125 0.033333375 0.4990234375 0.033333375 0.4970703125 0.03636368125 0.4892578125 0.03636368125 0.4833984375 0.0272727609375 0.4794921875 0.0272727609375 0.4775390625 0.030303067187499998 0.4677734375 0.030303067187499998 0.4658203125 0.033333375 0.4560546875 0.033333375 0.4541015625 0.03636368125 0.4501953125 0.03636368125 0.4443359375 0.0272727609375 0.4384765625 0.0272727609375 0.4365234375 0.0242424546875 0.4345703125 0.0242424546875 0.4326171875 0.0272727609375 0.4208984375 0.0272727609375 0.4189453125 0.030303067187499998 0.4169921875 0.030303067187499998 0.4130859375 0.03636368125 0.4111328125 0.03636368125 0.4091796875 0.0393939875 0.4052734375 0.0393939875 0.4013671875 0.033333375 0.3974609375 0.033333375 0.3955078125 0.030303067187499998 0.3935546875 0.033333375 0.3740234375 0.033333375 0.3720703125 0.03636368125 0.3701171875 0.03636368125 0.3681640625 0.0393939875 0.3623046875 0.0393939875 0.359375 0.034848528125 0.359375 0.031818221875000004 0.3544921875 0.0242424546875 0.3427734375 0.0242424546875 0.3408203125 0.0272727609375 0.3330078125 0.0272727609375 0.33203125 0.028787914062499996 0.33203125 0.031818221875000004 0.3291015625 0.03636368125 0.3212890625 0.03636368125 0.3193359375 0.033333375 0.3173828125 0.033333375 0.3154296875 0.030303067187499998 0.2900390625 0.030303067187499998 0.2880859375 0.033333375 0.2861328125 0.033333375 0.2841796875 0.03636368125 0.2822265625 0.03636368125 0.2802734375 0.033333375 0.2783203125 0.033333375 0.27734375 0.031818221875000004 0.27734375 0.028787914062499996 0.2744140625 0.0242424546875 0.2509765625 0.0242424546875 0.2431640625 0.03636368125 0.2373046875 0.03636368125 0.236328125 0.034848528125 0.236328125 0.031818221875000004 0.2314453125 0.0242424546875 0.1982421875 0.0242424546875 0.1953125 0.028787914062499996 0.1953125 0.031818221875000004 0.1904296875 0.0393939875 0.1884765625 0.0393939875 0.1865234375 0.0424242953125 0.1826171875 0.0424242953125 0.1787109375 0.03636368125 0.1728515625 0.03636368125 0.1708984375 0.033333375 0.1494140625 0.033333375 0.1484375 0.034848528125 0.1484375 0.037878834374999996 0.1455078125 0.0424242953125 0.1376953125 0.0424242953125 0.1337890625 0.03636368125 0.1201171875 0.03636368125 0.1181640625 0.0393939875 0.1123046875 0.0393939875 0.1083984375 0.0454546015625 0.0654296875 0.0454546015625 0.0634765625 0.0484849078125 0.0576171875 0.0484849078125 0.0556640625 0.051515215625 0.0537109375 0.051515215625 0.0517578125 0.054545521875 0.0498046875 0.054545521875 0.046875 0.059090981249999994 0.046875 0.06818190156250001 0.044921875 0.071212209375 0.044921875 0.074242515625 0.04296875 0.0772728234375 0.04296875 0.0803031296875 0.041015625 0.0833334359375 0.041015625 0.10757589062499999 0.04296875 0.11060619687499999 0.04296875 0.12272742343750001 0.037109375 0.13181834375 0.037109375 0.1348486515625 0.03515625 0.13787895781249998 0.03515625 0.1621214125 0.037109375 0.16515171875 0.037109375 0.177272946875 0.044921875 0.1893941734375 0.044921875 0.19848509375 0.041015625 0.20454570625000001 0.041015625 0.20757601406249998 0.0390625 0.2106063203125 0.0390625 0.23181846875 0.044921875 0.24090938906249998 0.044921875 0.250000309375 0.0419921875 0.25454576875 0.0400390625 0.25454576875 0.03515625 0.2621215359375 0.03515625 0.286363990625 0.037109375 0.28939429687499996 0.037109375 0.2984852171875 0.0390625 0.3015155234375 0.0390625 0.30454583125 0.044921875 0.3136367515625 0.044921875 0.3196973640625 0.0390625 0.32878828437499996 0.0390625 0.34393981875 0.037109375 0.346970125 0.0390625 0.35000043281250004 0.0390625 0.359091353125 0.044921875 0.3681822734375 0.044921875 0.3803035 0.0390625 0.3893944203125 0.0390625 0.4106065671875 0.041015625 0.4136368734375 0.041015625 0.41666718124999996 0.044921875 0.42272779531250004 0.044921875 0.434849021875 0.04296875 0.437879328125 0.04296875 0.4439399421875 0.041015625 0.44697024843750005 0.041015625 0.4530308625 0.04296875 0.45606116874999997 0.04296875 0.4651520890625 0.044921875 0.46818239687499996 0.044921875 0.47121270312499997 0.046875 0.474243009375 0.046875 0.48939454375 0.0390625 0.5015157703125 0.041015625 0.504546078125 0.0390625 0.507576384375 0.0390625 0.5348491453124999 0.046875 0.546970371875 0.046875 0.5590916 0.044921875 0.56212190625 0.044921875 0.5651522124999999 0.04296875 0.5681825203125 0.04296875 0.577273440625 0.044921875 0.5803037468750001 0.044921875 0.5924249734375 0.046875 0.59545528125 0.046875 0.5984855875 0.048828125 0.60151589375 0.048828125 0.613637121875 0.044921875 0.6196977343750001 0.044921875 0.6318189624999999 0.04296875 0.63484926875 0.04296875 0.6590917234375 0.044921875 0.6621220296875 0.044921875 0.66818264375 0.048828125 0.67424325625 0.048828125 0.6772735640625 0.05078125 0.6803038703125 0.05078125 0.6863644843750001 0.044921875 0.6954554046875 0.044921875 0.6984857109375 0.04296875 0.7015160171875 0.04296875 0.722728165625 0.046875 0.728788778125 0.046875 0.7318190859375 0.048828125 0.7348493921875 0.048828125 0.7378796984375 0.046875 0.74091000625 0.046875 0.7439403125 0.041015625 0.7530312328125001 0.041015625 0.765152459375 0.04296875 0.7681827671875 0.04296875 0.7833343 0.044921875 0.7863646078125 0.044921875 0.7924252203125 0.05078125 0.801516140625 0.05078125 0.8045464484375 0.048828125 0.8075767546874999 0.048828125 0.8106070609374999 0.0478515625 0.8121222156250001 0.0458984375 0.8121222156250001 0.04296875 0.816667675 0.04296875 0.834849515625 0.044921875 0.8378798218749999 0.044921875 0.8409101296875001 0.046875 0.8439404359375 0.046875 0.8469707421875 0.048828125 0.85000105 0.048828125 0.85303135625 0.05078125 0.8560616624999999 0.05078125 0.8651525828125 0.048828125 0.8681828906250001 0.048828125 0.8712131968750001 0.046875 0.874243503125 0.046875 0.9136374921874999 0.052734375 0.9227284125 0.052734375 0.928789025 0.046875 0.9378799453125 0.046875 0.9651527062499999 0.048828125 0.9681830140625 0.048828125 0.9712133203125 0.0498046875 0.9727284734375001 0.0517578125 0.9727284734375001 0.0537109375 0.9757587796875 0.0595703125 0.9757587796875 0.060546875 0.9742436265625001 0.064453125 0.9681830140625 0.064453125 0.9621223999999999 0.0673828125 0.957576940625 0.0732421875 0.957576940625
