2 0.09609375 0.05859375 0.02109375 0.01875
2 0.1328125 0.05390625 0.0171875 0.025
2 0.23515625 0.04140625 0.02265625 0.025
2 0.27265625 0.04140625 0.02421875 0.021875
2 0.3171875 0.04375 0.015625 0.0234375
2 0.35703125 0.04609375 0.01328125 0.025
2 0.3984375 0.0453125 0.0203125 0.0234375
2 0.48515625 0.040625 0.01328125 0.0203125
2 0.52734375 0.0390625 0.02265625 0.0171875
2 0.57421875 0.040625 0.01796875 0.0296875
2 0.66171875 0.03671875 0.01953125 0.021875
2 0.70703125 0.03671875 0.0203125 0.025
2 0.74609375 0.0359375 0.01953125 0.0265625
2 0.790625 0.03359375 0.01640625 0.0234375
2 0.8296875 0.03125 0.0234375 0.021875
2 0.871875 0.03515625 0.02265625 0.025
2 0.9109375 0.025 0.0203125 0.03515625
2 0.0328125 0.13203125 0.0125 0.0296875
2 0.0375 0.2015625 0.0171875 0.0328125
2 0.03671875 0.25859375 0.01796875 0.0296875
2 0.034375 0.325 0.009375 0.0328125
2 0.0375 0.38984375 0.01640625 0.04296875
2 0.0359375 0.43984375 0.0171875 0.0265625
2 0.03828125 0.4921875 0.015625 0.0234375
2 0.0390625 0.5640625 0.01640625 0.03125
2 0.04140625 0.61953125 0.0203125 0.04140625
2 0.0421875 0.6984375 0.01953125 0.03125
2 0.040625 0.7453125 0.0078125 0.0296875
2 0.0390625 0.8140625 0.01796875 0.01875
2 0.04609375 0.875 0.01640625 0.0265625
1 0.06640625 0.95625 0.0609375 0.0875
2 0.1015625 0.9796875 0.02578125 0.03125
2 0.225 0.96796875 0.02265625 0.0328125
2 0.265625 0.97421875 0.0171875 0.0234375
2 0.384375 0.9765625 0.0203125 0.021875
2 0.41640625 0.9765625 0.01640625 0.025
2 0.4671875 0.97578125 0.02109375 0.0203125
0 0.3759765625 0.9757587796875 0.3779296875 0.9727284734375001 0.4130859375 0.9727284734375001 0.4150390625 0.9696981671874999 0.4208984375 0.9696981671874999 0.4228515625 0.9727284734375001 0.4365234375 0.9727284734375001 0.4384765625 0.9757587796875 0.4462890625 0.9757587796875 0.4482421875 0.9727284734375001 0.4619140625 0.9727284734375001 0.4638671875 0.9696981671874999 0.4677734375 0.9696981671874999 0.4697265625 0.9727284734375001 0.4716796875 0.9727284734375001 0.4736328125 0.9757587796875 0.4755859375 0.9757587796875 0.4775390625 0.9787890875 0.4794921875 0.9787890875 0.4814453125 0.9757587796875 0.4853515625 0.9757587796875 0.4873046875 0.9727284734375001 0.4912109375 0.9727284734375001 0.4931640625 0.9696981671874999 0.5283203125 0.9696981671874999 0.5302734375 0.966667859375 0.5380859375 0.966667859375 0.5400390625 0.963637553125 0.5439453125 0.963637553125 0.5458984375 0.966667859375 0.5869140625 0.966667859375 0.5888671875 0.963637553125 0.5947265625 0.963637553125 0.5986328125 0.9696981671874999 0.6162109375 0.9696981671874999 0.6201171875 0.963637553125 0.6279296875 0.963637553125 0.6298828125 0.966667859375 0.6416015625 0.966667859375 0.6435546875 0.963637553125 0.6513671875 0.963637553125 0.6533203125 0.966667859375 0.6669921875 0.966667859375 0.6689453125 0.963637553125 0.6767578125 0.963637553125 0.6787109375 0.966667859375 0.6806640625 0.966667859375 0.6826171875 0.9696981671874999 0.6962890625 0.9696981671874999 0.6982421875 0.966667859375 0.7021484375 0.966667859375 0.7041015625 0.963637553125 0.7099609375 0.963637553125 0.7119140625 0.966667859375 0.7490234375 0.966667859375 0.7529296875 0.960607246875 0.7607421875 0.960607246875 0.7626953125 0.963637553125 0.7783203125 0.963637553125 0.7802734375 0.960607246875 0.7998046875 0.960607246875 0.8017578125 0.957576940625 0.8095703125 0.957576940625 0.8134765625 0.963637553125 0.8251953125 0.963637553125 0.8271484375 0.960607246875 0.8349609375 0.960607246875 0.8369140625 0.957576940625 0.8427734375 0.957576940625 0.8447265625 0.960607246875 0.8486328125 0.960607246875 0.8505859375 0.963637553125 0.8525390625 0.960607246875 0.8681640625 0.960607246875 0.8701171875 0.957576940625 0.8798828125 0.957576940625 0.8818359375 0.9545466328125001 0.8974609375 0.9545466328125001 0.8994140625 0.957576940625 0.9013671875 0.9545466328125001 0.9052734375 0.9545466328125001 0.9072265625 0.957576940625 0.9150390625 0.957576940625 0.9169921875 0.9545466328125001 0.9248046875 0.9545466328125001 0.9267578125 0.957576940625 0.9521484375 0.957576940625 0.9541015625 0.9545466328125001 0.9560546875 0.9545466328125001 0.9580078125 0.9515163265625001 0.9599609375 0.9515163265625001 0.962890625 0.9469708656250001 0.962890625 0.940910253125 0.96484375 0.9378799453125 0.96484375 0.9348496390625 0.962890625 0.9318193328125 0.962890625 0.907576878125 0.9609375 0.904546571875 0.9609375 0.834849515625 0.958984375 0.831819209375 0.958984375 0.8287889015625 0.95703125 0.8257585953125 0.95703125 0.816667675 0.958984375 0.81363736875 0.958984375 0.8075767546874999 0.9609375 0.8045464484375 0.9609375 0.801516140625 0.962890625 0.798485834375 0.962890625 0.7924252203125 0.96484375 0.7893949140625 0.96484375 0.7560615390625001 0.966796875 0.7530312328125001 0.966796875 0.7166675515625001 0.96484375 0.7136372453125001 0.96484375 0.7106069374999999 0.962890625 0.70757663125 0.962890625 0.692425096875 0.96484375 0.689394790625 0.96484375 0.6590917234375 0.966796875 0.656061415625 0.966796875 0.63484926875 0.96875 0.6318189624999999 0.96875 0.6287886546875 0.970703125 0.6257583484375 0.970703125 0.6045462015624999 0.96875 0.60151589375 0.96875 0.5924249734375 0.966796875 0.5893946671875 0.966796875 0.5803037468750001 0.96484375 0.577273440625 0.96484375 0.5742431328125 0.966796875 0.5712128265625 0.966796875 0.5681825203125 0.96875 0.5651522124999999 0.96875 0.510606690625 0.97265625 0.504546078125 0.97265625 0.4863642375 0.970703125 0.4833339296875 0.970703125 0.45606116874999997 0.96875 0.4530308625 0.96875 0.44697024843750005 0.970703125 0.4439399421875 0.970703125 0.4196974875 0.96875 0.41666718124999996 0.96875 0.3863641140625 0.966796875 0.38333380625 0.966796875 0.3742428859375 0.96875 0.3712125796875 0.96875 0.3075761375 0.970703125 0.30454583125 0.970703125 0.2742427625 0.96875 0.27121245625 0.96875 0.2651518421875 0.966796875 0.2621215359375 0.966796875 0.22272754843749998 0.96484375 0.219697240625 0.96484375 0.20757601406249998 0.966796875 0.20454570625000001 0.96484375 0.20151539999999998 0.96484375 0.1893941734375 0.962890625 0.186363865625 0.962890625 0.180303253125 0.96484375 0.177272946875 0.96484375 0.17424263906249998 0.966796875 0.17121233281249998 0.966796875 0.1348486515625 0.96484375 0.13181834375 0.96484375 0.12272742343750001 0.966796875 0.11969711718750001 0.966796875 0.059090981249999994 0.96484375 0.056060675000000004 0.96484375 0.0500000609375 0.962890625 0.0469697546875 0.962890625 0.0439394484375 0.9580078125 0.03636368125 0.9560546875 0.03636368125 0.953125 0.031818221875000004 0.953125 0.028787914062499996 0.9521484375 0.0272727609375 0.9501953125 0.0272727609375 0.9482421875 0.0242424546875 0.9248046875 0.0242424546875 0.9228515625 0.0272727609375 0.9208984375 0.0272727609375 0.9169921875 0.033333375 0.9150390625 0.033333375 0.9130859375 0.03636368125 0.9091796875 0.03636368125 0.90625 0.031818221875000004 0.90625 0.028787914062499996 0.9033203125 0.0242424546875 0.8857421875 0.0242424546875 0.8828125 0.028787914062499996 0.8828125 0.031818221875000004 0.880859375 0.034848528125 0.880859375 0.037878834374999996 0.8798828125 0.0393939875 0.8779296875 0.0393939875 0.8759765625 0.0424242953125 0.8720703125 0.0424242953125 0.8662109375 0.033333375 0.8642578125 0.033333375 0.8623046875 0.030303067187499998 0.8369140625 0.030303067187499998 0.8349609375 0.033333375 0.8330078125 0.033333375 0.8310546875 0.03636368125 0.8232421875 0.03636368125 0.8212890625 0.033333375 0.7978515625 0.033333375 0.7919921875 0.0424242953125 0.7880859375 0.0424242953125 0.7861328125 0.0393939875 0.7841796875 0.0393939875 0.7822265625 0.033333375 0.7744140625 0.033333375 0.7724609375 0.030303067187499998 0.7626953125 0.030303067187499998 0.7607421875 0.033333375 0.7548828125 0.033333375 0.751953125 0.037878834374999996 0.751953125 0.040909140625 0.7490234375 0.0454546015625 0.7392578125 0.0454546015625 0.736328125 0.040909140625 0.736328125 0.037878834374999996 0.7333984375 0.033333375 0.7158203125 0.033333375 0.7138671875 0.03636368125 0.7119140625 0.03636368125 0.7080078125 0.0424242953125 0.7041015625 0.0424242953125 0.6982421875 0.033333375 0.6962890625 0.033333375 0.6943359375 0.030303067187499998 0.6689453125 0.030303067187499998 0.666015625 0.034848528125 0.666015625 0.037878834374999996 0.6611328125 0.0454546015625 0.6591796875 0.0454546015625 0.6572265625 0.0424242953125 0.6552734375 0.0424242953125 0.6494140625 0.033333375 0.6474609375 0.033333375 0.6455078125 0.03636368125 0.6357421875 0.03636368125 0.6337890625 0.0393939875 0.6298828125 0.0393939875 0.6279296875 0.03636368125 0.6259765625 0.03636368125 0.6240234375 0.033333375 0.6064453125 0.033333375 0.6044921875 0.03636368125 0.5927734375 0.03636368125 0.5908203125 0.0393939875 0.5869140625 0.0393939875 0.5830078125 0.0454546015625 0.5810546875 0.0454546015625 0.5791015625 0.0484849078125 0.5751953125 0.0484849078125 0.5732421875 0.0454546015625 0.5712890625 0.0454546015625 0.5703125 0.0439394484375 0.5703125 0.040909140625 0.5693359375 0.0393939875 0.5673828125 0.0393939875 0.5654296875 0.03636368125 0.5439453125 0.03636368125 0.5419921875 0.0393939875 0.5380859375 0.0393939875 0.5361328125 0.0454546015625 0.5341796875 0.0454546015625 0.5322265625 0.0484849078125 0.5302734375 0.0484849078125 0.5283203125 0.0454546015625 0.5263671875 0.0454546015625 0.5234375 0.040909140625 0.5234375 0.037878834374999996 0.5205078125 0.033333375 0.4931640625 0.033333375 0.4921875 0.034848528125 0.4921875 0.040909140625 0.4873046875 0.0484849078125 0.4814453125 0.0484849078125 0.4775390625 0.0424242953125 0.4755859375 0.0424242953125 0.4736328125 0.0393939875 0.4716796875 0.0424242953125 0.4521484375 0.0424242953125 0.4501953125 0.0454546015625 0.4482421875 0.0454546015625 0.4462890625 0.0484849078125 0.4443359375 0.0484849078125 0.4423828125 0.0454546015625 0.4404296875 0.0454546015625 0.4384765625 0.0424242953125 0.4228515625 0.0424242953125 0.4208984375 0.0393939875 0.4169921875 0.0393939875 0.4150390625 0.0424242953125 0.4111328125 0.0424242953125 0.4091796875 0.0454546015625 0.4072265625 0.0454546015625 0.4033203125 0.051515215625 0.3955078125 0.051515215625 0.3896484375 0.0424242953125 0.3759765625 0.0424242953125 0.3740234375 0.0454546015625 0.3681640625 0.0454546015625 0.3662109375 0.0484849078125 0.3642578125 0.0484849078125 0.3603515625 0.054545521875 0.3544921875 0.054545521875 0.3505859375 0.0484849078125 0.3369140625 0.0484849078125 0.3349609375 0.0454546015625 0.3330078125 0.0454546015625 0.3310546875 0.0484849078125 0.3291015625 0.0454546015625 0.3251953125 0.0454546015625 0.3212890625 0.051515215625 0.3134765625 0.051515215625 0.3095703125 0.0454546015625 0.2978515625 0.0454546015625 0.2958984375 0.0424242953125 0.2841796875 0.0424242953125 0.2822265625 0.0454546015625 0.2666015625 0.0454546015625 0.2646484375 0.0424242953125 0.2431640625 0.0424242953125 0.2412109375 0.0454546015625 0.2392578125 0.0454546015625 0.2373046875 0.0484849078125 0.2294921875 0.0484849078125 0.2236328125 0.0393939875 0.2216796875 0.0424242953125 0.2197265625 0.0424242953125 0.2177734375 0.0393939875 0.2138671875 0.0393939875 0.2119140625 0.0424242953125 0.2001953125 0.0424242953125 0.1982421875 0.0454546015625 0.1943359375 0.0454546015625 0.1923828125 0.0484849078125 0.1845703125 0.0484849078125 0.18359375 0.0500000609375 0.18359375 0.05303036875 0.1826171875 0.054545521875 0.1806640625 0.054545521875 0.1787109375 0.05757582812499999 0.1728515625 0.05757582812499999 0.1708984375 0.054545521875 0.1689453125 0.054545521875 0.1669921875 0.05757582812499999 0.1376953125 0.05757582812499999 0.1357421875 0.06060613593750001 0.1279296875 0.06060613593750001 0.1240234375 0.054545521875 0.1142578125 0.054545521875 0.1123046875 0.05757582812499999 0.1025390625 0.05757582812499999 0.0986328125 0.0636364421875 0.0927734375 0.0636364421875 0.0908203125 0.06060613593750001 0.0888671875 0.06060613593750001 0.0869140625 0.05757582812499999 0.0615234375 0.05757582812499999 0.0595703125 0.06060613593750001 0.0576171875 0.06060613593750001 0.0537109375 0.0666667484375 0.0478515625 0.0666667484375 0.0458984375 0.06969705625 0.0439453125 0.06969705625 0.041015625 0.074242515625 0.041015625 0.0803031296875 0.037109375 0.08636374375 0.037109375 0.08939405 0.03515625 0.09242435624999999 0.03515625 0.10151527656249999 0.033203125 0.10454558437499999 0.033203125 0.1166668109375 0.03515625 0.11969711718750001 0.03515625 0.12272742343750001 0.037109375 0.12575773125 0.037109375 0.1348486515625 0.033203125 0.140909265625 0.033203125 0.1530304921875 0.03125 0.1560607984375 0.03125 0.17424263906249998 0.033203125 0.177272946875 0.033203125 0.1893941734375 0.041015625 0.20151539999999998 0.041015625 0.20757601406249998 0.0390625 0.2106063203125 0.0390625 0.213636628125 0.037109375 0.216666934375 0.037109375 0.219697240625 0.03515625 0.22272754843749998 0.03515625 0.24697000156249999 0.041015625 0.25606092187499996 0.041015625 0.2651518421875 0.0400390625 0.2666669953125 0.0380859375 0.2666669953125 0.03515625 0.27121245625 0.03515625 0.27727307031250004 0.033203125 0.2803033765625 0.033203125 0.3136367515625 0.0390625 0.322727671875 0.0390625 0.3348488984375 0.03515625 0.3409095109375 0.03515625 0.3742428859375 0.037109375 0.37727319375 0.037109375 0.3803035 0.041015625 0.3863641140625 0.041015625 0.3924247265625 0.03515625 0.40151564687499997 0.03515625 0.4287884078125 0.0390625 0.434849021875 0.0390625 0.45000055625 0.037109375 0.4530308625 0.037109375 0.4833339296875 0.04296875 0.49242485 0.04296875 0.49848546406249994 0.041015625 0.5015157703125 0.041015625 0.504546078125 0.0390625 0.507576384375 0.0390625 0.5318188390625 0.037109375 0.5348491453124999 0.037109375 0.5530309859375 0.0400390625 0.5575764453125001 0.0419921875 0.5575764453125001 0.044921875 0.56212190625 0.044921875 0.5651522124999999 0.04296875 0.5681825203125 0.04296875 0.5712128265625 0.037109375 0.5803037468750001 0.037109375 0.5924249734375 0.0390625 0.59545528125 0.0390625 0.60151589375 0.041015625 0.6045462015624999 0.041015625 0.6075765078125 0.044921875 0.613637121875 0.044921875 0.6257583484375 0.0439453125 0.6272735015625 0.0419921875 0.6272735015625 0.0390625 0.6318189624999999 0.0390625 0.637879575 0.037109375 0.6409098828124999 0.037109375 0.6772735640625 0.0390625 0.6803038703125 0.0390625 0.6833341765625 0.0400390625 0.6848493296875 0.0419921875 0.6848493296875 0.046875 0.692425096875 0.046875 0.7015160171875 0.041015625 0.7106069374999999 0.041015625 0.7348493921875 0.044921875 0.74091000625 0.044921875 0.7530312328125001 0.0390625 0.762122153125 0.0390625 0.7742433796875 0.037109375 0.7772736874999999 0.037109375 0.7924252203125 0.0390625 0.795455528125 0.0390625 0.801516140625 0.044921875 0.8106070609374999 0.044921875 0.81363736875 0.046875 0.816667675 0.046875 0.81969798125 0.044921875 0.8227282890625001 0.044921875 0.8257585953125 0.04296875 0.8287889015625 0.04296875 0.831819209375 0.041015625 0.834849515625 0.041015625 0.8469707421875 0.0390625 0.85000105 0.0390625 0.8560616624999999 0.041015625 0.8590919703125 0.041015625 0.8651525828125 0.0419921875 0.8666677375 0.0439453125 0.8666677375 0.044921875 0.8681828906250001 0.044921875 0.8712131968750001 0.046875 0.874243503125 0.046875 0.8772738109375 0.044921875 0.8803041171875 0.044921875 0.8833344234375 0.041015625 0.8893950374999999 0.041015625 0.9196981046875001 0.0478515625 0.930304178125 0.0498046875 0.930304178125 0.05078125 0.9318193328125 0.05078125 0.9378799453125 0.052734375 0.940910253125 0.052734375 0.9469708656250001 0.0625 0.9621223999999999 0.0625 0.9651527062499999 0.0634765625 0.966667859375 0.0654296875 0.966667859375 0.0673828125 0.9696981671874999 0.0693359375 0.9696981671874999 0.0712890625 0.9727284734375001 0.0732421875 0.9727284734375001 0.0751953125 0.9757587796875 0.0791015625 0.9757587796875 0.0810546875 0.9787890875 0.0947265625 0.9787890875 0.0986328125 0.9727284734375001 0.1005859375 0.9727284734375001 0.1025390625 0.9696981671874999 0.1044921875 0.9727284734375001 0.1064453125 0.9727284734375001 0.1083984375 0.9757587796875 0.1181640625 0.9757587796875 0.1201171875 0.9787890875 0.1220703125 0.9757587796875 0.1240234375 0.9787890875 0.1337890625 0.9787890875 0.1357421875 0.9757587796875 0.1416015625 0.9757587796875 0.1435546875 0.9727284734375001 0.1494140625 0.9727284734375001 0.1533203125 0.9787890875 0.1708984375 0.9787890875 0.1728515625 0.9757587796875 0.1748046875 0.9757587796875 0.1787109375 0.9696981671874999 0.1826171875 0.9696981671874999 0.1845703125 0.9727284734375001 0.1962890625 0.9727284734375001 0.1982421875 0.9696981671874999 0.2119140625 0.9696981671874999 0.2138671875 0.966667859375 0.2197265625 0.966667859375 0.2216796875 0.963637553125 0.2275390625 0.963637553125 0.2314453125 0.9696981671874999 0.2412109375 0.9696981671874999 0.2431640625 0.9727284734375001 0.2607421875 0.9727284734375001 0.2626953125 0.9696981671874999 0.2666015625 0.9696981671874999 0.2705078125 0.9757587796875 0.2724609375 0.9757587796875 0.2744140625 0.9787890875 0.2939453125 0.9787890875 0.2958984375 0.9757587796875 0.2978515625 0.9757587796875 0.2998046875 0.9727284734375001 0.3017578125 0.9757587796875 0.3408203125 0.9757587796875 0.3427734375 0.9787890875 0.3447265625 0.9787890875 0.3466796875 0.98181939375 0.3564453125 0.98181939375 0.357421875 0.980304240625 0.3583984375 0.9787890875 0.3681640625 0.9787890875 0.3701171875 0.9757587796875 0.3759765625 0.9757587796875
