1 0.9359375 0.0484375 0.05 0.040625
2 0.87578125 0.0390625 0.0265625 0.015625
2 0.8078125 0.03828125 0.0296875 0.015625
2 0.7484375 0.04140625 0.03125 0.021875
2 0.68203125 0.03671875 0.028125 0.0140625
2 0.6203125 0.03671875 0.0328125 0.015625
2 0.51875 0.03515625 0.0375 0.0171875
2 0.44375 0.040625 0.028125 0.01875
2 0.38984375 0.04375 0.03125 0.0234375
2 0.31328125 0.04140625 0.034375 0.01875
2 0.26328125 0.03828125 0.0296875 0.01875
2 0.19609375 0.0375 0.028125 0.01875
2 0.1359375 0.0390625 0.028125 0.015625
2 0.075 0.04375 0.0171875 0.015625
2 0.0375 0.221875 0.028125 0.01875
2 0.0296875 0.259375 0.0375 0.0125
2 0.03203125 0.5375 0.021875 0.021875
2 0.16796875 0.95859375 0.028125 0.015625
2 0.94765625 0.09765625 0.0359375 0.0265625
2 0.9578125 0.32265625 0.03125 0.0203125
2 0.9546875 0.359375 0.021875 0.01875
2 0.95546875 0.4015625 0.0265625 0.01875
2 0.959375 0.4453125 0.021875 0.01875
2 0.96015625 0.4859375 0.0234375 0.015625
2 0.9546875 0.53203125 0.021875 0.0171875
2 0.95703125 0.578125 0.0265625 0.01875
2 0.95546875 0.6609375 0.025 0.021875
2 0.9578125 0.70625 0.028125 0.021875
2 0.96015625 0.875 0.025 0.021875
2 0.9671875 0.9125 0.01875 0.015625
0 0.032869784375 0.9645548984375001 0.1308470296875 0.9594622125000001 0.8833754734375001 0.9771847625 0.9371049296875 0.97392544375 0.9431099875 0.9727031984375 0.9541719343749999 0.968221634375 0.9712389375000001 0.955795478125 0.9759797718750001 0.9492768390625 0.98072060625 0.936646975 0.963337546875 0.2921165203125 0.9532237671875 0.11265023437499999 0.9453223765625 0.0635567328125 0.9421618203125 0.0562232640625 0.9266750953124999 0.0376858828125 0.9213021484375 0.0350376859375 0.9108723140625001 0.0330006109375 0.47155499375 0.0299449984375 0.1618204796875 0.0313709515625 0.08501896406250001 0.0417600328125 0.045512009375 0.0417600328125 0.0320796453125 0.04888979375 0.03128950625 0.822978203125 0.026548671875000002 0.9146465671874999 0.032869784375 0.9645548984375001
