2 0.0609375 0.0421875 0.01796875 0.01953125
2 0.040625 0.19609375 0.01484375 0.028125
2 0.040625 0.246875 0.01796875 0.03046875
2 0.0390625 0.31640625 0.01796875 0.028125
2 0.040625 0.3765625 0.01875 0.03125
2 0.04296875 0.428125 0.021875 0.034375
2 0.040625 0.484375 0.0203125 0.0328125
2 0.04296875 0.6078125 0.01953125 0.02578125
2 0.046875 0.6875 0.02265625 0.02890625
2 0.046875 0.73671875 0.0125 0.02734375
2 0.046875 0.803125 0.0140625 0.02421875
2 0.0484375 0.865625 0.01796875 0.02890625
2 0.04921875 0.9265625 0.01796875 0.025
2 0.15078125 0.96796875 0.02265625 0.03046875
2 0.18359375 0.96328125 0.02109375 0.02734375
2 0.2265625 0.9578125 0.01953125 0.025
2 0.26640625 0.96171875 0.009375 0.0234375
2 0.30078125 0.96484375 0.01796875 0.02109375
2 0.34296875 0.9671875 0.025 0.02578125
2 0.3859375 0.96640625 0.01875 0.0265625
2 0.42109375 0.9640625 0.01953125 0.01875
2 0.46875 0.96640625 0.01953125 0.0265625
2 0.50234375 0.96171875 0.015625 0.0203125
2 0.54453125 0.9609375 0.02109375 0.02890625
2 0.67421875 0.96171875 0.0203125 0.0265625
2 0.70703125 0.959375 0.02109375 0.0203125
2 0.7546875 0.95625 0.02421875 0.03203125
2 0.8125 0.9546875 0.0234375 0.01953125
2 0.84296875 0.953125 0.0234375 0.02890625
2 0.8890625 0.95 0.01796875 0.0203125
2 0.10390625 0.03515625 0.02890625 0.02734375
2 0.14296875 0.034375 0.02265625 0.02265625
2 0.1859375 0.0296875 0.0234375 0.02734375
2 0.24296875 0.025 0.02890625 0.03046875
2 0.32109375 0.02890625 0.01640625 0.02890625
2 0.3640625 0.02578125 0.03125 0.0390625
2 0.40859375 0.02578125 0.03515625 0.0265625
2 0.45 0.01796875 0.0203125 0.03359375
2 0.49140625 0.01640625 0.01953125 0.0296875
2 0.53359375 0.021875 0.01953125 0.03515625
2 0.58125 0.01875 0.02265625 0.03359375
2 0.63359375 0.0171875 0.0234375 0.028125
2 0.66875 0.01953125 0.02109375 0.02890625
2 0.7109375 0.01796875 0.02109375 0.0296875
2 0.74921875 0.01953125 0.01796875 0.03203125
2 0.79453125 0.01875 0.02265625 0.02421875
2 0.88046875 0.01953125 0.01953125 0.0265625
2 0.9140625 0.01796875 0.01796875 0.0296875
0 0.18129965312500002 0.9797724406249999 0.9696475859374999 0.95606826875 0.9727031984375 0.017383059375000003 0.9295172140625001 0 0.20472601406250002 0.01864728125 0.16255856562499998 0.0211757265625 0.0497046234375 0.0372945640625 0.039315542187500004 0.0417193421875 0.037482175 0.0442477875 0.03625993125 0.0499367890625 0.026481971875 0.7490518328125 0.0387044203125 0.9718710500000001 0.0947239765625 0.9734513281250001 0.18129965312500002 0.9797724406249999
