0 0.0364636375 0.039190896875 0.0252597265625 0.969974715625 0.9337950703125 0.9721871046875 0.9633326546875001 0.9279393171875 0.9602770421875 0.087231353125 0.9317579953124999 0.039823009375 0.0364636375 0.039190896875
2 0.95703125 0.81171875 0.015625 0.028125
2 0.9578125 0.7578125 0.015625 0.028125
2 0.95859375 0.6296875 0.015625 0.028125
2 0.9578125 0.525 0.0125 0.0296875
2 0.95625 0.45546875 0.0109375 0.03125
2 0.95390625 0.32421875 0.0171875 0.025
2 0.9609375 0.27578125 0.015625 0.0328125
2 0.9546875 0.20703125 0.01875 0.03125
2 0.8953125 0.96875 0.0171875 0.021875
2 0.85859375 0.971875 0.01875 0.034375
2 0.8125 0.97421875 0.015625 0.0203125
2 0.7578125 0.98046875 0.0125 0.034375
2 0.7171875 0.97578125 0.025 0.0265625
2 0.67578125 0.975 0.01875 0.028125
2 0.634375 0.97265625 0.0203125 0.0296875
2 0.5921875 0.9734375 0.0125 0.021875
2 0.41640625 0.96953125 0.0203125 0.021875
2 0.28359375 0.9734375 0.01875 0.021875
2 0.2484375 0.9703125 0.021875 0.01875
2 0.2015625 0.9703125 0.0171875 0.028125
2 0.1171875 0.9671875 0.025 0.025
2 0.89765625 0.04609375 0.025 0.03125
2 0.73515625 0.03828125 0.025 0.0265625
2 0.69765625 0.034375 0.025 0.015625
2 0.61484375 0.034375 0.01875 0.028125
2 0.58125 0.0359375 0.021875 0.021875
2 0.534375 0.0359375 0.0125 0.025
2 0.4578125 0.040625 0.015625 0.021875
1 0.940625 0.06875 0.04375 0.0734375
1 0.95 0.95234375 0.053125 0.065625
