0 0.9696475859374999 0.034766118750000005 0.9268690156250001 0.02212389375 0.0692605421875 0.034766118750000005 0.0376858828125 0.058470290625 0.032593196875 0.11061946874999999 0.0427785703125 0.9149810359374999 0.0712976171875 0.9718710500000001 0.9655734359375 0.960809103125 0.9696475859374999 0.034766118750000005
1 0.04921875 0.06015625 0.0390625 0.06328125
2 0.09765625 0.04140625 0.02265625 0.025
2 0.13515625 0.0359375 0.01640625 0.0234375
2 0.18125 0.0328125 0.01640625 0.028125
2 0.2375 0.02578125 0.01328125 0.0234375
2 0.27890625 0.025 0.0140625 0.021875
2 0.3203125 0.03046875 0.015625 0.0296875
2 0.36171875 0.0359375 0.0171875 0.0203125
2 0.40390625 0.03359375 0.0171875 0.0234375
2 0.79296875 0.02890625 0.01953125 0.0265625
2 0.0390625 0.2453125 0.015625 0.028125
2 0.03515625 0.31796875 0.015625 0.025
2 0.03828125 0.375 0.01953125 0.0328125
2 0.03671875 0.42890625 0.0125 0.0234375
2 0.03984375 0.48515625 0.015625 0.03515625
2 0.04140625 0.68203125 0.01640625 0.0265625
2 0.04140625 0.80703125 0.0171875 0.0296875
1 0.06015625 0.94765625 0.046875 0.07421875
