1 0.940625 0.94375 0.0390625 0.0671875
2 0.959375 0.1984375 0.0140625 0.028125
2 0.95859375 0.2515625 0.0140625 0.0234375
2 0.9609375 0.38046875 0.0125 0.025
2 0.96328125 0.4328125 0.0125 0.028125
2 0.9609375 0.48828125 0.0125 0.0265625
2 0.95859375 0.5578125 0.0140625 0.021875
2 0.95625 0.61015625 0.0140625 0.025
2 0.95625 0.68828125 0.0203125 0.021875
2 0.95859375 0.74140625 0.0125 0.025
2 0.95625 0.809375 0.015625 0.025
2 0.95703125 0.86953125 0.009375 0.0265625
2 0.95234375 0.9296875 0.0125 0.01875
2 0.896875 0.9703125 0.0109375 0.0171875
2 0.85234375 0.9734375 0.0203125 0.0171875
2 0.775 0.96328125 0.015625 0.0234375
2 0.0375 0.03125 0.0140625 0.025
2 0.08359375 0.02890625 0.0203125 0.0234375
2 0.12109375 0.034375 0.01875 0.021875
2 0.1703125 0.03046875 0.01875 0.01875
2 0.2078125 0.03671875 0.0125 0.021875
2 0.25546875 0.03515625 0.015625 0.0203125
2 0.29296875 0.034375 0.015625 0.0234375
2 0.33828125 0.03515625 0.01875 0.01875
2 0.42109375 0.0375 0.015625 0.021875
2 0.46640625 0.03828125 0.01875 0.01875
2 0.59921875 0.040625 0.015625 0.01875
2 0.6390625 0.04140625 0.0125 0.01875
2 0.67890625 0.04140625 0.0140625 0.0140625
0 0.6376953125 0.9727284734375001 0.638671875 0.9742436265625001 0.6396484375 0.9757587796875 0.6416015625 0.9727284734375001 0.6572265625 0.9727284734375001 0.6591796875 0.9696981671874999 0.6650390625 0.9696981671874999 0.6669921875 0.9727284734375001 0.6689453125 0.9727284734375001 0.6708984375 0.9696981671874999 0.6767578125 0.9696981671874999 0.6787109375 0.9727284734375001 0.6943359375 0.9727284734375001 0.6962890625 0.9696981671874999 0.7099609375 0.9696981671874999 0.7119140625 0.9727284734375001 0.7236328125 0.9727284734375001 0.7255859375 0.9696981671874999 0.7275390625 0.9696981671874999 0.7294921875 0.966667859375 0.7314453125 0.966667859375 0.7333984375 0.963637553125 0.7431640625 0.963637553125 0.7451171875 0.966667859375 0.7568359375 0.966667859375 0.7587890625 0.963637553125 0.7685546875 0.963637553125 0.7724609375 0.957576940625 0.7783203125 0.957576940625 0.7802734375 0.960607246875 0.7841796875 0.960607246875 0.7861328125 0.963637553125 0.8115234375 0.963637553125 0.8134765625 0.966667859375 0.8154296875 0.966667859375 0.8173828125 0.963637553125 0.8193359375 0.963637553125 0.8212890625 0.966667859375 0.8232421875 0.966667859375 0.8251953125 0.9696981671874999 0.8310546875 0.9696981671874999 0.8330078125 0.9727284734375001 0.8447265625 0.9727284734375001 0.8466796875 0.9696981671874999 0.8486328125 0.9696981671874999 0.8505859375 0.966667859375 0.8564453125 0.966667859375 0.8583984375 0.9696981671874999 0.8916015625 0.9696981671874999 0.8935546875 0.966667859375 0.8955078125 0.966667859375 0.8974609375 0.963637553125 0.8994140625 0.963637553125 0.9013671875 0.966667859375 0.9033203125 0.966667859375 0.9052734375 0.9696981671874999 0.9267578125 0.9696981671874999 0.9326171875 0.960607246875 0.9345703125 0.960607246875 0.947265625 0.940910253125 0.947265625 0.9318193328125 0.94921875 0.928789025 0.94921875 0.92575871875 0.9521484375 0.9212132578125001 0.9541015625 0.9212132578125001 0.958984375 0.9136374921874999 0.958984375 0.8954556515625001 0.95703125 0.89242534375 0.958984375 0.8893950374999999 0.95703125 0.8863647312499999 0.95703125 0.8833344234375 0.955078125 0.8803041171875 0.955078125 0.8772738109375 0.953125 0.874243503125 0.953125 0.8621222765625 0.955078125 0.8590919703125 0.955078125 0.85303135625 0.95703125 0.85000105 0.95703125 0.8227282890625001 0.955078125 0.81969798125 0.955078125 0.816667675 0.953125 0.81363736875 0.953125 0.8075767546874999 0.9560546875 0.8030312953125 0.9580078125 0.8030312953125 0.958984375 0.801516140625 0.958984375 0.798485834375 0.9609375 0.795455528125 0.9609375 0.7530312328125001 0.9599609375 0.7515160796875 0.9560546875 0.7515160796875 0.955078125 0.7500009265625 0.955078125 0.7348493921875 0.95703125 0.7318190859375 0.95703125 0.728788778125 0.958984375 0.7257584718750001 0.958984375 0.704546325 0.9560546875 0.7000008640625001 0.9541015625 0.7000008640625001 0.951171875 0.6954554046875 0.951171875 0.6863644843750001 0.9541015625 0.6818190234375 0.9560546875 0.6818190234375 0.9609375 0.67424325625 0.9609375 0.66818264375 0.962890625 0.6651523359375 0.962890625 0.6469704953125001 0.9609375 0.6439401890625 0.9609375 0.63484926875 0.955078125 0.6257583484375 0.955078125 0.622728040625 0.953125 0.6196977343750001 0.953125 0.6075765078125 0.95703125 0.60151589375 0.95703125 0.5893946671875 0.958984375 0.5863643609375 0.958984375 0.583334053125 0.9609375 0.5803037468750001 0.9609375 0.5712128265625 0.9599609375 0.5696976734375 0.9580078125 0.5696976734375 0.955078125 0.5651522124999999 0.955078125 0.5590916 0.953125 0.5560612921875 0.955078125 0.5530309859375 0.955078125 0.550000678125 0.958984375 0.543940065625 0.958984375 0.5409097593750001 0.9609375 0.5378794515624999 0.958984375 0.5348491453124999 0.958984375 0.49848546406249994 0.955078125 0.49242485 0.955078125 0.4833339296875 0.95703125 0.4803036234375 0.95703125 0.477273315625 0.9609375 0.47121270312499997 0.9609375 0.4439399421875 0.958984375 0.4409096359375 0.958984375 0.4287884078125 0.9609375 0.4257581015625 0.9609375 0.4136368734375 0.962890625 0.4106065671875 0.962890625 0.398485340625 0.9609375 0.39545503437499996 0.9609375 0.3924247265625 0.95703125 0.3863641140625 0.95703125 0.37727319375 0.958984375 0.3742428859375 0.958984375 0.3712125796875 0.9609375 0.3681822734375 0.9609375 0.331818590625 0.958984375 0.32878828437499996 0.958984375 0.325757978125 0.95703125 0.322727671875 0.95703125 0.3196973640625 0.958984375 0.31666705781250004 0.958984375 0.3075761375 0.9609375 0.30454583125 0.9609375 0.2984852171875 0.962890625 0.2954549109375 0.962890625 0.28333368281250004 0.9609375 0.2803033765625 0.9609375 0.2681821484375 0.9599609375 0.2666669953125 0.9580078125 0.2666669953125 0.955078125 0.2621215359375 0.955078125 0.2439396953125 0.95703125 0.24090938906249998 0.95703125 0.23484877499999998 0.958984375 0.23181846875 0.958984375 0.22878816093749998 0.9609375 0.2257578546875 0.958984375 0.22272754843749998 0.958984375 0.2106063203125 0.95703125 0.20757601406249998 0.95703125 0.20454570625000001 0.955078125 0.20151539999999998 0.955078125 0.19545478593750001 0.95703125 0.1924244796875 0.95703125 0.1893941734375 0.958984375 0.186363865625 0.958984375 0.183333559375 0.9609375 0.180303253125 0.9609375 0.177272946875 0.962890625 0.17424263906249998 0.962890625 0.1681820265625 0.96484375 0.16515171875 0.96484375 0.140909265625 0.962890625 0.13787895781249998 0.962890625 0.1348486515625 0.9609375 0.13181834375 0.9609375 0.1287880375 0.958984375 0.12575773125 0.958984375 0.1166668109375 0.9609375 0.113636503125 0.9609375 0.0984849703125 0.958984375 0.0954546640625 0.958984375 0.08939405 0.95703125 0.08636374375 0.95703125 0.0833334359375 0.955078125 0.0803031296875 0.955078125 0.074242515625 0.9482421875 0.0636364421875 0.9443359375 0.0636364421875 0.9423828125 0.06060613593750001 0.9404296875 0.06060613593750001 0.9384765625 0.05757582812499999 0.9248046875 0.05757582812499999 0.9228515625 0.054545521875 0.9169921875 0.054545521875 0.9150390625 0.05757582812499999 0.9052734375 0.05757582812499999 0.9033203125 0.06060613593750001 0.9013671875 0.06060613593750001 0.8994140625 0.05757582812499999 0.8974609375 0.05757582812499999 0.8955078125 0.054545521875 0.8876953125 0.054545521875 0.8857421875 0.051515215625 0.8837890625 0.051515215625 0.8818359375 0.054545521875 0.8798828125 0.054545521875 0.8779296875 0.051515215625 0.8759765625 0.051515215625 0.8740234375 0.054545521875 0.8701171875 0.054545521875 0.8681640625 0.05757582812499999 0.8642578125 0.05757582812499999 0.8623046875 0.054545521875 0.8408203125 0.054545521875 0.8388671875 0.051515215625 0.8154296875 0.051515215625 0.8134765625 0.0484849078125 0.8115234375 0.0484849078125 0.8095703125 0.0454546015625 0.8056640625 0.0454546015625 0.8037109375 0.0424242953125 0.7998046875 0.0424242953125 0.7978515625 0.0393939875 0.7939453125 0.0393939875 0.7919921875 0.03636368125 0.7822265625 0.03636368125 0.7802734375 0.0393939875 0.7763671875 0.0393939875 0.7724609375 0.0454546015625 0.7587890625 0.0454546015625 0.7548828125 0.0393939875 0.7470703125 0.0393939875 0.7451171875 0.03636368125 0.7431640625 0.03636368125 0.7412109375 0.0393939875 0.7353515625 0.0393939875 0.7333984375 0.0424242953125 0.7314453125 0.0424242953125 0.7294921875 0.0393939875 0.7275390625 0.0424242953125 0.7158203125 0.0424242953125 0.7138671875 0.0393939875 0.7119140625 0.0393939875 0.7099609375 0.0424242953125 0.6962890625 0.0424242953125 0.6943359375 0.0454546015625 0.6865234375 0.0454546015625 0.6845703125 0.0484849078125 0.6728515625 0.0484849078125 0.6708984375 0.0454546015625 0.6552734375 0.0454546015625 0.6533203125 0.0484849078125 0.6455078125 0.0484849078125 0.6435546875 0.051515215625 0.6357421875 0.051515215625 0.6337890625 0.0484849078125 0.6318359375 0.0484849078125 0.6298828125 0.0454546015625 0.6220703125 0.0454546015625 0.6181640625 0.0393939875 0.6103515625 0.0393939875 0.6083984375 0.0454546015625 0.6044921875 0.0454546015625 0.6025390625 0.0484849078125 0.5908203125 0.0484849078125 0.5888671875 0.0454546015625 0.5869140625 0.0454546015625 0.5849609375 0.0424242953125 0.5830078125 0.0424242953125 0.5810546875 0.0393939875 0.5595703125 0.0393939875 0.5556640625 0.0454546015625 0.5498046875 0.0454546015625 0.5478515625 0.0424242953125 0.5458984375 0.0424242953125 0.5439453125 0.0393939875 0.5224609375 0.0393939875 0.5185546875 0.0454546015625 0.5166015625 0.0454546015625 0.5146484375 0.0484849078125 0.5107421875 0.0484849078125 0.5087890625 0.0454546015625 0.5068359375 0.0454546015625 0.5009765625 0.03636368125 0.4990234375 0.03636368125 0.4970703125 0.033333375 0.4775390625 0.033333375 0.4765625 0.034848528125 0.4765625 0.037878834374999996 0.4716796875 0.0454546015625 0.4619140625 0.0454546015625 0.4560546875 0.03636368125 0.4326171875 0.03636368125 0.4267578125 0.0454546015625 0.4150390625 0.0454546015625 0.4140625 0.0439394484375 0.4140625 0.040909140625 0.4111328125 0.03636368125 0.4052734375 0.03636368125 0.4033203125 0.033333375 0.3740234375 0.033333375 0.3720703125 0.03636368125 0.3681640625 0.03636368125 0.3662109375 0.0393939875 0.3642578125 0.0393939875 0.3623046875 0.03636368125 0.3486328125 0.03636368125 0.3466796875 0.0393939875 0.3447265625 0.0393939875 0.3427734375 0.0424242953125 0.3408203125 0.0424242953125 0.3388671875 0.0454546015625 0.3349609375 0.0454546015625 0.330078125 0.037878834374999996 0.330078125 0.034848528125 0.3271484375 0.030303067187499998 0.3251953125 0.030303067187499998 0.3232421875 0.0272727609375 0.3056640625 0.0272727609375 0.3037109375 0.030303067187499998 0.3017578125 0.030303067187499998 0.2939453125 0.0424242953125 0.2880859375 0.0424242953125 0.2841796875 0.03636368125 0.2822265625 0.03636368125 0.2802734375 0.033333375 0.2646484375 0.033333375 0.263671875 0.034848528125 0.263671875 0.040909140625 0.2626953125 0.0424242953125 0.2607421875 0.0424242953125 0.2587890625 0.0454546015625 0.2470703125 0.0454546015625 0.2412109375 0.03636368125 0.2392578125 0.03636368125 0.2373046875 0.033333375 0.2353515625 0.033333375 0.2333984375 0.030303067187499998 0.2275390625 0.030303067187499998 0.2255859375 0.033333375 0.2158203125 0.033333375 0.2099609375 0.0424242953125 0.2041015625 0.0424242953125 0.201171875 0.037878834374999996 0.201171875 0.034848528125 0.2001953125 0.033333375 0.1982421875 0.033333375 0.1962890625 0.030303067187499998 0.1787109375 0.030303067187499998 0.1748046875 0.03636368125 0.1728515625 0.03636368125 0.1708984375 0.0393939875 0.1689453125 0.0393939875 0.1669921875 0.03636368125 0.1650390625 0.03636368125 0.1611328125 0.030303067187499998 0.1455078125 0.030303067187499998 0.1435546875 0.033333375 0.1357421875 0.033333375 0.1337890625 0.03636368125 0.1298828125 0.03636368125 0.1259765625 0.0424242953125 0.1181640625 0.0424242953125 0.1171875 0.040909140625 0.1171875 0.037878834374999996 0.115234375 0.034848528125 0.115234375 0.028787914062499996 0.1142578125 0.0272727609375 0.0947265625 0.0272727609375 0.0888671875 0.03636368125 0.0810546875 0.03636368125 0.078125 0.031818221875000004 0.078125 0.028787914062499996 0.0751953125 0.0242424546875 0.0498046875 0.0242424546875 0.0478515625 0.0272727609375 0.0458984375 0.0272727609375 0.044921875 0.028787914062499996 0.044921875 0.031818221875000004 0.03515625 0.0469697546875 0.03515625 0.0500000609375 0.033203125 0.05303036875 0.033203125 0.08636374375 0.03125 0.08939405 0.033203125 0.09242435624999999 0.033203125 0.10151527656249999 0.03125 0.10454558437499999 0.03125 0.11969711718750001 0.033203125 0.12272742343750001 0.033203125 0.1500001859375 0.03125 0.1530304921875 0.03125 0.1560607984375 0.033203125 0.15909110625 0.033203125 0.17424263906249998 0.03515625 0.177272946875 0.03515625 0.1893941734375 0.033203125 0.1924244796875 0.033203125 0.23787908125 0.03125 0.24090938906249998 0.03125 0.250000309375 0.033203125 0.253030615625 0.033203125 0.259091228125 0.03125 0.2621215359375 0.03125 0.2742427625 0.029296875 0.27727307031250004 0.029296875 0.286363990625 0.02734375 0.28939429687499996 0.029296875 0.292424603125 0.029296875 0.2954549109375 0.02734375 0.2984852171875 0.029296875 0.3015155234375 0.029296875 0.3378792046875 0.03125 0.3409095109375 0.03125 0.346970125 0.029296875 0.35000043281250004 0.029296875 0.3681822734375 0.03125 0.3712125796875 0.03125 0.3863641140625 0.029296875 0.3893944203125 0.029296875 0.398485340625 0.02734375 0.40151564687499997 0.02734375 0.4106065671875 0.029296875 0.4136368734375 0.029296875 0.41666718124999996 0.02734375 0.4196974875 0.02734375 0.4409096359375 0.029296875 0.4439399421875 0.029296875 0.4803036234375 0.02734375 0.4833339296875 0.02734375 0.504546078125 0.029296875 0.507576384375 0.029296875 0.510606690625 0.03125 0.5136369984375 0.03125 0.5681825203125 0.033203125 0.5712128265625 0.033203125 0.5893946671875 0.029296875 0.59545528125 0.029296875 0.60151589375 0.03125 0.6045462015624999 0.03125 0.6106068140625001 0.029296875 0.613637121875 0.029296875 0.622728040625 0.03125 0.6257583484375 0.03125 0.63484926875 0.033203125 0.637879575 0.033203125 0.6469704953125001 0.03515625 0.650000803125 0.03515625 0.6833341765625 0.037109375 0.6863644843750001 0.037109375 0.70757663125 0.03515625 0.7106069374999999 0.03515625 0.7318190859375 0.033203125 0.7348493921875 0.033203125 0.7439403125 0.03515625 0.74697061875 0.03515625 0.7924252203125 0.037109375 0.795455528125 0.037109375 0.798485834375 0.0390625 0.801516140625 0.0390625 0.8045464484375 0.041015625 0.8075767546874999 0.041015625 0.81363736875 0.04296875 0.816667675 0.04296875 0.8287889015625 0.041015625 0.831819209375 0.041015625 0.834849515625 0.0390625 0.8378798218749999 0.0390625 0.8984859578125001 0.037109375 0.9015162640625001 0.037109375 0.907576878125 0.03515625 0.910607184375 0.03515625 0.9136374921874999 0.037109375 0.9166677984374999 0.03515625 0.9196981046875001 0.03515625 0.9439405593749999 0.0380859375 0.9484860203125001 0.0400390625 0.9484860203125001 0.0419921875 0.9515163265625001 0.0439453125 0.9515163265625001 0.0458984375 0.9545466328125001 0.0517578125 0.9545466328125001 0.0537109375 0.957576940625 0.0732421875 0.957576940625 0.0751953125 0.9545466328125001 0.0830078125 0.9545466328125001 0.0849609375 0.957576940625 0.0986328125 0.957576940625 0.1005859375 0.9545466328125001 0.1103515625 0.9545466328125001 0.1123046875 0.9515163265625001 0.1142578125 0.9515163265625001 0.1181640625 0.957576940625 0.1220703125 0.957576940625 0.1240234375 0.960607246875 0.1259765625 0.957576940625 0.1357421875 0.957576940625 0.1376953125 0.960607246875 0.1396484375 0.957576940625 0.1630859375 0.957576940625 0.1650390625 0.960607246875 0.1728515625 0.960607246875 0.1748046875 0.963637553125 0.1845703125 0.963637553125 0.1884765625 0.957576940625 0.2138671875 0.957576940625 0.2158203125 0.960607246875 0.2294921875 0.960607246875 0.2314453125 0.963637553125 0.2333984375 0.963637553125 0.2353515625 0.960607246875 0.2392578125 0.960607246875 0.2412109375 0.957576940625 0.2470703125 0.957576940625 0.2509765625 0.963637553125 0.2568359375 0.963637553125 0.2587890625 0.966667859375 0.2626953125 0.966667859375 0.2646484375 0.963637553125 0.2900390625 0.963637553125 0.2919921875 0.960607246875 0.2939453125 0.960607246875 0.2958984375 0.963637553125 0.3017578125 0.963637553125 0.3037109375 0.966667859375 0.3193359375 0.966667859375 0.3232421875 0.960607246875 0.3349609375 0.960607246875 0.3369140625 0.963637553125 0.3427734375 0.963637553125 0.3447265625 0.960607246875 0.3818359375 0.960607246875 0.3857421875 0.966667859375 0.3935546875 0.966667859375 0.3955078125 0.963637553125 0.4033203125 0.963637553125 0.4052734375 0.960607246875 0.4423828125 0.960607246875 0.4443359375 0.963637553125 0.4521484375 0.963637553125 0.4541015625 0.960607246875 0.4619140625 0.960607246875 0.4638671875 0.963637553125 0.4658203125 0.963637553125 0.4677734375 0.966667859375 0.4833984375 0.966667859375 0.4853515625 0.9696981671874999 0.4931640625 0.9696981671874999 0.4951171875 0.966667859375 0.4970703125 0.966667859375 0.4990234375 0.963637553125 0.5029296875 0.963637553125 0.5048828125 0.966667859375 0.5068359375 0.966667859375 0.5087890625 0.9696981671874999 0.5126953125 0.9696981671874999 0.5146484375 0.9727284734375001 0.5166015625 0.9696981671874999 0.5185546875 0.9696981671874999 0.5205078125 0.9727284734375001 0.5224609375 0.9696981671874999 0.5283203125 0.9696981671874999 0.5302734375 0.966667859375 0.5380859375 0.966667859375 0.5400390625 0.9696981671874999 0.5458984375 0.9696981671874999 0.5478515625 0.9727284734375001 0.5673828125 0.9727284734375001 0.5693359375 0.9696981671874999 0.5771484375 0.9696981671874999 0.5791015625 0.966667859375 0.5869140625 0.966667859375 0.5888671875 0.9696981671874999 0.6123046875 0.9696981671874999 0.6142578125 0.966667859375 0.6181640625 0.966667859375 0.6201171875 0.9696981671874999 0.6279296875 0.9696981671874999 0.6298828125 0.9727284734375001 0.6376953125 0.9727284734375001
