0 0.51484375 0.51171875 0.94453125 0.94296875
2 0.05546875 0.10078125 0.01328125 0.02578125
2 0.06796875 0.32421875 0.0140625 0.0234375
2 0.059375 0.546875 0.01484375 0.02890625
2 0.065625 0.6125 0.01640625 0.0328125
2 0.05625 0.76796875 0.01484375 0.0234375
2 0.05546875 0.8375 0.01796875 0.02578125
2 0.109375 0.94921875 0.01640625 0.02109375
2 0.2875 0.96796875 0.01796875 0.01875
2 0.3734375 0.96484375 0.01328125 0.02109375
2 0.6921875 0.96484375 0.015625 0.01875
2 0.775 0.965625 0.015625 0.01796875
2 0.86328125 0.96796875 0.01796875 0.02109375
2 0.9703125 0.89609375 0.0140625 0.0234375
