0 0.48125 0.49921875 0.9515625 0.9625
2 0.0765625 0.9375 0.015625 0.0234375
2 0.034375 0.93984375 0.0125 0.028125
2 0.0125 0.928125 0.0125 0.0203125
2 0.02109375 0.57421875 0.009375 0.025
2 0.025 0.29609375 0.0125 0.025
2 0.02265625 0.234375 0.009375 0.03125
2 0.1703125 0.02734375 0.015625 0.01875
2 0.1421875 0.0328125 0.0140625 0.0203125
2 0.253125 0.03359375 0.015625 0.0203125
2 0.3890625 0.0359375 0.0140625 0.025
2 0.3578125 0.03203125 0.0140625 0.01875
2 0.3328125 0.03046875 0.015625 0.015625
2 0.309375 0.03359375 0.015625 0.0203125
2 0.46953125 0.0375 0.01875 0.025
2 0.55234375 0.0375 0.0140625 0.021875
2 0.6296875 0.0390625 0.015625 0.015625
2 0.71328125 0.0359375 0.015625 0.021875
2 0.91953125 0.05234375 0.015625 0.021875
2 0.89296875 0.0546875 0.015625 0.01875
2 0.94453125 0.17890625 0.0125 0.0171875
2 0.9421875 0.246875 0.0125 0.0234375
2 0.9359375 0.39921875 0.015625 0.025
2 0.93984375 0.4671875 0.015625 0.025
2 0.9359375 0.69140625 0.015625 0.021875
2 0.94296875 0.765625 0.0140625 0.021875
2 0.94375 0.91640625 0.0171875 0.025
