2 0.96015625 0.11484375 0.009375 0.021875
2 0.95703125 0.184375 0.0078125 0.028125
2 0.95546875 0.2359375 0.009375 0.0328125
2 0.96015625 0.30703125 0.0140625 0.03125
2 0.95859375 0.36953125 0.0140625 0.025
2 0.9609375 0.42109375 0.0109375 0.0265625
2 0.95859375 0.475 0.01875 0.028125
2 0.95703125 0.54140625 0.0171875 0.028125
2 0.953125 0.603125 0.025 0.034375
2 0.95390625 0.67578125 0.0171875 0.034375
2 0.95859375 0.7296875 0.01875 0.028125
2 0.95625 0.7984375 0.0140625 0.034375
2 0.96015625 0.8578125 0.015625 0.028125
2 0.9546875 0.91640625 0.0125 0.021875
2 0.9328125 0.96171875 0.01875 0.0203125
2 0.8984375 0.9625 0.015625 0.025
2 0.8546875 0.9609375 0.01875 0.021875
2 0.7359375 0.9640625 0.01875 0.03125
2 0.703125 0.9625 0.0125 0.021875
2 0.6171875 0.96640625 0.015625 0.0171875
2 0.45703125 0.959375 0.021875 0.0234375
2 0.24140625 0.9609375 0.021875 0.021875
2 0.03359375 0.70546875 0.015625 0.0296875
2 0.04140625 0.825 0.021875 0.028125
2 0.89765625 0.04609375 0.01875 0.01875
2 0.865625 0.04375 0.021875 0.025
2 0.815625 0.0375 0.015625 0.03125
2 0.76015625 0.03671875 0.015625 0.01875
2 0.67578125 0.03671875 0.01875 0.021875
2 0.6359375 0.040625 0.021875 0.028125
2 0.5953125 0.03828125 0.015625 0.01875
2 0.509375 0.0359375 0.01875 0.0171875
2 0.46328125 0.0359375 0.0203125 0.021875
2 0.41640625 0.0375 0.015625 0.021875
2 0.33359375 0.03828125 0.0203125 0.021875
2 0.28828125 0.034375 0.0171875 0.0203125
2 0.2484375 0.0390625 0.0203125 0.025
2 0.203125 0.03984375 0.021875 0.01875
2 0.11953125 0.03515625 0.0140625 0.028125
2 0.0828125 0.03125 0.0125 0.021875
0 0.967406803125 0.9614412140624999 0.9655734359375 0.30025284375 0.9623141171875 0.0891276859375 0.9614992875 0.07932996249999999 0.958443675 0.068268015625 0.954369525 0.06036662499999999 0.947647178125 0.0546776234375 0.9372580968750001 0.048672565625000004 0.8871460578124999 0.041403287500000004 0.747199021875 0.0316055625 0.0625381953125 0.023388115625 0.0501120390625 0.026864728124999997 0.03727846875 0.033501896875 0.0228152375 0.0512010109375 0.019759625 0.0644753484375 0.016092890625 0.16340075781250002 0 0.916245259375 0.0319820734375 0.9677623265624999 0.03727846875 0.97471555 0.10613159531250001 1 0.77469953125 0.9993678890625001 0.9498879609375 0.988621996875 0.9559991859375 0.982932996875 0.9612955796874999 0.97503160625 0.9655734359375 0.9674462703125 0.967406803125 0.9614412140624999
