0 0.484375 0.51015625 0.95 0.965625
2 0.08046875 0.07734375 0.0125 0.021875
2 0.31484375 0.065625 0.015625 0.0203125
2 0.9453125 0.090625 0.015625 0.021875
2 0.94453125 0.540625 0.015625 0.025
2 0.93984375 0.60859375 0.015625 0.0234375
2 0.94765625 0.759375 0.0125 0.025
2 0.95 0.828125 0.0109375 0.0203125
2 0.92578125 0.953125 0.0125 0.01875
2 0.89765625 0.95390625 0.015625 0.01875
2 0.84609375 0.965625 0.0125 0.0203125
2 0.71953125 0.9734375 0.0140625 0.0171875
2 0.634375 0.9703125 0.015625 0.0140625
2 0.57890625 0.97265625 0.0140625 0.015625
2 0.55703125 0.9734375 0.0125 0.01875
2 0.475 0.975 0.01875 0.0203125
2 0.44609375 0.975 0.015625 0.021875
2 0.41953125 0.9765625 0.015625 0.021875
2 0.39609375 0.975 0.0140625 0.0203125
2 0.36328125 0.9796875 0.0125 0.01875
2 0.31484375 0.97890625 0.0125 0.0171875
2 0.26015625 0.9796875 0.015625 0.01875
2 0.23046875 0.9796875 0.01875 0.01875
2 0.14765625 0.98359375 0.0125 0.01875
