2 0.10390625 0.034375 0.01796875 0.0265625
2 0.1390625 0.03203125 0.01484375 0.0203125
2 0.1890625 0.0328125 0.01796875 0.0234375
2 0.38671875 0.04296875 0.03515625 0.015625
2 0.43203125 0.03671875 0.03671875 0.0140625
2 0.49453125 0.0359375 0.0125 0.02109375
2 0.5421875 0.03984375 0.01640625 0.015625
2 0.58671875 0.03828125 0.01328125 0.015625
2 0.66875 0.04140625 0.01328125 0.0171875
2 0.71484375 0.04140625 0.01640625 0.015625
2 0.753125 0.0453125 0.01328125 0.01484375
2 0.8 0.04453125 0.01171875 0.0140625
2 0.8828125 0.0453125 0.0125 0.01875
2 0.92421875 0.040625 0.015625 0.0140625
2 0.96015625 0.903125 0.01015625 0.0234375
2 0.9546875 0.83046875 0.00859375 0.0203125
2 0.9625 0.709375 0.009375 0.0203125
2 0.66875 0.9625 0.01171875 0.0140625
2 0.615625 0.96171875 0.0140625 0.01796875
2 0.58515625 0.9578125 0.0109375 0.0140625
2 0.534375 0.95625 0.01328125 0.015625
2 0.2171875 0.9390625 0.01796875 0.01484375
2 0.2578125 0.95078125 0.01328125 0.02421875
2 0.059375 0.9421875 0.0109375 0.0125
2 0.0421875 0.903125 0.01328125 0.0171875
2 0.0375 0.84140625 0.01015625 0.01875
2 0.0390625 0.7828125 0.0125 0.02109375
2 0.0390625 0.7140625 0.0109375 0.021875
2 0.04375 0.6625 0.01484375 0.025
2 0.0421875 0.58046875 0.01796875 0.01875
2 0.04375 0.5265625 0.0140625 0.01796875
2 0.04140625 0.4609375 0.01328125 0.0265625
2 0.0390625 0.40625 0.009375 0.021875
2 0.04296875 0.35234375 0.01171875 0.0265625
2 0.04296875 0.2953125 0.01328125 0.021875
2 0.04765625 0.22734375 0.01328125 0.02734375
2 0.04609375 0.16875 0.01328125 0.0203125
0 0.9306640625 0.960607246875 0.9326171875 0.957576940625 0.9462890625 0.957576940625 0.9482421875 0.9545466328125001 0.9521484375 0.9545466328125001 0.9560546875 0.9484860203125001 0.9580078125 0.9484860203125001 0.958984375 0.9469708656250001 0.958984375 0.9439405593749999 0.9609375 0.940910253125 0.9609375 0.92575871875 0.958984375 0.9227284125 0.958984375 0.9196981046875001 0.95703125 0.9166677984374999 0.95703125 0.907576878125 0.955078125 0.904546571875 0.95703125 0.9015162640625001 0.95703125 0.8893950374999999 0.958984375 0.8863647312499999 0.958984375 0.8651525828125 0.95703125 0.8621222765625 0.95703125 0.85303135625 0.955078125 0.85000105 0.955078125 0.8469707421875 0.953125 0.8439404359375 0.953125 0.8409101296875001 0.951171875 0.8378798218749999 0.951171875 0.8287889015625 0.953125 0.8257585953125 0.953125 0.8227282890625001 0.955078125 0.81969798125 0.955078125 0.8075767546874999 0.95703125 0.8045464484375 0.95703125 0.7924252203125 0.958984375 0.7893949140625 0.958984375 0.7833343 0.9609375 0.78030399375 0.9609375 0.7712130734375 0.962890625 0.7681827671875 0.962890625 0.74697061875 0.96484375 0.7439403125 0.962890625 0.74091000625 0.962890625 0.7196978578125 0.9609375 0.7166675515625001 0.9609375 0.7015160171875 0.962890625 0.6984857109375 0.962890625 0.6803038703125 0.96484375 0.6772735640625 0.96484375 0.6712129499999999 0.966796875 0.66818264375 0.966796875 0.656061415625 0.96484375 0.653031109375 0.966796875 0.650000803125 0.966796875 0.637879575 0.96875 0.63484926875 0.96875 0.59545528125 0.966796875 0.5924249734375 0.966796875 0.5893946671875 0.96484375 0.5863643609375 0.96484375 0.5803037468750001 0.966796875 0.577273440625 0.966796875 0.5742431328125 0.970703125 0.5681825203125 0.970703125 0.5257582249999999 0.97265625 0.52272791875 0.97265625 0.504546078125 0.970703125 0.5015157703125 0.970703125 0.4863642375 0.97265625 0.4833339296875 0.97265625 0.4439399421875 0.970703125 0.4409096359375 0.970703125 0.38333380625 0.97265625 0.3803035 0.97265625 0.35000043281250004 0.974609375 0.346970125 0.974609375 0.3196973640625 0.9765625 0.31666705781250004 0.974609375 0.3136367515625 0.974609375 0.2742427625 0.97265625 0.27121245625 0.97265625 0.2621215359375 0.974609375 0.259091228125 0.974609375 0.253030615625 0.9765625 0.250000309375 0.9765625 0.24090938906249998 0.974609375 0.23787908125 0.974609375 0.22272754843749998 0.97265625 0.219697240625 0.97265625 0.20454570625000001 0.970703125 0.20151539999999998 0.970703125 0.1893941734375 0.97265625 0.186363865625 0.97265625 0.183333559375 0.974609375 0.180303253125 0.974609375 0.1166668109375 0.97265625 0.113636503125 0.97265625 0.09242435624999999 0.974609375 0.08939405 0.974609375 0.06818190156250001 0.97265625 0.0651515953125 0.97265625 0.059090981249999994 0.9658203125 0.0484849078125 0.9638671875 0.0484849078125 0.9599609375 0.0424242953125 0.9541015625 0.0424242953125 0.9521484375 0.0454546015625 0.9462890625 0.0454546015625 0.9443359375 0.0424242953125 0.9404296875 0.0424242953125 0.9384765625 0.0454546015625 0.9326171875 0.0454546015625 0.9306640625 0.0484849078125 0.9248046875 0.0484849078125 0.9228515625 0.0454546015625 0.9189453125 0.0454546015625 0.9169921875 0.0424242953125 0.9072265625 0.0424242953125 0.9052734375 0.0393939875 0.9033203125 0.0393939875 0.9013671875 0.0424242953125 0.8955078125 0.0424242953125 0.8935546875 0.0454546015625 0.8916015625 0.0454546015625 0.8876953125 0.051515215625 0.8798828125 0.051515215625 0.8759765625 0.0454546015625 0.8740234375 0.0454546015625 0.8720703125 0.0424242953125 0.8662109375 0.0424242953125 0.8642578125 0.0393939875 0.8623046875 0.0393939875 0.8603515625 0.0424242953125 0.8466796875 0.0424242953125 0.8447265625 0.0454546015625 0.8349609375 0.0454546015625 0.8310546875 0.0393939875 0.8212890625 0.0393939875 0.8193359375 0.0424242953125 0.8115234375 0.0424242953125 0.8095703125 0.0454546015625 0.8076171875 0.0454546015625 0.8037109375 0.051515215625 0.7978515625 0.051515215625 0.7919921875 0.0424242953125 0.7685546875 0.0424242953125 0.7666015625 0.0454546015625 0.7646484375 0.0454546015625 0.7607421875 0.051515215625 0.7587890625 0.051515215625 0.7568359375 0.054545521875 0.7509765625 0.054545521875 0.7490234375 0.051515215625 0.7470703125 0.051515215625 0.7451171875 0.0484849078125 0.7431640625 0.0484849078125 0.7412109375 0.0454546015625 0.7353515625 0.0454546015625 0.7333984375 0.0424242953125 0.7236328125 0.0424242953125 0.7216796875 0.0454546015625 0.7119140625 0.0454546015625 0.7099609375 0.0424242953125 0.7080078125 0.0424242953125 0.7060546875 0.0393939875 0.6806640625 0.0393939875 0.6767578125 0.0454546015625 0.6748046875 0.0454546015625 0.6728515625 0.0484849078125 0.6650390625 0.0484849078125 0.6640625 0.0469697546875 0.6640625 0.0439394484375 0.6611328125 0.0393939875 0.6591796875 0.0393939875 0.6572265625 0.03636368125 0.5966796875 0.03636368125 0.59375 0.040909140625 0.59375 0.0439394484375 0.5927734375 0.0454546015625 0.5810546875 0.0454546015625 0.5751953125 0.03636368125 0.5654296875 0.03636368125 0.5634765625 0.0393939875 0.5517578125 0.0393939875 0.5478515625 0.0454546015625 0.5361328125 0.0454546015625 0.5341796875 0.0424242953125 0.5244140625 0.0424242953125 0.5224609375 0.0393939875 0.5166015625 0.0393939875 0.5146484375 0.0424242953125 0.5009765625 0.0424242953125 0.4990234375 0.0454546015625 0.4892578125 0.0454546015625 0.4853515625 0.0393939875 0.4833984375 0.0393939875 0.4814453125 0.03636368125 0.4619140625 0.03636368125 0.4599609375 0.0393939875 0.4501953125 0.0393939875 0.4482421875 0.03636368125 0.4345703125 0.03636368125 0.4326171875 0.0393939875 0.4189453125 0.0393939875 0.4169921875 0.0424242953125 0.4150390625 0.0424242953125 0.4130859375 0.0454546015625 0.3935546875 0.0454546015625 0.3916015625 0.0424242953125 0.3759765625 0.0424242953125 0.3740234375 0.0454546015625 0.3603515625 0.0454546015625 0.3583984375 0.0424242953125 0.3388671875 0.0424242953125 0.3369140625 0.0393939875 0.3251953125 0.0393939875 0.3232421875 0.03636368125 0.3134765625 0.03636368125 0.3115234375 0.033333375 0.2900390625 0.033333375 0.2880859375 0.030303067187499998 0.2763671875 0.030303067187499998 0.2744140625 0.0272727609375 0.2685546875 0.0272727609375 0.2666015625 0.030303067187499998 0.1982421875 0.030303067187499998 0.1962890625 0.033333375 0.1943359375 0.033333375 0.1923828125 0.03636368125 0.1728515625 0.03636368125 0.1708984375 0.033333375 0.1630859375 0.033333375 0.1611328125 0.030303067187499998 0.1533203125 0.030303067187499998 0.1513671875 0.033333375 0.1455078125 0.033333375 0.1416015625 0.0393939875 0.1376953125 0.0393939875 0.1357421875 0.03636368125 0.1337890625 0.03636368125 0.1328125 0.034848528125 0.1328125 0.031818221875000004 0.1298828125 0.0272727609375 0.1240234375 0.0272727609375 0.1220703125 0.030303067187499998 0.1181640625 0.030303067187499998 0.1162109375 0.033333375 0.1123046875 0.033333375 0.1064453125 0.0424242953125 0.1005859375 0.0424242953125 0.0947265625 0.033333375 0.0810546875 0.033333375 0.0751953125 0.0424242953125 0.0732421875 0.0393939875 0.0712890625 0.0393939875 0.0693359375 0.0424242953125 0.0673828125 0.0424242953125 0.0654296875 0.0454546015625 0.0556640625 0.0454546015625 0.0517578125 0.051515215625 0.0498046875 0.051515215625 0.0478515625 0.054545521875 0.0458984375 0.054545521875 0.044921875 0.056060675000000004 0.044921875 0.059090981249999994 0.041015625 0.0651515953125 0.041015625 0.0833334359375 0.04296875 0.08636374375 0.04296875 0.08939405 0.044921875 0.09242435624999999 0.044921875 0.10757589062499999 0.041015625 0.11060619687499999 0.041015625 0.13181834375 0.04296875 0.1348486515625 0.04296875 0.1530304921875 0.046875 0.15909110625 0.046875 0.1621214125 0.05078125 0.1681820265625 0.05078125 0.177272946875 0.046875 0.183333559375 0.046875 0.20151539999999998 0.044921875 0.20454570625000001 0.046875 0.20757601406249998 0.046875 0.216666934375 0.05078125 0.22272754843749998 0.05078125 0.22878816093749998 0.044921875 0.23787908125 0.044921875 0.24090938906249998 0.04296875 0.2439396953125 0.04296875 0.2651518421875 0.041015625 0.2681821484375 0.04296875 0.27121245625 0.04296875 0.27727307031250004 0.044921875 0.2803033765625 0.044921875 0.28939429687499996 0.046875 0.292424603125 0.046875 0.2954549109375 0.044921875 0.2984852171875 0.044921875 0.3015155234375 0.041015625 0.3075761375 0.041015625 0.31666705781250004 0.0390625 0.3196973640625 0.0390625 0.3348488984375 0.041015625 0.3378792046875 0.041015625 0.3409095109375 0.046875 0.35000043281250004 0.046875 0.359091353125 0.0439453125 0.3636368125 0.0419921875 0.3636368125 0.0390625 0.3681822734375 0.0390625 0.3924247265625 0.041015625 0.39545503437499996 0.041015625 0.398485340625 0.04296875 0.40151564687499997 0.04296875 0.4136368734375 0.041015625 0.41666718124999996 0.041015625 0.4196974875 0.0390625 0.42272779531250004 0.0390625 0.43181871562499996 0.041015625 0.434849021875 0.041015625 0.44697024843750005 0.044921875 0.4530308625 0.044921875 0.45606116874999997 0.046875 0.45909147656249993 0.046875 0.4651520890625 0.044921875 0.46818239687499996 0.044921875 0.47121270312499997 0.041015625 0.477273315625 0.041015625 0.504546078125 0.04296875 0.507576384375 0.04296875 0.510606690625 0.044921875 0.5136369984375 0.044921875 0.5196976109375 0.046875 0.52272791875 0.046875 0.5318188390625 0.0419921875 0.5393946046875 0.0400390625 0.5393946046875 0.0390625 0.5409097593750001 0.0390625 0.546970371875 0.037109375 0.550000678125 0.0390625 0.5530309859375 0.0390625 0.5681825203125 0.0419921875 0.5727279796875 0.0458984375 0.5727279796875 0.048828125 0.577273440625 0.048828125 0.5893946671875 0.0458984375 0.5939401265625001 0.0380859375 0.5939401265625001 0.037109375 0.59545528125 0.037109375 0.6257583484375 0.0390625 0.6287886546875 0.0390625 0.6469704953125001 0.0439453125 0.6545462625 0.0458984375 0.6545462625 0.05078125 0.6621220296875 0.05078125 0.6651523359375 0.048828125 0.66818264375 0.048828125 0.6712129499999999 0.044921875 0.6772735640625 0.044921875 0.6803038703125 0.04296875 0.6833341765625 0.04296875 0.692425096875 0.041015625 0.6954554046875 0.041015625 0.70757663125 0.04296875 0.7106069374999999 0.04296875 0.722728165625 0.0390625 0.728788778125 0.0390625 0.7378796984375 0.037109375 0.74091000625 0.037109375 0.762122153125 0.03515625 0.765152459375 0.03515625 0.7681827671875 0.037109375 0.7712130734375 0.037109375 0.7742433796875 0.041015625 0.78030399375 0.041015625 0.7893949140625 0.0390625 0.7924252203125 0.0390625 0.8106070609374999 0.037109375 0.81363736875 0.037109375 0.81969798125 0.0390625 0.8227282890625001 0.0390625 0.831819209375 0.041015625 0.834849515625 0.041015625 0.8378798218749999 0.04296875 0.8409101296875001 0.04296875 0.8439404359375 0.041015625 0.8469707421875 0.041015625 0.85000105 0.037109375 0.8560616624999999 0.037109375 0.8772738109375 0.0390625 0.8803041171875 0.0390625 0.8893950374999999 0.041015625 0.89242534375 0.041015625 0.8954556515625001 0.044921875 0.9015162640625001 0.044921875 0.904546571875 0.0390625 0.9136374921874999 0.0390625 0.9318193328125 0.041015625 0.9348496390625 0.041015625 0.9439405593749999 0.0439453125 0.9484860203125001 0.0498046875 0.9484860203125001 0.0517578125 0.9454557124999999 0.0537109375 0.9454557124999999 0.0576171875 0.9393950999999999 0.0654296875 0.9393950999999999 0.0673828125 0.9424254062499999 0.0888671875 0.9424254062499999 0.0908203125 0.9393950999999999 0.0966796875 0.9393950999999999 0.0986328125 0.9424254062499999 0.1005859375 0.9424254062499999 0.1025390625 0.9393950999999999 0.1279296875 0.9393950999999999 0.1298828125 0.9424254062499999 0.1337890625 0.9424254062499999 0.1357421875 0.9454557124999999 0.1455078125 0.9454557124999999 0.1474609375 0.9484860203125001 0.1630859375 0.9484860203125001 0.1650390625 0.9454557124999999 0.1669921875 0.9454557124999999 0.1689453125 0.9424254062499999 0.1884765625 0.9424254062499999 0.1904296875 0.9393950999999999 0.2080078125 0.9393950999999999 0.2099609375 0.9363647921875 0.2119140625 0.9363647921875 0.2138671875 0.9333344859375 0.2197265625 0.9333344859375 0.2236328125 0.9393950999999999 0.2333984375 0.9393950999999999 0.2353515625 0.9424254062499999 0.2431640625 0.9424254062499999 0.2451171875 0.9454557124999999 0.2626953125 0.9454557124999999 0.2685546875 0.9545466328125001 0.2822265625 0.9545466328125001 0.2841796875 0.9515163265625001 0.2919921875 0.9515163265625001 0.2939453125 0.9545466328125001 0.2958984375 0.9545466328125001 0.2998046875 0.960607246875 0.3037109375 0.960607246875 0.3056640625 0.963637553125 0.3232421875 0.963637553125 0.3251953125 0.960607246875 0.3271484375 0.960607246875 0.3291015625 0.957576940625 0.3330078125 0.957576940625 0.3349609375 0.960607246875 0.3369140625 0.960607246875 0.3388671875 0.963637553125 0.3505859375 0.963637553125 0.3525390625 0.960607246875 0.3623046875 0.960607246875 0.3642578125 0.957576940625 0.3701171875 0.957576940625 0.3740234375 0.9515163265625001 0.3798828125 0.9515163265625001 0.3818359375 0.9545466328125001 0.4072265625 0.9545466328125001 0.4091796875 0.9515163265625001 0.4111328125 0.9515163265625001 0.4130859375 0.9545466328125001 0.4150390625 0.9545466328125001 0.4169921875 0.957576940625 0.4580078125 0.957576940625 0.4599609375 0.9545466328125001 0.4912109375 0.9545466328125001 0.4931640625 0.957576940625 0.4970703125 0.957576940625 0.4990234375 0.960607246875 0.5107421875 0.960607246875 0.5126953125 0.957576940625 0.5263671875 0.957576940625 0.5283203125 0.9545466328125001 0.5302734375 0.9545466328125001 0.5322265625 0.9515163265625001 0.5361328125 0.9515163265625001 0.5380859375 0.9545466328125001 0.5400390625 0.9545466328125001 0.5419921875 0.957576940625 0.5439453125 0.957576940625 0.5458984375 0.960607246875 0.5576171875 0.960607246875 0.5595703125 0.957576940625 0.5791015625 0.957576940625 0.5810546875 0.9545466328125001 0.5888671875 0.9545466328125001 0.5947265625 0.963637553125 0.6044921875 0.963637553125 0.6064453125 0.960607246875 0.6083984375 0.960607246875 0.6123046875 0.9545466328125001 0.6201171875 0.9545466328125001 0.6220703125 0.960607246875 0.6259765625 0.960607246875 0.6279296875 0.963637553125 0.6591796875 0.963637553125 0.6611328125 0.960607246875 0.6650390625 0.960607246875 0.6669921875 0.957576940625 0.6689453125 0.957576940625 0.6708984375 0.960607246875 0.6728515625 0.960607246875 0.6767578125 0.966667859375 0.6904296875 0.966667859375 0.6923828125 0.963637553125 0.6962890625 0.963637553125 0.6982421875 0.960607246875 0.7041015625 0.960607246875 0.7060546875 0.963637553125 0.7353515625 0.963637553125 0.7373046875 0.966667859375 0.7392578125 0.966667859375 0.7412109375 0.963637553125 0.7431640625 0.963637553125 0.7451171875 0.960607246875 0.7470703125 0.960607246875 0.7490234375 0.957576940625 0.7568359375 0.957576940625 0.7587890625 0.960607246875 0.8037109375 0.960607246875 0.8056640625 0.963637553125 0.8076171875 0.963637553125 0.8095703125 0.966667859375 0.8251953125 0.966667859375 0.8271484375 0.963637553125 0.8349609375 0.963637553125 0.8369140625 0.966667859375 0.8623046875 0.966667859375 0.8642578125 0.963637553125 0.8720703125 0.963637553125 0.8740234375 0.960607246875 0.8837890625 0.960607246875 0.8857421875 0.963637553125 0.8896484375 0.963637553125 0.8916015625 0.966667859375 0.8935546875 0.966667859375 0.8955078125 0.963637553125 0.8974609375 0.963637553125 0.8994140625 0.966667859375 0.9091796875 0.966667859375 0.91015625 0.9651527062499999 0.9111328125 0.963637553125 0.9228515625 0.963637553125 0.9248046875 0.960607246875 0.9306640625 0.960607246875
