2 0.04453125 0.1078125 0.0140625 0.02421875
2 0.04453125 0.1921875 0.01328125 0.02421875
2 0.04765625 0.2546875 0.01328125 0.02578125
2 0.05234375 0.33046875 0.0140625 0.02421875
2 0.046875 0.40625 0.0171875 0.02578125
2 0.05390625 0.6203125 0.01015625 0.02578125
2 0.05 0.771875 0.0125 0.02265625
2 0.15703125 0.0421875 0.01328125 0.0234375
2 0.2 0.0421875 0.015625 0.02578125
2 0.2796875 0.0421875 0.01328125 0.015625
2 0.3265625 0.0359375 0.015625 0.02109375
2 0.37109375 0.03828125 0.015625 0.02109375
2 0.4078125 0.04296875 0.01796875 0.02265625
2 0.62734375 0.04296875 0.015625 0.02265625
2 0.79375 0.05703125 0.01796875 0.0203125
2 0.8203125 0.04921875 0.01484375 0.01796875
2 0.8703125 0.05234375 0.015625 0.0296875
2 0.9484375 0.05546875 0.01484375 0.0171875
2 0.9796875 0.3046875 0.01171875 0.03203125
2 0.97734375 0.353125 0.015625 0.0296875
2 0.9734375 0.42578125 0.015625 0.02890625
2 0.97421875 0.709375 0.0125 0.0265625
2 0.07578125 0.97578125 0.0125 0.01875
2 0.203125 0.98203125 0.015625 0.01796875
2 0.36875 0.98671875 0.015625 0.0265625
2 0.396875 0.9875 0.01796875 0.0171875
2 0.421875 0.98203125 0.0140625 0.02265625
2 0.49921875 0.98359375 0.015625 0.01796875
2 0.5265625 0.98203125 0.01484375 0.01796875
2 0.5546875 0.984375 0.01328125 0.0265625
2 0.6375 0.9828125 0.0140625 0.0171875
2 0.6625 0.98671875 0.01328125 0.01796875
2 0.6890625 0.98515625 0.015625 0.01875
2 0.71796875 0.98359375 0.015625 0.02109375
2 0.74296875 0.98046875 0.01484375 0.0203125
2 0.76953125 0.97890625 0.01484375 0.0265625
2 0.80078125 0.98515625 0.01328125 0.02109375
2 0.82578125 0.98125 0.015625 0.02265625
2 0.85234375 0.97890625 0.01328125 0.0265625
2 0.88046875 0.98359375 0.01953125 0.0203125
2 0.903125 0.98515625 0.01796875 0.01875
2 0.93125 0.984375 0.01328125 0.015625
2 0.45 0.04296875 0.015625 0.015625
2 0.49296875 0.04765625 0.015625 0.02734375
2 0.071875 0.0484375 0.0171875 0.0203125
2 0.115625 0.04375 0.01640625 0.02578125
0 0.048828125 0.969414946875 0.0576171875 0.9831546859375001 0.1865234375 0.9892612375000001 0.3876953125 0.9892612375000001 0.9443359375 0.9831546859375001 0.9541015625 0.9801014109375 0.9599609375 0.9770481359375 0.96484375 0.972468221875 0.966796875 0.9663616703125 0.96875 0.9510952937500001 0.9765625 0.7343127390624999 0.978515625 0.34044020937499997 0.978515625 0.154190409375 0.97265625 0.0534323203125 0.9697265625 0.04885240625 0.8623046875 0.0366393046875 0.3095703125 0.033586029687500005 0.1259765625 0.0366393046875 0.0537109375 0.04885240625 0.0439453125 0.0549589578125 0.041015625 0.059538870312500006 0.0390625 0.154190409375 0.0390625 0.2305222953125 0.046875 0.9602551203124999 0.048828125 0.969414946875
