0 0.9564066 0.028445006249999998 0.18842941562499999 0.036346396875 0.0682420046875 0.0442477875 0.0458341828125 0.06005056875 0.0346302703125 0.07901390625 0.0366673453125 0.109039190625 0.0417600328125 0.9734513281250001 0.9625178249999999 0.95606826875 0.9706661234375 0.042667509375 0.9564066 0.028445006249999998
2 0.04140625 0.1890625 0.0171875 0.0234375
2 0.040625 0.24453125 0.01796875 0.0296875
2 0.0375 0.30859375 0.01640625 0.0296875
2 0.03984375 0.37109375 0.01796875 0.03125
2 0.03671875 0.42421875 0.01640625 0.0296875
2 0.0390625 0.47734375 0.015625 0.03125
2 0.03984375 0.54375 0.015625 0.028125
2 0.04296875 0.5984375 0.02109375 0.0328125
2 0.04453125 0.68046875 0.02109375 0.0265625
2 0.04296875 0.8 0.0140625 0.04140625
2 0.04609375 0.91796875 0.0140625 0.028125
2 0.09609375 0.05 0.0203125 0.0234375
2 0.1828125 0.04375 0.02109375 0.0234375
2 0.3640625 0.04140625 0.02109375 0.021875
2 0.40234375 0.04296875 0.02265625 0.028125
2 0.66328125 0.0390625 0.0171875 0.0265625
2 0.70625 0.03671875 0.02578125 0.021875
2 0.7484375 0.04140625 0.01640625 0.03125
2 0.790625 0.0390625 0.015625 0.0265625
2 0.87734375 0.03203125 0.01796875 0.03671875
