2 0.03984375 0.11484375 0.01015625 0.02109375
2 0.04296875 0.184375 0.0078125 0.028125
2 0.04453125 0.2359375 0.009375 0.0328125
2 0.03984375 0.30703125 0.0140625 0.03203125
2 0.04140625 0.36953125 0.0140625 0.02421875
2 0.0390625 0.42109375 0.0109375 0.0265625
2 0.04140625 0.475 0.01875 0.02734375
2 0.04296875 0.54140625 0.0171875 0.02734375
2 0.046875 0.603125 0.02578125 0.034375
2 0.04609375 0.67578125 0.0171875 0.03359375
2 0.04140625 0.7296875 0.01953125 0.02734375
2 0.04375 0.7984375 0.0140625 0.03515625
2 0.03984375 0.8578125 0.01640625 0.02734375
2 0.0453125 0.91640625 0.01171875 0.02109375
2 0.0671875 0.96171875 0.01875 0.0203125
2 0.1015625 0.9625 0.01640625 0.025
2 0.1453125 0.9609375 0.01953125 0.021875
2 0.2640625 0.9640625 0.01953125 0.03125
2 0.296875 0.9625 0.01328125 0.02265625
2 0.3828125 0.96640625 0.01640625 0.0171875
2 0.54296875 0.959375 0.02109375 0.0234375
2 0.75859375 0.9609375 0.021875 0.02265625
2 0.96640625 0.70546875 0.015625 0.0296875
2 0.95859375 0.825 0.02265625 0.02890625
2 0.10234375 0.04609375 0.01796875 0.01875
2 0.134375 0.04375 0.02109375 0.025
2 0.184375 0.0375 0.01484375 0.03125
2 0.23984375 0.03671875 0.015625 0.01875
2 0.32421875 0.03671875 0.01875 0.02109375
2 0.3640625 0.040625 0.02109375 0.028125
2 0.4046875 0.03828125 0.01640625 0.01875
2 0.490625 0.0359375 0.01953125 0.0171875
2 0.53671875 0.0359375 0.0203125 0.02109375
2 0.58359375 0.0375 0.01640625 0.02265625
2 0.66640625 0.03828125 0.0203125 0.021875
2 0.71171875 0.034375 0.0171875 0.0203125
2 0.7515625 0.0390625 0.0203125 0.02421875
2 0.796875 0.03984375 0.02109375 0.01875
2 0.88046875 0.03515625 0.0140625 0.02890625
2 0.9171875 0.03125 0.01328125 0.02265625
0 0.0440008140625 0.982932996875 0.0501120390625 0.988621996875 0.22530046874999998 0.9993678890625001 0.8938684046875001 1 0.96272153125 0.97471555 0.9680179265625 0.9677623265624999 1 0.916245259375 0.983907109375 0.16340075781250002 0.9802403749999999 0.0644753484375 0.9771847625 0.0512010109375 0.96272153125 0.033501896875 0.9498879609375 0.026864728124999997 0.9374618046875 0.023388115625 0.252800978125 0.0316055625 0.1128539421875 0.041403287500000004 0.062741903125 0.048672565625000004 0.052352821875 0.0546776234375 0.045630475 0.06036662499999999 0.041556325 0.068268015625 0.0385007125 0.07932996249999999 0.0376858828125 0.0891276859375 0.0344265640625 0.30025284375 0.032593196875 0.9614412140624999 0.0344265640625 0.9674462703125 0.0387044203125 0.97503160625 0.0440008140625 0.982932996875
