0 0.5109375 0.50625 0.9453125 0.959375
2 0.05078125 0.08984375 0.0140625 0.02265625
2 0.06171875 0.31328125 0.01796875 0.02578125
2 0.0578125 0.60234375 0.01328125 0.02578125
2 0.05 0.68359375 0.01171875 0.02578125
2 0.046875 0.828125 0.0140625 0.03203125
2 0.075 0.946875 0.01484375 0.0234375
2 0.10234375 0.94453125 0.01640625 0.01875
2 0.2796875 0.9640625 0.0140625 0.02109375
2 0.365625 0.96484375 0.015625 0.0234375
2 0.4421875 0.9640625 0.0171875 0.01875
2 0.5546875 0.96171875 0.0140625 0.02109375
2 0.68515625 0.9671875 0.015625 0.0203125
2 0.7671875 0.96640625 0.01328125 0.02265625
2 0.8234375 0.97578125 0.01328125 0.02109375
2 0.85546875 0.9703125 0.01328125 0.01875
2 0.96796875 0.83984375 0.0109375 0.0265625
2 0.80546875 0.06875 0.01640625 0.0234375
