0 0.509375 0.4984375 0.94609375 0.9765625
2 0.04453125 0.08515625 0.015625 0.02578125
2 0.04296875 0.16953125 0.0140625 0.02265625
2 0.04921875 0.60234375 0.01640625 0.0265625
2 0.06875 0.95859375 0.01328125 0.01796875
2 0.278125 0.97109375 0.01796875 0.01875
2 0.49296875 0.97265625 0.01484375 0.0171875
2 0.54921875 0.97109375 0.0140625 0.02109375
2 0.8203125 0.978125 0.01796875 0.01796875
2 0.8453125 0.9734375 0.01328125 0.01875
2 0.89765625 0.9765625 0.01484375 0.02109375
2 0.9484375 0.0453125 0.01328125 0.02421875
2 0.86875 0.04140625 0.0171875 0.02578125
2 0.9046875 0.04609375 0.01640625 0.02265625
2 0.28046875 0.0234375 0.01796875 0.01875
2 0.4078125 0.025 0.01484375 0.02421875
2 0.5859375 0.03203125 0.015625 0.0234375
