1 0.05625 0.0625 0.05078125 0.05234375
2 0.03984375 0.12109375 0.01796875 0.0296875
2 0.04453125 0.1921875 0.02421875 0.0296875
2 0.0421875 0.24921875 0.015625 0.03671875
2 0.04140625 0.375 0.0140625 0.0296875
2 0.04296875 0.48359375 0.0203125 0.03515625
2 0.03984375 0.55078125 0.0234375 0.0296875
2 0.0421875 0.6109375 0.01953125 0.03671875
2 0.04453125 0.684375 0.02578125 0.028125
2 0.0421875 0.73671875 0.0171875 0.025
2 0.04140625 0.80390625 0.015625 0.0265625
2 0.04140625 0.85859375 0.015625 0.0234375
2 0.0453125 0.9234375 0.015625 0.0296875
2 0.2625 0.965625 0.015625 0.015625
2 0.103125 0.05078125 0.01796875 0.03125
2 0.13671875 0.0484375 0.0203125 0.0234375
2 0.18046875 0.04296875 0.01953125 0.03515625
2 0.32421875 0.0421875 0.0234375 0.0265625
2 0.36328125 0.0453125 0.01953125 0.0296875
2 0.4046875 0.04296875 0.02265625 0.021875
2 0.45078125 0.04296875 0.0234375 0.028125
2 0.6671875 0.04609375 0.01796875 0.03515625
2 0.8828125 0.04609375 0.02421875 0.03515625
2 0.91953125 0.04140625 0.02109375 0.025
0 0.7548828125 0.966667859375 0.7568359375 0.9696981671874999 0.7822265625 0.9696981671874999 0.7841796875 0.966667859375 0.7919921875 0.966667859375 0.7939453125 0.9696981671874999 0.8623046875 0.9696981671874999 0.8642578125 0.966667859375 0.8740234375 0.966667859375 0.8759765625 0.9696981671874999 0.8779296875 0.9696981671874999 0.8798828125 0.966667859375 0.8837890625 0.966667859375 0.8857421875 0.9696981671874999 0.9130859375 0.9696981671874999 0.9150390625 0.966667859375 0.9248046875 0.966667859375 0.9267578125 0.9696981671874999 0.9287109375 0.966667859375 0.9326171875 0.966667859375 0.9345703125 0.9696981671874999 0.9462890625 0.9696981671874999 0.9482421875 0.966667859375 0.9560546875 0.966667859375 0.9609375 0.95909209375 0.9609375 0.9196981046875001 0.958984375 0.9166677984374999 0.958984375 0.8651525828125 0.95703125 0.8621222765625 0.95703125 0.85000105 0.955078125 0.8469707421875 0.955078125 0.831819209375 0.958984375 0.8257585953125 0.958984375 0.8106070609374999 0.9609375 0.8075767546874999 0.9609375 0.7924252203125 0.962890625 0.7893949140625 0.962890625 0.7742433796875 0.96484375 0.7712130734375 0.96484375 0.7439403125 0.962890625 0.74091000625 0.962890625 0.722728165625 0.9609375 0.7196978578125 0.9609375 0.7106069374999999 0.962890625 0.70757663125 0.962890625 0.704546325 0.96484375 0.7015160171875 0.96484375 0.689394790625 0.966796875 0.6863644843750001 0.966796875 0.66818264375 0.96875 0.6651523359375 0.966796875 0.6621220296875 0.966796875 0.650000803125 0.96875 0.6469704953125001 0.96875 0.613637121875 0.966796875 0.6106068140625001 0.966796875 0.6045462015624999 0.96875 0.60151589375 0.96875 0.59545528125 0.966796875 0.5924249734375 0.966796875 0.56212190625 0.96875 0.5590916 0.96875 0.5409097593750001 0.970703125 0.5378794515624999 0.970703125 0.5136369984375 0.97265625 0.510606690625 0.97265625 0.474243009375 0.970703125 0.47121270312499997 0.970703125 0.4651520890625 0.97265625 0.46212178281250005 0.97265625 0.45606116874999997 0.974609375 0.4530308625 0.974609375 0.437879328125 0.97265625 0.434849021875 0.97265625 0.4287884078125 0.970703125 0.4257581015625 0.970703125 0.37727319375 0.97265625 0.3742428859375 0.97265625 0.3409095109375 0.974609375 0.3378792046875 0.974609375 0.2954549109375 0.97265625 0.292424603125 0.97265625 0.2803033765625 0.970703125 0.27727307031250004 0.970703125 0.2651518421875 0.97265625 0.2621215359375 0.97265625 0.259091228125 0.974609375 0.25606092187499996 0.974609375 0.23181846875 0.97265625 0.22878816093749998 0.97265625 0.213636628125 0.970703125 0.2106063203125 0.970703125 0.20454570625000001 0.96875 0.20151539999999998 0.96875 0.19545478593750001 0.970703125 0.1924244796875 0.970703125 0.1893941734375 0.97265625 0.186363865625 0.97265625 0.177272946875 0.974609375 0.17424263906249998 0.974609375 0.1621214125 0.97265625 0.15909110625 0.97265625 0.146969878125 0.970703125 0.143939571875 0.970703125 0.1348486515625 0.97265625 0.13181834375 0.97265625 0.11969711718750001 0.970703125 0.1166668109375 0.970703125 0.10454558437499999 0.97265625 0.10151527656249999 0.97265625 0.0954546640625 0.970703125 0.09242435624999999 0.970703125 0.06818190156250001 0.96875 0.0651515953125 0.96875 0.059090981249999994 0.9658203125 0.054545521875 0.9638671875 0.054545521875 0.9609375 0.0500000609375 0.9609375 0.0439394484375 0.9560546875 0.03636368125 0.9365234375 0.03636368125 0.9345703125 0.0393939875 0.9306640625 0.0393939875 0.9296875 0.040909140625 0.9296875 0.0439394484375 0.9287109375 0.0454546015625 0.9267578125 0.0454546015625 0.9248046875 0.0484849078125 0.9150390625 0.0484849078125 0.9091796875 0.0393939875 0.9013671875 0.0393939875 0.8994140625 0.0424242953125 0.8916015625 0.0424242953125 0.8896484375 0.0454546015625 0.8876953125 0.0454546015625 0.8818359375 0.054545521875 0.8798828125 0.054545521875 0.875 0.0469697546875 0.875 0.0439394484375 0.8740234375 0.0424242953125 0.8701171875 0.0424242953125 0.8681640625 0.0393939875 0.8466796875 0.0393939875 0.8447265625 0.0424242953125 0.8427734375 0.0424242953125 0.8408203125 0.0454546015625 0.8388671875 0.0454546015625 0.8369140625 0.0484849078125 0.8310546875 0.0484849078125 0.8291015625 0.0454546015625 0.8056640625 0.0454546015625 0.8017578125 0.051515215625 0.7978515625 0.051515215625 0.7958984375 0.054545521875 0.7939453125 0.054545521875 0.7919921875 0.051515215625 0.7822265625 0.051515215625 0.7802734375 0.0484849078125 0.7705078125 0.0484849078125 0.7685546875 0.0454546015625 0.7666015625 0.0484849078125 0.7587890625 0.0484849078125 0.7548828125 0.054545521875 0.7470703125 0.054545521875 0.7451171875 0.051515215625 0.7431640625 0.051515215625 0.7412109375 0.0484849078125 0.7353515625 0.0484849078125 0.7333984375 0.0454546015625 0.7314453125 0.0454546015625 0.7294921875 0.0484849078125 0.7177734375 0.0484849078125 0.7158203125 0.051515215625 0.7119140625 0.051515215625 0.7099609375 0.0484849078125 0.7080078125 0.0484849078125 0.7021484375 0.0393939875 0.6787109375 0.0393939875 0.6767578125 0.0424242953125 0.6748046875 0.0424242953125 0.6689453125 0.051515215625 0.6630859375 0.051515215625 0.6611328125 0.0484849078125 0.6591796875 0.0484849078125 0.6572265625 0.0454546015625 0.6552734375 0.0484849078125 0.6494140625 0.0484849078125 0.6474609375 0.0454546015625 0.6455078125 0.0454546015625 0.6435546875 0.0484849078125 0.6416015625 0.0454546015625 0.6376953125 0.0454546015625 0.6357421875 0.0424242953125 0.6337890625 0.0424242953125 0.6318359375 0.0393939875 0.6103515625 0.0393939875 0.6083984375 0.0424242953125 0.6025390625 0.0424242953125 0.6005859375 0.0454546015625 0.5947265625 0.0454546015625 0.5927734375 0.0484849078125 0.5908203125 0.0484849078125 0.5888671875 0.051515215625 0.5869140625 0.051515215625 0.5849609375 0.054545521875 0.5830078125 0.054545521875 0.5810546875 0.051515215625 0.5791015625 0.051515215625 0.5751953125 0.0454546015625 0.5693359375 0.0454546015625 0.5673828125 0.0424242953125 0.5576171875 0.0424242953125 0.5556640625 0.0454546015625 0.5478515625 0.0454546015625 0.5458984375 0.0484849078125 0.5439453125 0.0484849078125 0.5419921875 0.051515215625 0.5341796875 0.051515215625 0.5322265625 0.0484849078125 0.5263671875 0.0484849078125 0.5244140625 0.0454546015625 0.5009765625 0.0454546015625 0.4990234375 0.0484849078125 0.4970703125 0.0484849078125 0.4951171875 0.051515215625 0.4873046875 0.051515215625 0.484375 0.0469697546875 0.484375 0.0439394484375 0.4833984375 0.0424242953125 0.4697265625 0.0424242953125 0.4677734375 0.0454546015625 0.4580078125 0.0454546015625 0.4560546875 0.0484849078125 0.4482421875 0.0484849078125 0.4443359375 0.0424242953125 0.4228515625 0.0424242953125 0.4208984375 0.0454546015625 0.4169921875 0.0454546015625 0.4150390625 0.0484849078125 0.4130859375 0.0484849078125 0.4111328125 0.051515215625 0.4013671875 0.051515215625 0.3994140625 0.0484849078125 0.3974609375 0.0484849078125 0.3955078125 0.0454546015625 0.3759765625 0.0454546015625 0.3740234375 0.0484849078125 0.3701171875 0.0484849078125 0.3662109375 0.054545521875 0.3623046875 0.054545521875 0.359375 0.0500000609375 0.359375 0.0469697546875 0.3583984375 0.0454546015625 0.3564453125 0.0454546015625 0.3544921875 0.0424242953125 0.3525390625 0.0424242953125 0.3505859375 0.0454546015625 0.3349609375 0.0454546015625 0.3330078125 0.0484849078125 0.3310546875 0.0484849078125 0.3291015625 0.051515215625 0.3251953125 0.051515215625 0.3232421875 0.0484849078125 0.3212890625 0.0484849078125 0.3203125 0.0469697546875 0.3203125 0.0439394484375 0.318359375 0.040909140625 0.318359375 0.037878834374999996 0.3173828125 0.03636368125 0.2900390625 0.03636368125 0.2880859375 0.0393939875 0.2861328125 0.0393939875 0.2841796875 0.0424242953125 0.2783203125 0.0424242953125 0.2744140625 0.03636368125 0.2724609375 0.03636368125 0.2705078125 0.033333375 0.2685546875 0.033333375 0.2666015625 0.03636368125 0.2568359375 0.03636368125 0.2548828125 0.0393939875 0.2490234375 0.0393939875 0.2451171875 0.0454546015625 0.2392578125 0.0454546015625 0.2373046875 0.0424242953125 0.2353515625 0.0424242953125 0.2333984375 0.0393939875 0.2275390625 0.0393939875 0.2255859375 0.03636368125 0.2236328125 0.03636368125 0.2216796875 0.0393939875 0.2119140625 0.0393939875 0.2099609375 0.0424242953125 0.1962890625 0.0424242953125 0.1943359375 0.0454546015625 0.1923828125 0.0454546015625 0.1904296875 0.0484849078125 0.1884765625 0.0484849078125 0.1865234375 0.051515215625 0.1826171875 0.051515215625 0.1787109375 0.0454546015625 0.1494140625 0.0454546015625 0.1474609375 0.0484849078125 0.1435546875 0.0484849078125 0.1416015625 0.051515215625 0.1337890625 0.051515215625 0.1318359375 0.0484849078125 0.1083984375 0.0484849078125 0.1044921875 0.054545521875 0.0986328125 0.054545521875 0.0966796875 0.051515215625 0.0947265625 0.051515215625 0.0927734375 0.0484849078125 0.0849609375 0.0484849078125 0.0830078125 0.051515215625 0.0673828125 0.051515215625 0.0615234375 0.06060613593750001 0.0517578125 0.06060613593750001 0.048828125 0.0651515953125 0.048828125 0.06818190156250001 0.04296875 0.0772728234375 0.04296875 0.0803031296875 0.041015625 0.0833334359375 0.041015625 0.08939405 0.0390625 0.09242435624999999 0.0390625 0.11060619687499999 0.041015625 0.113636503125 0.041015625 0.1287880375 0.037109375 0.1348486515625 0.037109375 0.140909265625 0.0390625 0.143939571875 0.0390625 0.1560607984375 0.041015625 0.15909110625 0.041015625 0.177272946875 0.044921875 0.183333559375 0.044921875 0.186363865625 0.046875 0.1893941734375 0.046875 0.19848509375 0.044921875 0.20151539999999998 0.044921875 0.20454570625000001 0.04296875 0.20757601406249998 0.04296875 0.23181846875 0.044921875 0.23484877499999998 0.044921875 0.24090938906249998 0.046875 0.2439396953125 0.046875 0.253030615625 0.044921875 0.25606092187499996 0.044921875 0.259091228125 0.04296875 0.2621215359375 0.04296875 0.2651518421875 0.041015625 0.2681821484375 0.041015625 0.3075761375 0.04296875 0.31060644375 0.04296875 0.3196973640625 0.041015625 0.322727671875 0.041015625 0.325757978125 0.037109375 0.331818590625 0.037109375 0.3409095109375 0.0390625 0.34393981875 0.0390625 0.359091353125 0.041015625 0.36212165937499996 0.041015625 0.365151965625 0.04296875 0.3681822734375 0.04296875 0.3712125796875 0.044921875 0.3742428859375 0.044921875 0.37727319375 0.04296875 0.3803035 0.04296875 0.38333380625 0.0390625 0.3893944203125 0.0390625 0.4196974875 0.041015625 0.42272779531250004 0.041015625 0.437879328125 0.0390625 0.4409096359375 0.0390625 0.46818239687499996 0.044921875 0.477273315625 0.044921875 0.4863642375 0.037109375 0.49848546406249994 0.037109375 0.507576384375 0.03515625 0.510606690625 0.037109375 0.5136369984375 0.037109375 0.5378794515624999 0.0419921875 0.54545521875 0.0439453125 0.54545521875 0.044921875 0.546970371875 0.044921875 0.5590916 0.037109375 0.5712128265625 0.037109375 0.5742431328125 0.0390625 0.577273440625 0.0390625 0.5803037468750001 0.041015625 0.583334053125 0.041015625 0.5893946671875 0.04296875 0.5924249734375 0.04296875 0.59545528125 0.046875 0.60151589375 0.046875 0.613637121875 0.0439453125 0.6181825812499999 0.0419921875 0.6181825812499999 0.041015625 0.6196977343750001 0.041015625 0.6287886546875 0.0390625 0.6318189624999999 0.0390625 0.6409098828124999 0.037109375 0.6439401890625 0.037109375 0.6651523359375 0.0390625 0.66818264375 0.0390625 0.6712129499999999 0.0419921875 0.675758409375 0.0439453125 0.675758409375 0.044921875 0.6772735640625 0.044921875 0.6803038703125 0.046875 0.6833341765625 0.046875 0.689394790625 0.044921875 0.692425096875 0.044921875 0.6954554046875 0.04296875 0.6984857109375 0.04296875 0.7015160171875 0.041015625 0.704546325 0.041015625 0.70757663125 0.0390625 0.7106069374999999 0.0390625 0.7196978578125 0.041015625 0.722728165625 0.041015625 0.7257584718750001 0.04296875 0.728788778125 0.04296875 0.74091000625 0.0390625 0.74697061875 0.0390625 0.7500009265625 0.037109375 0.7530312328125001 0.037109375 0.7924252203125 0.0390625 0.795455528125 0.0390625 0.8106070609374999 0.03515625 0.816667675 0.03515625 0.8227282890625001 0.037109375 0.8257585953125 0.037109375 0.85303135625 0.041015625 0.8590919703125 0.041015625 0.8651525828125 0.04296875 0.8681828906250001 0.04296875 0.8712131968750001 0.041015625 0.874243503125 0.041015625 0.907576878125 0.044921875 0.9136374921874999 0.044921875 0.9166677984374999 0.048828125 0.9227284125 0.048828125 0.928789025 0.046875 0.9318193328125 0.046875 0.9530314796875 0.0517578125 0.960607246875 0.0595703125 0.960607246875 0.0615234375 0.957576940625 0.0634765625 0.957576940625 0.0654296875 0.960607246875 0.0693359375 0.960607246875 0.0712890625 0.963637553125 0.0927734375 0.963637553125 0.0947265625 0.960607246875 0.1025390625 0.960607246875 0.1044921875 0.963637553125 0.1259765625 0.963637553125 0.1279296875 0.966667859375 0.1318359375 0.966667859375 0.1337890625 0.963637553125 0.1357421875 0.963637553125 0.1376953125 0.966667859375 0.1396484375 0.966667859375 0.1416015625 0.963637553125 0.1455078125 0.963637553125 0.1474609375 0.966667859375 0.1494140625 0.966667859375 0.1513671875 0.9696981671874999 0.1669921875 0.9696981671874999 0.1689453125 0.966667859375 0.1708984375 0.966667859375 0.1748046875 0.960607246875 0.1826171875 0.960607246875 0.1845703125 0.957576940625 0.2138671875 0.957576940625 0.2158203125 0.9545466328125001 0.2236328125 0.9545466328125001 0.2255859375 0.957576940625 0.2275390625 0.957576940625 0.2294921875 0.960607246875 0.2392578125 0.960607246875 0.2412109375 0.963637553125 0.2431640625 0.963637553125 0.2451171875 0.966667859375 0.2587890625 0.966667859375 0.2607421875 0.963637553125 0.2626953125 0.963637553125 0.2646484375 0.966667859375 0.2666015625 0.966667859375 0.2685546875 0.9696981671874999 0.2802734375 0.9696981671874999 0.2822265625 0.9727284734375001 0.2880859375 0.9727284734375001 0.2900390625 0.9696981671874999 0.2998046875 0.9696981671874999 0.3017578125 0.9727284734375001 0.3720703125 0.9727284734375001 0.3740234375 0.9696981671874999 0.3837890625 0.9696981671874999 0.3857421875 0.9727284734375001 0.4052734375 0.9727284734375001 0.4072265625 0.9696981671874999 0.4208984375 0.9696981671874999 0.4228515625 0.9727284734375001 0.4423828125 0.9727284734375001 0.4443359375 0.9696981671874999 0.4677734375 0.9696981671874999 0.4697265625 0.9727284734375001 0.4853515625 0.9727284734375001 0.4873046875 0.9696981671874999 0.4931640625 0.9696981671874999 0.4951171875 0.966667859375 0.4970703125 0.966667859375 0.4990234375 0.9696981671874999 0.5322265625 0.9696981671874999 0.5341796875 0.966667859375 0.5419921875 0.966667859375 0.5439453125 0.9696981671874999 0.5458984375 0.9696981671874999 0.5478515625 0.9727284734375001 0.5810546875 0.9727284734375001 0.5830078125 0.9696981671874999 0.5869140625 0.9696981671874999 0.5888671875 0.966667859375 0.5908203125 0.966667859375 0.5947265625 0.9727284734375001 0.6103515625 0.9727284734375001 0.6123046875 0.9696981671874999 0.6162109375 0.9696981671874999 0.6181640625 0.966667859375 0.6220703125 0.966667859375 0.6240234375 0.9696981671874999 0.6279296875 0.9696981671874999 0.6298828125 0.9727284734375001 0.6591796875 0.9727284734375001 0.6611328125 0.9696981671874999 0.6748046875 0.9696981671874999 0.6767578125 0.9727284734375001 0.6962890625 0.9727284734375001 0.6982421875 0.9696981671874999 0.7099609375 0.9696981671874999 0.7119140625 0.9727284734375001 0.712890625 0.9712133203125 0.7138671875 0.9696981671874999 0.7509765625 0.9696981671874999 0.7529296875 0.966667859375 0.7548828125 0.966667859375
