2 0.03828125 0.8953125 0.01875 0.015625
2 0.03203125 0.85859375 0.0234375 0.015625
2 0.0328125 0.81328125 0.025 0.0125
2 0.025 0.7578125 0.025 0.0171875
2 0.02578125 0.7171875 0.0203125 0.0125
2 0.0265625 0.675 0.028125 0.021875
2 0.03046875 0.634375 0.0296875 0.015625
2 0.03125 0.59296875 0.021875 0.01875
2 0.028125 0.5453125 0.021875 0.0125
2 0.02734375 0.50625 0.0203125 0.015625
2 0.02890625 0.46171875 0.0171875 0.015625
2 0.02734375 0.33046875 0.021875 0.015625
2 0.028125 0.1171875 0.015625 0.009375
2 0.95546875 0.1109375 0.0203125 0.015625
2 0.9578125 0.1546875 0.0171875 0.015625
2 0.959375 0.190625 0.015625 0.0125
2 0.96328125 0.375 0.0140625 0.01875
2 0.96484375 0.40546875 0.01875 0.015625
2 0.96328125 0.4546875 0.0171875 0.0171875
2 0.96640625 0.4984375 0.015625 0.015625
2 0.9671875 0.61484375 0.015625 0.015625
2 0.9671875 0.69765625 0.0140625 0.0125
2 0.95859375 0.77265625 0.01875 0.015625
2 0.9625 0.815625 0.01875 0.0140625
2 0.9671875 0.85 0.021875 0.0171875
2 0.92109375 0.95078125 0.0234375 0.015625
2 0.8609375 0.95 0.025 0.015625
2 0.80234375 0.95390625 0.021875 0.0140625
2 0.73515625 0.9546875 0.028125 0.015625
2 0.68359375 0.953125 0.0265625 0.0171875
2 0.55 0.95703125 0.01875 0.0125
2 0.48203125 0.95625 0.0234375 0.015625
2 0.4265625 0.95859375 0.021875 0.015625
2 0.3734375 0.95703125 0.0265625 0.015625
2 0.31640625 0.9578125 0.0234375 0.01875
2 0.24453125 0.95859375 0.034375 0.01875
2 0.19296875 0.9578125 0.028125 0.0140625
2 0.1171875 0.96015625 0.03125 0.0109375
0 0.960607246875 0.3798828125 0.957576940625 0.3779296875 0.957576940625 0.3701171875 0.960607246875 0.3681640625 0.960607246875 0.3662109375 0.963637553125 0.3642578125 0.963637553125 0.3603515625 0.966667859375 0.3583984375 0.966667859375 0.3369140625 0.963637553125 0.3349609375 0.963637553125 0.3310546875 0.960607246875 0.3291015625 0.960607246875 0.3271484375 0.957576940625 0.3251953125 0.957576940625 0.3212890625 0.960607246875 0.3193359375 0.960607246875 0.3173828125 0.963637553125 0.3154296875 0.963637553125 0.2978515625 0.957576940625 0.2939453125 0.957576940625 0.2880859375 0.960607246875 0.2861328125 0.960607246875 0.2822265625 0.963637553125 0.2802734375 0.963637553125 0.2724609375 0.966667859375 0.2705078125 0.963637553125 0.2685546875 0.963637553125 0.2666015625 0.966667859375 0.2646484375 0.966667859375 0.2626953125 0.963637553125 0.2607421875 0.963637553125 0.2509765625 0.960607246875 0.2490234375 0.960607246875 0.2470703125 0.957576940625 0.2451171875 0.957576940625 0.2353515625 0.960607246875 0.2333984375 0.960607246875 0.2314453125 0.957576940625 0.2294921875 0.957576940625 0.2275390625 0.960607246875 0.2255859375 0.960607246875 0.1982421875 0.957576940625 0.1962890625 0.957576940625 0.1943359375 0.9545466328125001 0.1923828125 0.9545466328125001 0.1865234375 0.957576940625 0.1845703125 0.957576940625 0.1591796875 0.9545466328125001 0.1572265625 0.9545466328125001 0.1513671875 0.960607246875 0.1474609375 0.960607246875 0.1201171875 0.9515163265625001 0.1142578125 0.9515163265625001 0.1064453125 0.9545466328125001 0.1044921875 0.9545466328125001 0.1025390625 0.957576940625 0.1005859375 0.957576940625 0.0888671875 0.9545466328125001 0.0869140625 0.9545466328125001 0.0830078125 0.9515163265625001 0.0810546875 0.9515163265625001 0.0791015625 0.9484860203125001 0.0771484375 0.9484860203125001 0.0693359375 0.9515163265625001 0.0673828125 0.9515163265625001 0.0537109375 0.9545466328125001 0.0517578125 0.9545466328125001 0.0439453125 0.9515163265625001 0.0419921875 0.9515163265625001 0.0380859375 0.9439405593749999 0.033203125 0.904546571875 0.033203125 0.9015162640625001 0.03515625 0.8772738109375 0.03515625 0.8712131968750001 0.0390625 0.8287889015625 0.0390625 0.8257585953125 0.037109375 0.81969798125 0.037109375 0.816667675 0.03515625 0.81363736875 0.03515625 0.8106070609374999 0.033203125 0.765152459375 0.033203125 0.762122153125 0.03125 0.728788778125 0.03125 0.7257584718750001 0.033203125 0.7166675515625001 0.033203125 0.7136372453125001 0.03125 0.7106069374999999 0.03125 0.70757663125 0.033203125 0.6984857109375 0.033203125 0.6954554046875 0.03125 0.692425096875 0.03125 0.689394790625 0.029296875 0.59545528125 0.029296875 0.5924249734375 0.03125 0.583334053125 0.03125 0.5803037468750001 0.029296875 0.5378794515624999 0.029296875 0.5348491453124999 0.02734375 0.510606690625 0.02734375 0.507576384375 0.029296875 0.4651520890625 0.029296875 0.46212178281250005 0.02734375 0.4287884078125 0.02734375 0.4257581015625 0.029296875 0.398485340625 0.029296875 0.39545503437499996 0.02734375 0.3712125796875 0.02734375 0.3681822734375 0.029296875 0.3196973640625 0.029296875 0.31666705781250004 0.02734375 0.3136367515625 0.02734375 0.31060644375 0.025390625 0.27727307031250004 0.025390625 0.2742427625 0.02734375 0.23484877499999998 0.02734375 0.23181846875 0.029296875 0.1530304921875 0.029296875 0.1500001859375 0.02734375 0.11969711718750001 0.02734375 0.1166668109375 0.025390625 0.10454558437499999 0.025390625 0.10151527656249999 0.02734375 0.0954546640625 0.02734375 0.09242435624999999 0.029296875 0.0500000609375 0.029296875 0.0469697546875 0.02734375 0.040909140625 0.02734375 0.033333375 0.0322265625 0.033333375 0.0341796875 0.0242424546875 0.0400390625 0.0242424546875 0.0419921875 0.021212146874999997 0.0439453125 0.021212146874999997 0.0537109375 0.0242424546875 0.0556640625 0.0242424546875 0.0576171875 0.021212146874999997 0.0595703125 0.021212146874999997 0.0693359375 0.0242424546875 0.0712890625 0.0242424546875 0.0751953125 0.030303067187499998 0.0791015625 0.030303067187499998 0.0849609375 0.0242424546875 0.0888671875 0.0242424546875 0.0986328125 0.0272727609375 0.1005859375 0.0272727609375 0.1064453125 0.033333375 0.1103515625 0.033333375 0.1123046875 0.03636368125 0.1142578125 0.03636368125 0.1181640625 0.030303067187499998 0.1220703125 0.030303067187499998 0.1376953125 0.0272727609375 0.1396484375 0.0272727609375 0.1552734375 0.030303067187499998 0.1572265625 0.030303067187499998 0.1591796875 0.033333375 0.1611328125 0.033333375 0.1650390625 0.030303067187499998 0.1669921875 0.030303067187499998 0.1689453125 0.0272727609375 0.1708984375 0.0272727609375 0.1826171875 0.030303067187499998 0.1845703125 0.030303067187499998 0.1865234375 0.033333375 0.1884765625 0.033333375 0.1962890625 0.03636368125 0.1982421875 0.03636368125 0.2021484375 0.033333375 0.2041015625 0.033333375 0.2060546875 0.0242424546875 0.2119140625 0.0242424546875 0.2333984375 0.0272727609375 0.2353515625 0.0272727609375 0.2373046875 0.028787914062499996 0.23828125 0.031818221875000004 0.23828125 0.033333375 0.2392578125 0.033333375 0.2412109375 0.03636368125 0.2431640625 0.03636368125 0.2529296875 0.033333375 0.2548828125 0.033333375 0.2685546875 0.030303067187499998 0.2705078125 0.030303067187499998 0.2724609375 0.033333375 0.2744140625 0.033333375 0.2822265625 0.03636368125 0.2841796875 0.03636368125 0.2919921875 0.033333375 0.2939453125 0.033333375 0.3115234375 0.030303067187499998 0.3134765625 0.030303067187499998 0.3193359375 0.033333375 0.3212890625 0.033333375 0.3251953125 0.03636368125 0.3271484375 0.03636368125 0.3349609375 0.0272727609375 0.3408203125 0.0272727609375 0.3447265625 0.0242424546875 0.3466796875 0.0242424546875 0.3486328125 0.0272727609375 0.3505859375 0.0272727609375 0.3525390625 0.030303067187499998 0.3544921875 0.030303067187499998 0.3623046875 0.0272727609375 0.3642578125 0.0272727609375 0.3662109375 0.0242424546875 0.3681640625 0.0242424546875 0.3857421875 0.021212146874999997 0.3876953125 0.021212146874999997 0.3896484375 0.0242424546875 0.3916015625 0.0242424546875 0.3994140625 0.0272727609375 0.4013671875 0.0242424546875 0.4033203125 0.028787914062499996 0.40625 0.031818221875000004 0.40625 0.03636368125 0.4091796875 0.03636368125 0.4267578125 0.033333375 0.4287109375 0.033333375 0.4404296875 0.030303067187499998 0.4423828125 0.030303067187499998 0.4521484375 0.033333375 0.4541015625 0.033333375 0.4560546875 0.03636368125 0.4580078125 0.03636368125 0.4638671875 0.033333375 0.4658203125 0.033333375 0.4677734375 0.030303067187499998 0.4697265625 0.030303067187499998 0.4970703125 0.033333375 0.4990234375 0.033333375 0.5009765625 0.03636368125 0.5029296875 0.03636368125 0.5087890625 0.0272727609375 0.5146484375 0.030303067187499998 0.5166015625 0.030303067187499998 0.5302734375 0.033333375 0.5322265625 0.033333375 0.5419921875 0.03636368125 0.5439453125 0.03636368125 0.5478515625 0.033333375 0.5498046875 0.033333375 0.5517578125 0.0272727609375 0.5556640625 0.0272727609375 0.5791015625 0.030303067187499998 0.5810546875 0.030303067187499998 0.5830078125 0.03636368125 0.5869140625 0.03636368125 0.5888671875 0.0393939875 0.5908203125 0.03636368125 0.5927734375 0.03636368125 0.5966796875 0.030303067187499998 0.6005859375 0.030303067187499998 0.6220703125 0.033333375 0.6240234375 0.033333375 0.6259765625 0.03636368125 0.6279296875 0.03636368125 0.6298828125 0.0393939875 0.6318359375 0.0393939875 0.6357421875 0.031818221875000004 0.640625 0.0257576078125 0.640625 0.021212146874999997 0.6435546875 0.021212146874999997 0.6611328125 0.0242424546875 0.6630859375 0.0242424546875 0.6650390625 0.028787914062499996 0.66796875 0.031818221875000004 0.66796875 0.03636368125 0.6708984375 0.03636368125 0.6787109375 0.0272727609375 0.6845703125 0.0272727609375 0.7080078125 0.033333375 0.7119140625 0.033333375 0.7197265625 0.0242424546875 0.7255859375 0.0242424546875 0.7333984375 0.021212146874999997 0.7353515625 0.021212146874999997 0.7470703125 0.033333375 0.7548828125 0.033333375 0.7607421875 0.028787914062499996 0.763671875 0.0257576078125 0.763671875 0.018181840625 0.7685546875 0.018181840625 0.7998046875 0.021212146874999997 0.8017578125 0.021212146874999997 0.8037109375 0.0257576078125 0.806640625 0.034848528125 0.806640625 0.0393939875 0.8095703125 0.0393939875 0.8173828125 0.030303067187499998 0.8232421875 0.030303067187499998 0.8466796875 0.033333375 0.8486328125 0.033333375 0.8505859375 0.0424242953125 0.8564453125 0.0424242953125 0.8603515625 0.0393939875 0.8623046875 0.0393939875 0.8642578125 0.03636368125 0.8662109375 0.03636368125 0.8681640625 0.033333375 0.8701171875 0.033333375 0.8740234375 0.03636368125 0.8759765625 0.03636368125 0.8876953125 0.0454546015625 0.8935546875 0.0454546015625 0.9013671875 0.0424242953125 0.9033203125 0.0424242953125 0.9072265625 0.0454546015625 0.9091796875 0.0454546015625 0.9130859375 0.0424242953125 0.9150390625 0.0454546015625 0.9169921875 0.0454546015625 0.9365234375 0.0484849078125 0.9384765625 0.0484849078125 0.9423828125 0.051515215625 0.9443359375 0.051515215625 0.9462890625 0.059090981249999994 0.951171875 0.062121289062499994 0.951171875 0.0651515953125 0.953125 0.06818190156250001 0.953125 0.0772728234375 0.958984375 0.10757589062499999 0.958984375 0.11060619687499999 0.95703125 0.113636503125 0.95703125 0.1166668109375 0.955078125 0.11969711718750001 0.955078125 0.13181834375 0.962890625 0.15909110625 0.962890625 0.1621214125 0.9609375 0.17121233281249998 0.9609375 0.17424263906249998 0.958984375 0.177272946875 0.958984375 0.183333559375 0.955078125 0.186363865625 0.955078125 0.1893941734375 0.953125 0.19545478593750001 0.953125 0.19848509375 0.955078125 0.20151539999999998 0.955078125 0.20757601406249998 0.958984375 0.219697240625 0.958984375 0.22272754843749998 0.9609375 0.22878816093749998 0.9609375 0.24090938906249998 0.953125 0.250000309375 0.953125 0.25454576875 0.9560546875 0.25454576875 0.9619140625 0.259091228125 0.96484375 0.286363990625 0.96484375 0.28939429687499996 0.962890625 0.2984852171875 0.962890625 0.3015155234375 0.9609375 0.30454583125 0.9609375 0.30909129062499996 0.9580078125 0.30909129062499996 0.9560546875 0.31060644375 0.955078125 0.322727671875 0.955078125 0.331818590625 0.9609375 0.3348488984375 0.958984375 0.359091353125 0.958984375 0.36212165937499996 0.95703125 0.365151965625 0.95703125 0.3681822734375 0.955078125 0.3712125796875 0.955078125 0.3742428859375 0.953125 0.37727319375 0.955078125 0.38333380625 0.955078125 0.384848959375 0.9560546875 0.384848959375 0.9580078125 0.3893944203125 0.9609375 0.40757626093750005 0.9609375 0.4106065671875 0.958984375 0.4136368734375 0.958984375 0.4196974875 0.955078125 0.437879328125 0.955078125 0.4409096359375 0.95703125 0.4439399421875 0.95703125 0.44697024843750005 0.958984375 0.4530308625 0.958984375 0.45606116874999997 0.95703125 0.46212178281250005 0.95703125 0.4651520890625 0.955078125 0.47121270312499997 0.955078125 0.474243009375 0.953125 0.477273315625 0.953125 0.4803036234375 0.951171875 0.4863642375 0.951171875 0.49242485 0.955078125 0.4954551578125 0.955078125 0.49848546406249994 0.95703125 0.507576384375 0.95703125 0.510606690625 0.958984375 0.5348491453124999 0.958984375 0.543940065625 0.953125 0.546970371875 0.953125 0.550000678125 0.951171875 0.5590916 0.951171875 0.5681825203125 0.95703125 0.5742431328125 0.95703125 0.577273440625 0.955078125 0.5893946671875 0.955078125 0.5924249734375 0.953125 0.59545528125 0.953125 0.5984855875 0.951171875 0.60151589375 0.951171875 0.6045462015624999 0.94921875 0.6106068140625001 0.94921875 0.613637121875 0.951171875 0.616667428125 0.951171875 0.622728040625 0.955078125 0.637879575 0.955078125 0.6409098828124999 0.95703125 0.650000803125 0.95703125 0.653031109375 0.955078125 0.656061415625 0.95703125 0.6590917234375 0.955078125 0.66818264375 0.955078125 0.6772735640625 0.94921875 0.6863644843750001 0.94921875 0.6954554046875 0.955078125 0.704546325 0.955078125 0.70757663125 0.95703125 0.7196978578125 0.95703125 0.7257584718750001 0.953125 0.728788778125 0.953125 0.7318190859375 0.951171875 0.74091000625 0.951171875 0.7439403125 0.953125 0.74697061875 0.953125 0.7500009265625 0.955078125 0.7893949140625 0.955078125 0.795455528125 0.951171875 0.798485834375 0.951171875 0.801516140625 0.94921875 0.8075767546874999 0.94921875 0.81363736875 0.95703125 0.8409101296875001 0.95703125 0.8439404359375 0.955078125 0.85000105 0.955078125 0.8590919703125 0.94921875 0.8651525828125 0.94921875 0.8681828906250001 0.951171875 0.8712131968750001 0.951171875 0.874243503125 0.953125 0.910607184375 0.953125 0.9196981046875001 0.947265625 0.928789025 0.947265625 0.930304178125 0.9482421875 0.930304178125 0.9501953125 0.9348496390625 0.953125 0.9560617859375 0.953125 0.95909209375 0.951171875 0.9621223999999999 0.951171875 0.9651527062499999 0.94921875 0.9681830140625 0.94921875 0.9696981671874999 0.9482421875 0.9696981671874999 0.9384765625 0.957576940625 0.9306640625 0.957576940625 0.9033203125 0.960607246875 0.9013671875 0.960607246875 0.8994140625 0.957576940625 0.8974609375 0.957576940625 0.8935546875 0.960607246875 0.8916015625 0.960607246875 0.8896484375 0.963637553125 0.8876953125 0.963637553125 0.8818359375 0.966667859375 0.8798828125 0.966667859375 0.8662109375 0.9696981671874999 0.8642578125 0.9696981671874999 0.8564453125 0.960607246875 0.8505859375 0.960607246875 0.8466796875 0.966667859375 0.8427734375 0.966667859375 0.8232421875 0.960607246875 0.8193359375 0.960607246875 0.8115234375 0.966667859375 0.8076171875 0.966667859375 0.7998046875 0.963637553125 0.7978515625 0.963637553125 0.7841796875 0.960607246875 0.7822265625 0.960607246875 0.7802734375 0.957576940625 0.7783203125 0.957576940625 0.7763671875 0.9545466328125001 0.7744140625 0.9545466328125001 0.7685546875 0.95909209375 0.765625 0.9621223999999999 0.765625 0.963637553125 0.7646484375 0.963637553125 0.7626953125 0.966667859375 0.7607421875 0.966667859375 0.7451171875 0.963637553125 0.7431640625 0.963637553125 0.7412109375 0.960607246875 0.7392578125 0.960607246875 0.7373046875 0.957576940625 0.7353515625 0.957576940625 0.7314453125 0.966667859375 0.7255859375 0.966667859375 0.7236328125 0.9696981671874999 0.7216796875 0.9696981671874999 0.7080078125 0.966667859375 0.7060546875 0.966667859375 0.7001953125 0.963637553125 0.6982421875 0.963637553125 0.6962890625 0.966667859375 0.6943359375 0.966667859375 0.6923828125 0.9696981671874999 0.6904296875 0.9696981671874999 0.6630859375 0.966667859375 0.6611328125 0.966667859375 0.6552734375 0.9696981671874999 0.6533203125 0.9696981671874999 0.6220703125 0.966667859375 0.6201171875 0.966667859375 0.6181640625 0.963637553125 0.6162109375 0.963637553125 0.6142578125 0.960607246875 0.6123046875 0.966667859375 0.6083984375 0.966667859375 0.6064453125 0.9696981671874999 0.6044921875 0.9696981671874999 0.5908203125 0.966667859375 0.5888671875 0.966667859375 0.5849609375 0.960607246875 0.5810546875 0.960607246875 0.5595703125 0.963637553125 0.5576171875 0.963637553125 0.5556640625 0.966667859375 0.5537109375 0.966667859375 0.5400390625 0.963637553125 0.5380859375 0.963637553125 0.5341796875 0.960607246875 0.5322265625 0.960607246875 0.5302734375 0.966667859375 0.5263671875 0.966667859375 0.5048828125 0.960607246875 0.5009765625 0.960607246875 0.4951171875 0.966667859375 0.4912109375 0.966667859375 0.4892578125 0.9696981671874999 0.4873046875 0.9696981671874999 0.4853515625 0.966667859375 0.4833984375 0.966667859375 0.4638671875 0.960607246875 0.4599609375 0.960607246875 0.4580078125 0.957576940625 0.4560546875 0.957576940625 0.4521484375 0.966667859375 0.4462890625 0.966667859375 0.4443359375 0.9696981671874999 0.4423828125 0.9696981671874999 0.4130859375 0.9681830140625 0.412109375 0.960607246875 0.4072265625 0.960607246875 0.4013671875 0.966667859375 0.3974609375 0.966667859375 0.3876953125 0.963637553125 0.3857421875 0.963637553125 0.3837890625 0.960607246875 0.3818359375 0.960607246875 0.3798828125
