2 0.94765625 0.909375 0.021875 0.040625
2 0.94921875 0.82578125 0.021875 0.0328125
2 0.946875 0.76015625 0.0109375 0.034375
2 0.940625 0.69140625 0.0234375 0.03125
2 0.94296875 0.46015625 0.021875 0.0375
2 0.94140625 0.40078125 0.01875 0.0296875
2 0.946875 0.31875 0.0125 0.025
2 0.92578125 0.04765625 0.0125 0.021875
2 0.89609375 0.0484375 0.0171875 0.01875
2 0.84453125 0.03671875 0.015625 0.0296875
2 0.7421875 0.0296875 0.015625 0.021875
2 0.71640625 0.0328125 0.01875 0.028125
2 0.634375 0.0328125 0.021875 0.034375
2 0.57734375 0.0328125 0.015625 0.021875
2 0.55546875 0.028125 0.015625 0.028125
2 0.47578125 0.03515625 0.021875 0.025
2 0.44453125 0.03203125 0.015625 0.021875
2 0.41953125 0.0328125 0.0125 0.025
2 0.39609375 0.03203125 0.01875 0.025
2 0.36328125 0.028125 0.0171875 0.021875
2 0.08359375 0.9359375 0.01875 0.028125
0 0.0712890625 0.0198985890625 0.0478515625 0.026005140625 0.0439453125 0.029058415625 0.0390625 0.036691604687500004 0.033203125 0.055011256249999994 0.03125 0.0672243578125 0.0234375 0.32369949375 0.013671875 0.8916087218750001 0.015625 0.9068751 0.0263671875 0.9236681140625 0.0458984375 0.9419877671875 0.0517578125 0.9450410421875001 0.6318359375 0.9694672453125 0.8857421875 0.9694672453125 0.9345703125 0.9542008687499999 0.9404296875 0.95114759375 0.947265625 0.9404611296875001 0.953125 0.8916087218750001 0.955078125 0.8580226937500001 0.955078125 0.04890470625 0.953125 0.0427981546875 0.9462890625 0.0351649671875 0.7080078125 0.0229518640625 0.0712890625 0.0198985890625
