1 0.06796875 0.94921875 0.05625 0.04375
2 0.13125 0.96171875 0.028125 0.0171875
2 0.38671875 0.9609375 0.040625 0.015625
2 0.4390625 0.96484375 0.03125 0.015625
2 0.490625 0.9609375 0.0328125 0.0140625
2 0.6171875 0.95703125 0.0328125 0.015625
2 0.55703125 0.95859375 0.0234375 0.0125
2 0.690625 0.95859375 0.028125 0.0171875
2 0.74375 0.9609375 0.0265625 0.01875
2 0.8109375 0.959375 0.03125 0.01875
2 0.8703125 0.96015625 0.0375 0.0203125
2 0.9296875 0.95859375 0.040625 0.0234375
2 0.96953125 0.4609375 0.0203125 0.015625
2 0.05390625 0.81640625 0.03125 0.0265625
2 0.0375 0.76171875 0.0328125 0.021875
2 0.0375 0.72265625 0.0328125 0.01875
2 0.04453125 0.67734375 0.04375 0.01875
2 0.0484375 0.6390625 0.0234375 0.025
2 0.04375 0.5984375 0.0265625 0.0265625
2 0.04609375 0.5125 0.034375 0.025
2 0.04453125 0.46640625 0.034375 0.0203125
2 0.04296875 0.33671875 0.03125 0.025
2 0.04375 0.290625 0.0328125 0.0234375
2 0.0453125 0.25078125 0.0296875 0.021875
2 0.04609375 0.20625 0.025 0.021875
2 0.0453125 0.1265625 0.0265625 0.0296875
2 0.03984375 0.040625 0.034375 0.025
0 0.9727284734375001 0.5341796875 0.9757587796875 0.5322265625 0.9757587796875 0.5244140625 0.9727284734375001 0.5224609375 0.9727284734375001 0.5009765625 0.9757587796875 0.4990234375 0.9757587796875 0.4755859375 0.9727284734375001 0.4736328125 0.9727284734375001 0.4677734375 0.9696981671874999 0.4658203125 0.9696981671874999 0.4560546875 0.9727284734375001 0.4541015625 0.9727284734375001 0.4443359375 0.9696981671874999 0.4423828125 0.9696981671874999 0.4365234375 0.9727284734375001 0.4345703125 0.9727284734375001 0.4150390625 0.9696981671874999 0.4130859375 0.9696981671874999 0.4072265625 0.9727284734375001 0.4052734375 0.9727284734375001 0.4033203125 0.9757587796875 0.4013671875 0.9757587796875 0.3974609375 0.9727284734375001 0.3955078125 0.9727284734375001 0.3857421875 0.9696981671874999 0.3837890625 0.9696981671874999 0.3740234375 0.9727284734375001 0.3720703125 0.9727284734375001 0.3642578125 0.9696981671874999 0.3623046875 0.9696981671874999 0.3583984375 0.9727284734375001 0.3564453125 0.9727284734375001 0.3349609375 0.9696981671874999 0.3330078125 0.9696981671874999 0.3271484375 0.9727284734375001 0.3251953125 0.9727284734375001 0.2666015625 0.9696981671874999 0.2646484375 0.9696981671874999 0.2412109375 0.9727284734375001 0.2392578125 0.9727284734375001 0.2216796875 0.9696981671874999 0.2197265625 0.9696981671874999 0.1904296875 0.9727284734375001 0.1884765625 0.9727284734375001 0.1689453125 0.9696981671874999 0.1669921875 0.9696981671874999 0.1552734375 0.9727284734375001 0.1533203125 0.9727284734375001 0.1318359375 0.9696981671874999 0.1298828125 0.9696981671874999 0.1201171875 0.966667859375 0.1181640625 0.966667859375 0.1142578125 0.9696981671874999 0.1123046875 0.9696981671874999 0.0478515625 0.966667859375 0.0458984375 0.966667859375 0.0419921875 0.9621223999999999 0.0390625 0.9530314796875 0.0390625 0.9500011734375 0.037109375 0.92575871875 0.037109375 0.9227284125 0.0390625 0.9166677984374999 0.0390625 0.9136374921874999 0.041015625 0.874243503125 0.041015625 0.8712131968750001 0.04296875 0.85000105 0.04296875 0.8469707421875 0.044921875 0.8287889015625 0.044921875 0.8257585953125 0.04296875 0.81363736875 0.04296875 0.8106070609374999 0.041015625 0.8045464484375 0.041015625 0.801516140625 0.0390625 0.7893949140625 0.0390625 0.7863646078125 0.037109375 0.722728165625 0.037109375 0.7196978578125 0.0390625 0.7106069374999999 0.0390625 0.70757663125 0.037109375 0.7015160171875 0.037109375 0.6984857109375 0.03515625 0.67424325625 0.03515625 0.6712129499999999 0.033203125 0.6651523359375 0.033203125 0.6621220296875 0.03515625 0.650000803125 0.03515625 0.6469704953125001 0.033203125 0.6106068140625001 0.033203125 0.6075765078125 0.03125 0.59545528125 0.03125 0.5893946671875 0.03515625 0.5803037468750001 0.03515625 0.577273440625 0.033203125 0.546970371875 0.033203125 0.543940065625 0.03125 0.5257582249999999 0.03125 0.52272791875 0.029296875 0.510606690625 0.029296875 0.507576384375 0.02734375 0.504546078125 0.029296875 0.49242485 0.029296875 0.48939454375 0.02734375 0.477273315625 0.02734375 0.474243009375 0.029296875 0.45000055625 0.029296875 0.44697024843750005 0.02734375 0.4409096359375 0.02734375 0.437879328125 0.029296875 0.40454595312499997 0.029296875 0.40151564687499997 0.03125 0.3803035 0.03125 0.37727319375 0.029296875 0.322727671875 0.029296875 0.3196973640625 0.02734375 0.3075761375 0.02734375 0.30454583125 0.029296875 0.2803033765625 0.029296875 0.27727307031250004 0.03125 0.2621215359375 0.03125 0.259091228125 0.029296875 0.2106063203125 0.029296875 0.20757601406249998 0.03125 0.20454570625000001 0.03125 0.20151539999999998 0.033203125 0.1924244796875 0.033203125 0.1893941734375 0.03125 0.186363865625 0.03125 0.183333559375 0.029296875 0.1560607984375 0.029296875 0.1530304921875 0.03125 0.10454558437499999 0.03125 0.10151527656249999 0.033203125 0.0984849703125 0.033203125 0.0954546640625 0.03125 0.09242435624999999 0.03125 0.08939405 0.033203125 0.0803031296875 0.033203125 0.0772728234375 0.03125 0.0651515953125 0.03125 0.062121289062499994 0.033203125 0.059090981249999994 0.033203125 0.054545521875 0.0361328125 0.054545521875 0.0380859375 0.0500000609375 0.041015625 0.0469697546875 0.041015625 0.0439394484375 0.04296875 0.037878834374999996 0.04296875 0.033333375 0.0458984375 0.033333375 0.0595703125 0.03636368125 0.0615234375 0.03636368125 0.0693359375 0.0393939875 0.0712890625 0.0393939875 0.0751953125 0.0484849078125 0.0810546875 0.0484849078125 0.0869140625 0.0454546015625 0.0888671875 0.0454546015625 0.0908203125 0.0424242953125 0.0927734375 0.0424242953125 0.1103515625 0.0454546015625 0.1123046875 0.0454546015625 0.1142578125 0.0469697546875 0.115234375 0.0500000609375 0.115234375 0.054545521875 0.1181640625 0.054545521875 0.1240234375 0.0500000609375 0.126953125 0.0469697546875 0.126953125 0.0424242953125 0.1298828125 0.0424242953125 0.1337890625 0.0393939875 0.1357421875 0.0424242953125 0.1376953125 0.0424242953125 0.1572265625 0.0454546015625 0.1591796875 0.0454546015625 0.1611328125 0.0484849078125 0.1630859375 0.0484849078125 0.1728515625 0.0454546015625 0.1748046875 0.0454546015625 0.1884765625 0.0484849078125 0.1904296875 0.0484849078125 0.1982421875 0.054545521875 0.2021484375 0.054545521875 0.2080078125 0.051515215625 0.2099609375 0.051515215625 0.2119140625 0.0454546015625 0.2158203125 0.0454546015625 0.2197265625 0.0424242953125 0.2216796875 0.0424242953125 0.2353515625 0.0454546015625 0.2373046875 0.0424242953125 0.2392578125 0.0424242953125 0.2412109375 0.054545521875 0.2490234375 0.054545521875 0.2568359375 0.0484849078125 0.2607421875 0.0484849078125 0.2841796875 0.051515215625 0.2861328125 0.051515215625 0.2939453125 0.0469697546875 0.296875 0.0439394484375 0.296875 0.0393939875 0.2998046875 0.0393939875 0.3037109375 0.03636368125 0.3056640625 0.03636368125 0.3193359375 0.0393939875 0.3212890625 0.0393939875 0.3251953125 0.0469697546875 0.330078125 0.0500000609375 0.330078125 0.051515215625 0.3310546875 0.051515215625 0.3330078125 0.054545521875 0.3349609375 0.054545521875 0.3388671875 0.051515215625 0.3408203125 0.051515215625 0.3447265625 0.0484849078125 0.3466796875 0.0484849078125 0.3662109375 0.0454546015625 0.3681640625 0.0454546015625 0.4091796875 0.054545521875 0.4150390625 0.054545521875 0.4228515625 0.0454546015625 0.4287109375 0.0454546015625 0.4404296875 0.0424242953125 0.4423828125 0.0424242953125 0.4443359375 0.0454546015625 0.4462890625 0.0454546015625 0.4501953125 0.0424242953125 0.4521484375 0.0424242953125 0.4560546875 0.0469697546875 0.458984375 0.0500000609375 0.458984375 0.054545521875 0.4619140625 0.054545521875 0.4677734375 0.0393939875 0.4775390625 0.0393939875 0.4794921875 0.0424242953125 0.4814453125 0.0424242953125 0.4912109375 0.0393939875 0.4931640625 0.0424242953125 0.4951171875 0.0424242953125 0.5009765625 0.054545521875 0.5087890625 0.054545521875 0.5166015625 0.0500000609375 0.51953125 0.0469697546875 0.51953125 0.0454546015625 0.5205078125 0.0454546015625 0.5380859375 0.0484849078125 0.5400390625 0.0484849078125 0.5458984375 0.051515215625 0.5478515625 0.051515215625 0.5576171875 0.0484849078125 0.5595703125 0.0484849078125 0.5712890625 0.0454546015625 0.5732421875 0.0454546015625 0.5830078125 0.0484849078125 0.5849609375 0.0484849078125 0.5869140625 0.054545521875 0.5908203125 0.054545521875 0.6005859375 0.051515215625 0.6025390625 0.051515215625 0.6044921875 0.0484849078125 0.6064453125 0.0484849078125 0.6201171875 0.051515215625 0.6220703125 0.051515215625 0.6298828125 0.054545521875 0.6318359375 0.054545521875 0.6337890625 0.05757582812499999 0.6357421875 0.05757582812499999 0.6435546875 0.054545521875 0.6455078125 0.054545521875 0.6806640625 0.0484849078125 0.6845703125 0.0484849078125 0.6884765625 0.0454546015625 0.6904296875 0.0454546015625 0.7099609375 0.0424242953125 0.7119140625 0.0454546015625 0.7138671875 0.0454546015625 0.7275390625 0.0393939875 0.7314453125 0.0393939875 0.7490234375 0.0424242953125 0.7509765625 0.0424242953125 0.7529296875 0.0454546015625 0.7548828125 0.0454546015625 0.7568359375 0.0484849078125 0.7587890625 0.0484849078125 0.7685546875 0.0454546015625 0.7705078125 0.0454546015625 0.7861328125 0.0484849078125 0.7880859375 0.0484849078125 0.7978515625 0.0454546015625 0.7998046875 0.0454546015625 0.8017578125 0.0484849078125 0.8037109375 0.0484849078125 0.8095703125 0.054545521875 0.8134765625 0.054545521875 0.8154296875 0.05757582812499999 0.8173828125 0.05757582812499999 0.8193359375 0.054545521875 0.8212890625 0.054545521875 0.8291015625 0.051515215625 0.8310546875 0.054545521875 0.8330078125 0.054545521875 0.8349609375 0.051515215625 0.8369140625 0.051515215625 0.8427734375 0.054545521875 0.8447265625 0.054545521875 0.8583984375 0.05757582812499999 0.8603515625 0.05757582812499999 0.8701171875 0.054545521875 0.8720703125 0.054545521875 0.8759765625 0.05757582812499999 0.8779296875 0.05757582812499999 0.8916015625 0.06060613593750001 0.8935546875 0.06060613593750001 0.9072265625 0.05757582812499999 0.9091796875 0.05757582812499999 0.9365234375 0.0636364421875 0.9404296875 0.0636364421875 0.9423828125 0.0666667484375 0.9443359375 0.0666667484375 0.9501953125 0.074242515625 0.955078125 0.0772728234375 0.955078125 0.08636374375 0.9609375 0.0984849703125 0.9609375 0.10151527656249999 0.962890625 0.10454558437499999 0.9609375 0.10757589062499999 0.9609375 0.11060619687499999 0.962890625 0.113636503125 0.962890625 0.1166668109375 0.9609375 0.13181834375 0.9609375 0.1348486515625 0.962890625 0.13787895781249998 0.962890625 0.140909265625 0.96484375 0.1681820265625 0.96484375 0.17121233281249998 0.962890625 0.183333559375 0.962890625 0.186363865625 0.9609375 0.1924244796875 0.9609375 0.19545478593750001 0.95703125 0.2106063203125 0.95703125 0.213636628125 0.958984375 0.23787908125 0.958984375 0.24090938906249998 0.95703125 0.250000309375 0.95703125 0.253030615625 0.955078125 0.25606092187499996 0.955078125 0.259091228125 0.95703125 0.2621215359375 0.95703125 0.2681821484375 0.9609375 0.27727307031250004 0.9609375 0.2803033765625 0.962890625 0.292424603125 0.962890625 0.2954549109375 0.9609375 0.3136367515625 0.9609375 0.31666705781250004 0.958984375 0.32878828437499996 0.958984375 0.3348488984375 0.962890625 0.365151965625 0.962890625 0.3681822734375 0.9609375 0.3712125796875 0.9609375 0.3742428859375 0.958984375 0.37727319375 0.958984375 0.3803035 0.95703125 0.3863641140625 0.95703125 0.3893944203125 0.958984375 0.3924247265625 0.958984375 0.39545503437499996 0.962890625 0.40454595312499997 0.962890625 0.40757626093750005 0.96484375 0.4196974875 0.96484375 0.42272779531250004 0.962890625 0.4257581015625 0.962890625 0.4287884078125 0.9609375 0.43181871562499996 0.9609375 0.434849021875 0.958984375 0.437879328125 0.958984375 0.4409096359375 0.9609375 0.4439399421875 0.9609375 0.44697024843750005 0.962890625 0.477273315625 0.962890625 0.4787884703125 0.9619140625 0.4787884703125 0.9599609375 0.4803036234375 0.958984375 0.4833339296875 0.958984375 0.4863642375 0.95703125 0.4954551578125 0.95703125 0.49848546406249994 0.958984375 0.5015157703125 0.958984375 0.504546078125 0.9609375 0.5318188390625 0.9609375 0.5348491453124999 0.962890625 0.5409097593750001 0.962890625 0.543940065625 0.9609375 0.546970371875 0.9609375 0.5560612921875 0.955078125 0.5681825203125 0.955078125 0.5712128265625 0.95703125 0.5742431328125 0.95703125 0.577273440625 0.955078125 0.5803037468750001 0.955078125 0.583334053125 0.95703125 0.5863643609375 0.95703125 0.5893946671875 0.955078125 0.6045462015624999 0.955078125 0.6075765078125 0.953125 0.622728040625 0.953125 0.6318189624999999 0.958984375 0.63484926875 0.958984375 0.6409098828124999 0.962890625 0.6439401890625 0.962890625 0.6469704953125001 0.96484375 0.67424325625 0.96484375 0.6772735640625 0.962890625 0.6803038703125 0.962890625 0.6848493296875 0.9599609375 0.6848493296875 0.9560546875 0.689394790625 0.953125 0.6954554046875 0.953125 0.6984857109375 0.955078125 0.7015160171875 0.955078125 0.704546325 0.958984375 0.7318190859375 0.958984375 0.7348493921875 0.95703125 0.7378796984375 0.95703125 0.74091000625 0.955078125 0.74697061875 0.955078125 0.7515160796875 0.9580078125 0.7515160796875 0.9619140625 0.7530312328125001 0.962890625 0.7560615390625001 0.962890625 0.759091846875 0.96484375 0.7924252203125 0.96484375 0.795455528125 0.962890625 0.798485834375 0.962890625 0.8030312953125 0.9599609375 0.8030312953125 0.9580078125 0.8045464484375 0.95703125 0.8075767546874999 0.95703125 0.8106070609374999 0.955078125 0.81969798125 0.955078125 0.821213134375 0.9560546875 0.821213134375 0.9580078125 0.8257585953125 0.9609375 0.8590919703125 0.9609375 0.8681828906250001 0.955078125 0.874243503125 0.955078125 0.8772738109375 0.95703125 0.8803041171875 0.95703125 0.8863647312499999 0.9609375 0.9196981046875001 0.9609375 0.9242435656250001 0.9580078125 0.9242435656250001 0.9560546875 0.928789025 0.953125 0.9500011734375 0.953125 0.9515163265625001 0.9521484375 0.9515163265625001 0.9501953125 0.957576940625 0.9462890625 0.957576940625 0.9443359375 0.960607246875 0.9423828125 0.960607246875 0.9404296875 0.963637553125 0.9384765625 0.963637553125 0.9345703125 0.966667859375 0.9326171875 0.966667859375 0.8994140625 0.9727284734375001 0.8955078125 0.9727284734375001 0.8916015625 0.9757587796875 0.8896484375 0.9757587796875 0.8681640625 0.9787890875 0.8662109375 0.9757587796875 0.8642578125 0.9757587796875 0.8623046875 0.9727284734375001 0.8603515625 0.9727284734375001 0.8583984375 0.9696981671874999 0.8564453125 0.9696981671874999 0.8544921875 0.9727284734375001 0.8525390625 0.9727284734375001 0.8291015625 0.9696981671874999 0.8271484375 0.9696981671874999 0.8134765625 0.966667859375 0.8115234375 0.966667859375 0.7978515625 0.963637553125 0.7958984375 0.963637553125 0.7841796875 0.960607246875 0.7822265625 0.960607246875 0.7763671875 0.966667859375 0.7724609375 0.966667859375 0.7705078125 0.9696981671874999 0.7685546875 0.9696981671874999 0.7353515625 0.9757587796875 0.7314453125 0.9757587796875 0.7001953125 0.9787890875 0.6982421875 0.9787890875 0.6435546875 0.9757587796875 0.6416015625 0.9757587796875 0.6279296875 0.9727284734375001 0.6259765625 0.9727284734375001 0.6162109375 0.9757587796875 0.6142578125 0.9757587796875 0.6083984375 0.9787890875 0.6064453125 0.9772739343750001 0.60546875 0.9757587796875 0.6044921875 0.9757587796875 0.5947265625 0.9727284734375001 0.5927734375 0.9727284734375001 0.5810546875 0.9757587796875 0.5791015625 0.9757587796875 0.5419921875 0.9727284734375001 0.5400390625 0.9727284734375001 0.5341796875
