2 0.73359375 0.96328125 0.0171875 0.015625
2 0.6953125 0.965625 0.0109375 0.0203125
2 0.66015625 0.96796875 0.0140625 0.015625
2 0.61328125 0.96796875 0.021875 0.0203125
2 0.5796875 0.96328125 0.0171875 0.0171875
2 0.5328125 0.96484375 0.015625 0.0171875
2 0.4984375 0.96484375 0.015625 0.021875
2 0.45546875 0.9625 0.0125 0.0203125
2 0.40625 0.96171875 0.015625 0.0171875
2 0.375 0.96328125 0.015625 0.01875
2 0.3265625 0.96171875 0.015625 0.021875
2 0.29296875 0.96328125 0.0125 0.01875
2 0.24375 0.959375 0.015625 0.0203125
2 0.19140625 0.95625 0.0171875 0.015625
2 0.15546875 0.95703125 0.0125 0.0203125
2 0.1125 0.953125 0.015625 0.0140625
2 0.075 0.9515625 0.015625 0.0140625
2 0.1671875 0.021875 0.015625 0.0171875
2 0.2046875 0.0234375 0.015625 0.0171875
2 0.25234375 0.0234375 0.0171875 0.0140625
2 0.28671875 0.0234375 0.01875 0.01875
2 0.3328125 0.0203125 0.015625 0.01875
2 0.365625 0.0203125 0.0140625 0.01875
2 0.41640625 0.021875 0.015625 0.0203125
2 0.465625 0.02265625 0.015625 0.0203125
2 0.5078125 0.02421875 0.0125 0.01875
2 0.54921875 0.02578125 0.0125 0.0125
2 0.59375 0.0296875 0.0125 0.0171875
2 0.7203125 0.0234375 0.01875 0.015625
2 0.75625 0.02421875 0.0140625 0.01875
2 0.81640625 0.028125 0.0171875 0.021875
2 0.86015625 0.03125 0.0140625 0.015625
2 0.896875 0.03515625 0.015625 0.01875
2 0.940625 0.0375 0.015625 0.025
2 0.9625 0.065625 0.015625 0.021875
2 0.9640625 0.1171875 0.0140625 0.028125
2 0.96015625 0.19296875 0.0125 0.028125
2 0.96171875 0.246875 0.015625 0.0234375
2 0.9640625 0.3171875 0.01875 0.0234375
2 0.96171875 0.3765625 0.0140625 0.028125
2 0.9625 0.4296875 0.015625 0.028125
2 0.9609375 0.48359375 0.01875 0.025
2 0.959375 0.55546875 0.015625 0.028125
2 0.9546875 0.68359375 0.0109375 0.025
2 0.9546875 0.80625 0.0125 0.025
2 0.95625 0.8609375 0.0125 0.025
2 0.953125 0.92890625 0.015625 0.0265625
2 0.85234375 0.9671875 0.0125 0.0171875
2 0.77265625 0.96015625 0.01875 0.021875
0 0.6337890625 0.9696981671874999 0.634765625 0.9712133203125 0.6357421875 0.9727284734375001 0.6474609375 0.9727284734375001 0.6494140625 0.9696981671874999 0.6533203125 0.9696981671874999 0.6552734375 0.966667859375 0.6630859375 0.966667859375 0.6650390625 0.9696981671874999 0.6904296875 0.9696981671874999 0.6923828125 0.966667859375 0.6943359375 0.966667859375 0.6962890625 0.963637553125 0.7001953125 0.963637553125 0.7021484375 0.966667859375 0.7255859375 0.966667859375 0.7275390625 0.960607246875 0.7294921875 0.960607246875 0.7314453125 0.957576940625 0.7392578125 0.957576940625 0.7451171875 0.966667859375 0.7490234375 0.966667859375 0.7509765625 0.9696981671874999 0.7548828125 0.9696981671874999 0.7568359375 0.966667859375 0.7626953125 0.966667859375 0.7685546875 0.957576940625 0.7705078125 0.957576940625 0.7724609375 0.9545466328125001 0.7763671875 0.9545466328125001 0.7783203125 0.957576940625 0.7802734375 0.957576940625 0.7822265625 0.960607246875 0.7880859375 0.960607246875 0.7900390625 0.966667859375 0.8076171875 0.966667859375 0.8095703125 0.963637553125 0.8115234375 0.963637553125 0.8134765625 0.960607246875 0.8193359375 0.960607246875 0.8212890625 0.966667859375 0.8232421875 0.966667859375 0.8251953125 0.9696981671874999 0.8271484375 0.9696981671874999 0.8291015625 0.966667859375 0.8349609375 0.966667859375 0.8369140625 0.9696981671874999 0.8447265625 0.9696981671874999 0.8505859375 0.960607246875 0.8564453125 0.960607246875 0.8603515625 0.966667859375 0.8857421875 0.966667859375 0.8896484375 0.960607246875 0.8916015625 0.960607246875 0.8935546875 0.957576940625 0.9033203125 0.957576940625 0.9052734375 0.960607246875 0.9248046875 0.960607246875 0.9267578125 0.957576940625 0.9443359375 0.957576940625 0.9462890625 0.9545466328125001 0.9482421875 0.9545466328125001 0.94921875 0.9530314796875 0.94921875 0.9500011734375 0.951171875 0.9469708656250001 0.951171875 0.940910253125 0.94921875 0.9378799453125 0.94921875 0.9318193328125 0.947265625 0.928789025 0.947265625 0.92575871875 0.9501953125 0.9212132578125001 0.9521484375 0.9212132578125001 0.95703125 0.9136374921874999 0.95703125 0.904546571875 0.958984375 0.9015162640625001 0.958984375 0.8893950374999999 0.95703125 0.8863647312499999 0.95703125 0.874243503125 0.951171875 0.8651525828125 0.951171875 0.8621222765625 0.953125 0.8590919703125 0.953125 0.8257585953125 0.955078125 0.8227282890625001 0.955078125 0.81969798125 0.953125 0.816667675 0.953125 0.8106070609374999 0.951171875 0.8075767546874999 0.951171875 0.8045464484375 0.955078125 0.798485834375 0.955078125 0.795455528125 0.95703125 0.7924252203125 0.95703125 0.7833343 0.958984375 0.78030399375 0.958984375 0.762122153125 0.9609375 0.759091846875 0.9609375 0.7560615390625001 0.95703125 0.7500009265625 0.95703125 0.74697061875 0.953125 0.74091000625 0.953125 0.728788778125 0.955078125 0.7257584718750001 0.955078125 0.692425096875 0.953125 0.689394790625 0.953125 0.6833341765625 0.955078125 0.6803038703125 0.955078125 0.6772735640625 0.95703125 0.67424325625 0.95703125 0.6439401890625 0.955078125 0.6409098828124999 0.955078125 0.63484926875 0.953125 0.6318189624999999 0.953125 0.6075765078125 0.955078125 0.6045462015624999 0.955078125 0.60151589375 0.95703125 0.5984855875 0.95703125 0.5924249734375 0.958984375 0.5893946671875 0.958984375 0.577273440625 0.9609375 0.5742431328125 0.95703125 0.5681825203125 0.95703125 0.5651522124999999 0.955078125 0.56212190625 0.955078125 0.550000678125 0.9580078125 0.54545521875 0.9599609375 0.54545521875 0.96484375 0.5378794515624999 0.96484375 0.5348491453124999 0.966796875 0.5318188390625 0.966796875 0.52878853125 0.96484375 0.5257582249999999 0.96484375 0.52272791875 0.966796875 0.5196976109375 0.966796875 0.5015157703125 0.9619140625 0.49394000312499997 0.9580078125 0.49394000312499997 0.955078125 0.48939454375 0.955078125 0.4803036234375 0.95703125 0.477273315625 0.95703125 0.474243009375 0.9609375 0.47121270312499997 0.9609375 0.4439399421875 0.958984375 0.4409096359375 0.958984375 0.437879328125 0.95703125 0.434849021875 0.95703125 0.4257581015625 0.9609375 0.4196974875 0.9609375 0.41666718124999996 0.962890625 0.4136368734375 0.962890625 0.3893944203125 0.95703125 0.3803035 0.958984375 0.37727319375 0.958984375 0.3742428859375 0.9609375 0.3712125796875 0.9609375 0.3681822734375 0.962890625 0.365151965625 0.962890625 0.359091353125 0.96484375 0.3560610453125 0.96484375 0.331818590625 0.9609375 0.325757978125 0.9609375 0.322727671875 0.958984375 0.3196973640625 0.958984375 0.31666705781250004 0.9609375 0.3136367515625 0.9609375 0.28939429687499996 0.962890625 0.286363990625 0.962890625 0.2803033765625 0.9609375 0.27727307031250004 0.9609375 0.2742427625 0.962890625 0.27121245625 0.962890625 0.2651518421875 0.9609375 0.2621215359375 0.9609375 0.25606092187499996 0.958984375 0.253030615625 0.958984375 0.23787908125 0.9609375 0.23484877499999998 0.9609375 0.20757601406249998 0.958984375 0.20454570625000001 0.958984375 0.20151539999999998 0.95703125 0.19848509375 0.95703125 0.19545478593750001 0.958984375 0.1924244796875 0.958984375 0.186363865625 0.9609375 0.183333559375 0.9609375 0.180303253125 0.962890625 0.177272946875 0.962890625 0.17121233281249998 0.96484375 0.1681820265625 0.96484375 0.1530304921875 0.966796875 0.1500001859375 0.966796875 0.1348486515625 0.9609375 0.12575773125 0.9609375 0.10454558437499999 0.962890625 0.10151527656249999 0.962890625 0.0984849703125 0.96484375 0.0954546640625 0.96484375 0.0803031296875 0.962890625 0.0772728234375 0.962890625 0.074242515625 0.958984375 0.06818190156250001 0.958984375 0.059090981249999994 0.9609375 0.056060675000000004 0.9609375 0.037878834374999996 0.9580078125 0.033333375 0.9541015625 0.033333375 0.9521484375 0.03636368125 0.9482421875 0.03636368125 0.9443359375 0.0424242953125 0.9365234375 0.0424242953125 0.9326171875 0.03636368125 0.9267578125 0.03636368125 0.9248046875 0.033333375 0.9228515625 0.033333375 0.9208984375 0.03636368125 0.9072265625 0.03636368125 0.9033203125 0.0424242953125 0.8935546875 0.0424242953125 0.8876953125 0.033333375 0.8857421875 0.033333375 0.8837890625 0.030303067187499998 0.8759765625 0.030303067187499998 0.8740234375 0.033333375 0.8701171875 0.033333375 0.8681640625 0.03636368125 0.8662109375 0.03636368125 0.8642578125 0.0393939875 0.8603515625 0.0393939875 0.8583984375 0.03636368125 0.8544921875 0.03636368125 0.8525390625 0.033333375 0.8505859375 0.033333375 0.8486328125 0.030303067187499998 0.8427734375 0.030303067187499998 0.8408203125 0.033333375 0.8388671875 0.030303067187499998 0.8369140625 0.030303067187499998 0.8349609375 0.033333375 0.8330078125 0.033333375 0.8310546875 0.030303067187499998 0.8291015625 0.030303067187499998 0.8271484375 0.033333375 0.8212890625 0.033333375 0.8193359375 0.03636368125 0.8115234375 0.03636368125 0.8056640625 0.0272727609375 0.8037109375 0.0272727609375 0.8017578125 0.0242424546875 0.7861328125 0.0242424546875 0.7841796875 0.021212146874999997 0.7724609375 0.021212146874999997 0.7705078125 0.0242424546875 0.7685546875 0.0242424546875 0.765625 0.028787914062499996 0.765625 0.031818221875000004 0.7646484375 0.033333375 0.7626953125 0.033333375 0.7607421875 0.03636368125 0.7568359375 0.03636368125 0.7529296875 0.030303067187499998 0.7509765625 0.030303067187499998 0.7470703125 0.0242424546875 0.7412109375 0.0242424546875 0.7392578125 0.021212146874999997 0.7373046875 0.021212146874999997 0.7353515625 0.0242424546875 0.7294921875 0.0242424546875 0.7275390625 0.0272727609375 0.7255859375 0.0272727609375 0.7236328125 0.030303067187499998 0.7216796875 0.030303067187499998 0.7197265625 0.033333375 0.7158203125 0.033333375 0.7138671875 0.030303067187499998 0.7119140625 0.030303067187499998 0.7099609375 0.0272727609375 0.6845703125 0.0272727609375 0.6826171875 0.030303067187499998 0.6806640625 0.030303067187499998 0.6787109375 0.033333375 0.6474609375 0.033333375 0.6455078125 0.030303067187499998 0.6435546875 0.030303067187499998 0.6416015625 0.033333375 0.6396484375 0.033333375 0.6376953125 0.03636368125 0.6337890625 0.03636368125 0.6318359375 0.033333375 0.6298828125 0.033333375 0.6259765625 0.0272727609375 0.6201171875 0.0272727609375 0.6181640625 0.0242424546875 0.6083984375 0.0242424546875 0.6064453125 0.0272727609375 0.6005859375 0.0272727609375 0.5947265625 0.03636368125 0.5888671875 0.03636368125 0.5869140625 0.033333375 0.5791015625 0.033333375 0.5771484375 0.030303067187499998 0.5673828125 0.030303067187499998 0.5654296875 0.0272727609375 0.5556640625 0.0272727609375 0.5537109375 0.030303067187499998 0.5498046875 0.030303067187499998 0.5478515625 0.033333375 0.5458984375 0.033333375 0.5439453125 0.030303067187499998 0.5419921875 0.030303067187499998 0.5400390625 0.0272727609375 0.5361328125 0.0272727609375 0.5341796875 0.0242424546875 0.5166015625 0.0242424546875 0.5107421875 0.033333375 0.5009765625 0.033333375 0.4990234375 0.030303067187499998 0.4951171875 0.030303067187499998 0.4931640625 0.0272727609375 0.4912109375 0.0272727609375 0.4892578125 0.0242424546875 0.4794921875 0.0242424546875 0.4775390625 0.021212146874999997 0.4736328125 0.021212146874999997 0.4716796875 0.0242424546875 0.4697265625 0.0242424546875 0.4677734375 0.0272727609375 0.4658203125 0.0272727609375 0.4638671875 0.030303067187499998 0.4619140625 0.0272727609375 0.4599609375 0.0272727609375 0.4580078125 0.0242424546875 0.4560546875 0.0242424546875 0.4541015625 0.021212146874999997 0.4521484375 0.021212146874999997 0.4501953125 0.018181840625 0.4306640625 0.018181840625 0.4287109375 0.021212146874999997 0.4248046875 0.021212146874999997 0.4189453125 0.030303067187499998 0.4130859375 0.030303067187499998 0.4091796875 0.0242424546875 0.4072265625 0.0242424546875 0.4052734375 0.021212146874999997 0.4033203125 0.021212146874999997 0.4013671875 0.018181840625 0.3974609375 0.018181840625 0.3955078125 0.015151534375000001 0.3759765625 0.015151534375000001 0.3701171875 0.0242424546875 0.3603515625 0.0242424546875 0.3583984375 0.021212146874999997 0.3564453125 0.021212146874999997 0.3544921875 0.018181840625 0.3505859375 0.018181840625 0.3486328125 0.015151534375000001 0.3447265625 0.015151534375000001 0.3408203125 0.021212146874999997 0.3388671875 0.021212146874999997 0.3369140625 0.0242424546875 0.3349609375 0.0242424546875 0.3330078125 0.0272727609375 0.3310546875 0.0242424546875 0.3291015625 0.0242424546875 0.3271484375 0.021212146874999997 0.3251953125 0.021212146874999997 0.3232421875 0.018181840625 0.3193359375 0.018181840625 0.3173828125 0.015151534375000001 0.2998046875 0.015151534375000001 0.2919921875 0.0272727609375 0.2841796875 0.0272727609375 0.2822265625 0.0242424546875 0.2802734375 0.0242424546875 0.2783203125 0.021212146874999997 0.2705078125 0.021212146874999997 0.2685546875 0.0242424546875 0.2587890625 0.0242424546875 0.2568359375 0.0272727609375 0.2548828125 0.0272727609375 0.2529296875 0.030303067187499998 0.2509765625 0.030303067187499998 0.2490234375 0.033333375 0.2431640625 0.0242424546875 0.2353515625 0.0242424546875 0.2333984375 0.021212146874999997 0.2314453125 0.021212146874999997 0.2294921875 0.0242424546875 0.2119140625 0.0242424546875 0.2099609375 0.0272727609375 0.1982421875 0.0272727609375 0.1923828125 0.018181840625 0.1845703125 0.018181840625 0.1826171875 0.015151534375000001 0.1806640625 0.018181840625 0.1767578125 0.018181840625 0.1748046875 0.021212146874999997 0.1728515625 0.021212146874999997 0.1689453125 0.0272727609375 0.1650390625 0.0272727609375 0.1630859375 0.0242424546875 0.1552734375 0.0242424546875 0.1533203125 0.021212146874999997 0.1494140625 0.021212146874999997 0.1474609375 0.018181840625 0.1396484375 0.018181840625 0.1376953125 0.021212146874999997 0.1279296875 0.021212146874999997 0.1240234375 0.0272727609375 0.1220703125 0.0272727609375 0.1201171875 0.030303067187499998 0.1142578125 0.030303067187499998 0.1123046875 0.0272727609375 0.0947265625 0.0272727609375 0.0927734375 0.0242424546875 0.0908203125 0.0242424546875 0.0888671875 0.0272727609375 0.0869140625 0.0242424546875 0.0791015625 0.0242424546875 0.078125 0.0227273015625 0.078125 0.01969699375 0.0751953125 0.015151534375000001 0.0673828125 0.015151534375000001 0.0654296875 0.0121212265625 0.0498046875 0.0121212265625 0.0478515625 0.015151534375000001 0.0458984375 0.015151534375000001 0.0439453125 0.018181840625 0.0419921875 0.018181840625 0.041015625 0.01969699375 0.041015625 0.0227273015625 0.0361328125 0.030303067187499998 0.0341796875 0.030303067187499998 0.033203125 0.031818221875000004 0.033203125 0.034848528125 0.03125 0.037878834374999996 0.03125 0.056060675000000004 0.029296875 0.059090981249999994 0.029296875 0.071212209375 0.03125 0.074242515625 0.03125 0.08939405 0.029296875 0.09242435624999999 0.029296875 0.1166668109375 0.03125 0.11969711718750001 0.03125 0.1348486515625 0.029296875 0.13787895781249998 0.029296875 0.146969878125 0.03125 0.1500001859375 0.03125 0.15909110625 0.029296875 0.1621214125 0.029296875 0.1681820265625 0.03125 0.17121233281249998 0.03125 0.23484877499999998 0.029296875 0.23787908125 0.029296875 0.24090938906249998 0.03125 0.2439396953125 0.03125 0.3136367515625 0.033203125 0.31666705781250004 0.033203125 0.3530307390625 0.03125 0.3560610453125 0.03125 0.38333380625 0.033203125 0.3863641140625 0.033203125 0.40151564687499997 0.03515625 0.40454595312499997 0.033203125 0.40757626093750005 0.033203125 0.4106065671875 0.03515625 0.4136368734375 0.033203125 0.41666718124999996 0.033203125 0.4287884078125 0.03125 0.43181871562499996 0.03125 0.46818239687499996 0.033203125 0.47121270312499997 0.033203125 0.49848546406249994 0.03125 0.5015157703125 0.03125 0.52272791875 0.033203125 0.5257582249999999 0.033203125 0.546970371875 0.03125 0.550000678125 0.03125 0.5681825203125 0.033203125 0.5712128265625 0.033203125 0.577273440625 0.03125 0.5803037468750001 0.03125 0.689394790625 0.033203125 0.692425096875 0.033203125 0.6954554046875 0.03515625 0.6984857109375 0.03515625 0.7439403125 0.033203125 0.74697061875 0.033203125 0.7924252203125 0.03515625 0.795455528125 0.03515625 0.801516140625 0.037109375 0.8045464484375 0.037109375 0.8075767546874999 0.0390625 0.8106070609374999 0.0390625 0.9439405593749999 0.0400390625 0.9454557124999999 0.0615234375 0.9454557124999999 0.0634765625 0.9484860203125001 0.0693359375 0.9484860203125001 0.0712890625 0.9454557124999999 0.0791015625 0.9454557124999999 0.0810546875 0.9484860203125001 0.0830078125 0.9484860203125001 0.0869140625 0.9545466328125001 0.1005859375 0.9545466328125001 0.1044921875 0.9484860203125001 0.1162109375 0.9484860203125001 0.1181640625 0.9515163265625001 0.1494140625 0.9515163265625001 0.1513671875 0.9484860203125001 0.1591796875 0.9484860203125001 0.1611328125 0.9515163265625001 0.1630859375 0.9515163265625001 0.1650390625 0.9545466328125001 0.1767578125 0.9545466328125001 0.1787109375 0.9515163265625001 0.1865234375 0.9515163265625001 0.1884765625 0.9484860203125001 0.1904296875 0.9484860203125001 0.1923828125 0.9515163265625001 0.1943359375 0.9515163265625001 0.1962890625 0.9545466328125001 0.2177734375 0.9545466328125001 0.2197265625 0.957576940625 0.2373046875 0.957576940625 0.2392578125 0.9545466328125001 0.2470703125 0.9545466328125001 0.2490234375 0.957576940625 0.2509765625 0.957576940625 0.2529296875 0.960607246875 0.2626953125 0.960607246875 0.2646484375 0.963637553125 0.2705078125 0.963637553125 0.2724609375 0.966667859375 0.2802734375 0.966667859375 0.2841796875 0.960607246875 0.2861328125 0.960607246875 0.2880859375 0.957576940625 0.3095703125 0.957576940625 0.3115234375 0.960607246875 0.3193359375 0.960607246875 0.3212890625 0.957576940625 0.3310546875 0.957576940625 0.3369140625 0.966667859375 0.3427734375 0.966667859375 0.3447265625 0.9696981671874999 0.3662109375 0.9696981671874999 0.369140625 0.9651527062499999 0.369140625 0.95909209375 0.3701171875 0.957576940625 0.3818359375 0.957576940625 0.3857421875 0.963637553125 0.3876953125 0.963637553125 0.3896484375 0.966667859375 0.3916015625 0.966667859375 0.3935546875 0.9696981671874999 0.3955078125 0.9696981671874999 0.3984375 0.9651527062499999 0.3984375 0.9621223999999999 0.3994140625 0.960607246875 0.4013671875 0.960607246875 0.4033203125 0.957576940625 0.4091796875 0.957576940625 0.4111328125 0.960607246875 0.4130859375 0.960607246875 0.4140625 0.9621223999999999 0.4140625 0.9651527062499999 0.4150390625 0.966667859375 0.4365234375 0.966667859375 0.4384765625 0.9696981671874999 0.4443359375 0.9696981671874999 0.447265625 0.9651527062499999 0.447265625 0.9621223999999999 0.4501953125 0.957576940625 0.4580078125 0.957576940625 0.4609375 0.9621223999999999 0.4609375 0.9651527062499999 0.4619140625 0.966667859375 0.4892578125 0.966667859375 0.4951171875 0.957576940625 0.5029296875 0.957576940625 0.5068359375 0.963637553125 0.5087890625 0.963637553125 0.5107421875 0.966667859375 0.5224609375 0.966667859375 0.5263671875 0.960607246875 0.5283203125 0.960607246875 0.5302734375 0.957576940625 0.5341796875 0.957576940625 0.5361328125 0.960607246875 0.5380859375 0.960607246875 0.5419921875 0.966667859375 0.5458984375 0.966667859375 0.5478515625 0.963637553125 0.5712890625 0.963637553125 0.5732421875 0.960607246875 0.5830078125 0.960607246875 0.5869140625 0.966667859375 0.6025390625 0.966667859375 0.6044921875 0.9696981671874999 0.6064453125 0.966667859375 0.6083984375 0.966667859375 0.6123046875 0.960607246875 0.6181640625 0.960607246875 0.6240234375 0.9696981671874999 0.6337890625 0.9696981671874999
