0 0.49609375 0.51171875 0.971875 0.946875
2 0.96796875 0.2046875 0.025 0.0125
2 0.96796875 0.28359375 0.021875 0.01875
2 0.959375 0.63046875 0.01875 0.015625
2 0.953125 0.67265625 0.01875 0.0125
2 0.94375 0.79609375 0.01875 0.0125
2 0.94921875 0.825 0.01875 0.0125
2 0.95078125 0.87265625 0.021875 0.0140625
2 0.94375 0.9078125 0.021875 0.0109375
2 0.640625 0.978125 0.028125 0.0125
2 0.56953125 0.975 0.0234375 0.0140625
2 0.51015625 0.975 0.025 0.0078125
2 0.29140625 0.97109375 0.0265625 0.009375
2 0.23515625 0.971875 0.021875 0.0125
2 0.01796875 0.84609375 0.01875 0.015625
2 0.01953125 0.7671875 0.015625 0.0125
2 0.02109375 0.60234375 0.0171875 0.0140625
2 0.01953125 0.4953125 0.0171875 0.0140625
2 0.01953125 0.52265625 0.01875 0.015625
2 0.02109375 0.5515625 0.015625 0.0125
2 0.3171875 0.04921875 0.0203125 0.0125
2 0.39296875 0.0515625 0.021875 0.0109375
2 0.68359375 0.0515625 0.0265625 0.0125
2 0.7609375 0.046875 0.0234375 0.0140625
2 0.82421875 0.04609375 0.025 0.0140625
2 0.90625 0.05 0.021875 0.009375
