0 0.51171875 0.50078125 0.94453125 0.96953125
2 0.79140625 0.040625 0.015625 0.02109375
2 0.86640625 0.0375 0.01796875 0.02109375
2 0.9015625 0.03828125 0.01484375 0.02578125
2 0.94453125 0.0375 0.01328125 0.02421875
2 0.85078125 0.96640625 0.01328125 0.0203125
2 0.49765625 0.97421875 0.01796875 0.0203125
2 0.525 0.97421875 0.01484375 0.0203125
2 0.55546875 0.9703125 0.01796875 0.01796875
2 0.33984375 0.97890625 0.01953125 0.01875
2 0.36640625 0.97578125 0.0140625 0.02265625
2 0.28359375 0.97421875 0.0171875 0.02109375
2 0.203125 0.97421875 0.0140625 0.01796875
2 0.23203125 0.978125 0.0140625 0.01796875
2 0.9015625 0.97265625 0.01328125 0.0171875
2 0.07421875 0.96796875 0.01484375 0.0234375
2 0.1 0.96953125 0.0203125 0.02265625
2 0.05078125 0.6078125 0.015625 0.0234375
2 0.0515625 0.53828125 0.0125 0.0203125
2 0.0484375 0.3171875 0.01484375 0.02265625
2 0.04453125 0.2390625 0.01328125 0.0234375
2 0.04296875 0.17734375 0.0140625 0.02578125
