2 0.059375 0.915625 0.01875 0.034375
2 0.0671875 0.69765625 0.0171875 0.03125
2 0.06015625 0.46875 0.0140625 0.03125
2 0.06171875 0.403125 0.0125 0.03125
2 0.053125 0.32265625 0.015625 0.028125
2 0.0484375 0.1828125 0.0125 0.03125
2 0.07578125 0.0640625 0.0109375 0.025
2 0.10078125 0.059375 0.0125 0.01875
2 0.2015625 0.03828125 0.0140625 0.025
2 0.365625 0.03671875 0.0171875 0.025
2 0.52265625 0.0359375 0.0171875 0.015625
2 0.55546875 0.0359375 0.0140625 0.028125
2 0.7671875 0.028125 0.01875 0.03125
2 0.8234375 0.01796875 0.01875 0.0234375
2 0.8546875 0.02109375 0.0125 0.025
2 0.965625 0.09921875 0.015625 0.028125
2 0.9703125 0.27578125 0.0109375 0.0328125
2 0.97421875 0.56015625 0.0125 0.028125
2 0.92421875 0.915625 0.01875 0.0203125
2 0.8125 0.925 0.0203125 0.025
0 0.04296875 0.1099702140625 0.048828125 0.8824488968749999 0.052734375 0.9465676796875 0.0556640625 0.9542008687499999 0.0595703125 0.95725414375 0.1123046875 0.972520521875 0.3349609375 0.9694672453125 0.9619140625 0.9267213906249999 0.9794921875 0.9084017375 0.982421875 0.9038218234375 0.984375 0.8977152734375 0.986328125 0.8763423453125 0.98828125 0.8305432140625 0.978515625 0.36339207500000004 0.97265625 0.183248825 0.96484375 0.04890470625 0.962890625 0.0397448796875 0.9560546875 0.026005140625 0.9365234375 0.0137920390625 0.7822265625 0.0137920390625 0.2939453125 0.026005140625 0.0478515625 0.05043134375 0.044921875 0.055011256249999994 0.04296875 0.0611178078125 0.04296875 0.1099702140625
