0 0.50625 0.50625 0.94609375 0.9609375
2 0.04140625 0.10390625 0.01328125 0.0265625
2 0.0515625 0.328125 0.0140625 0.02265625
2 0.04375 0.24921875 0.0140625 0.02265625
2 0.0421875 0.18828125 0.0140625 0.02890625
2 0.04921875 0.5453125 0.01640625 0.02421875
2 0.05234375 0.6171875 0.0171875 0.0296875
2 0.04921875 0.8375 0.01328125 0.02421875
2 0.075 0.96796875 0.01640625 0.0234375
2 0.10234375 0.9671875 0.01640625 0.02265625
2 0.15390625 0.97578125 0.01484375 0.01796875
2 0.36640625 0.97578125 0.015625 0.0203125
2 0.39453125 0.978125 0.01328125 0.01796875
2 0.42109375 0.97421875 0.01484375 0.01484375
2 0.44375 0.97578125 0.01328125 0.0171875
2 0.49609375 0.9734375 0.01640625 0.0171875
2 0.525 0.97265625 0.01328125 0.01875
2 0.55546875 0.96953125 0.0125 0.01796875
2 0.6046875 0.971875 0.01796875 0.01796875
2 0.6875 0.971875 0.01328125 0.01796875
2 0.76796875 0.96875 0.01875 0.01796875
2 0.8234375 0.971875 0.01484375 0.02265625
2 0.8515625 0.96796875 0.01640625 0.02734375
2 0.971875 0.5453125 0.0078125 0.01796875
