0 0.51484375 0.51171875 0.94375 0.94375
2 0.05546875 0.10078125 0.0140625 0.025
2 0.06796875 0.32421875 0.0140625 0.0234375
2 0.059375 0.546875 0.015625 0.028125
2 0.065625 0.6125 0.015625 0.0328125
2 0.05625 0.76796875 0.015625 0.0234375
2 0.05546875 0.8375 0.01875 0.025
2 0.109375 0.94921875 0.0171875 0.021875
2 0.2875 0.96796875 0.01875 0.01875
2 0.3734375 0.96484375 0.0125 0.021875
2 0.6921875 0.96484375 0.015625 0.01875
2 0.775 0.965625 0.015625 0.01875
2 0.86328125 0.96796875 0.01875 0.021875
2 0.9703125 0.89609375 0.0140625 0.0234375
