0 0.0478515625 0.9617817578125001 0.2978515625 0.9831546859375001 0.7783203125 0.9923145124999999 0.8935546875 0.9923145124999999 0.9287109375 0.9892612375000001 0.9365234375 0.9862079609375 0.9521484375 0.9770481359375 0.9560546875 0.9739948593750001 0.9609375 0.9663616703125 0.966796875 0.9419354671875 0.97265625 0.8045380734375 0.984375 0.13281748124999998 0.978515625 0.09923145156249999 0.9736328125 0.0915982625 0.9560546875 0.070225334375 0.4111328125 0.042745856250000006 0.2470703125 0.0366393046875 0.1103515625 0.03969258125 0.0712890625 0.04579913125 0.0615234375 0.04885240625 0.0537109375 0.0549589578125 0.048828125 0.0625921453125 0.04296875 0.13892403125 0.04296875 0.9510952937500001 0.044921875 0.9572018453125001 0.0478515625 0.9617817578125001
2 0.05390625 0.09453125 0.01640625 0.02890625
2 0.06328125 0.31796875 0.01953125 0.034375
2 0.05703125 0.54140625 0.01328125 0.0234375
2 0.06015625 0.609375 0.01796875 0.02734375
2 0.0515625 0.6890625 0.01328125 0.0265625
2 0.05078125 0.7625 0.015625 0.0265625
2 0.36640625 0.9703125 0.01484375 0.025
2 0.4984375 0.9703125 0.01484375 0.0203125
2 0.5234375 0.9703125 0.01328125 0.01875
2 0.55546875 0.97109375 0.0125 0.01875
2 0.60390625 0.971875 0.01640625 0.01875
2 0.58046875 0.971875 0.01484375 0.015625
2 0.6375 0.97578125 0.01328125 0.01796875
2 0.6859375 0.9734375 0.01328125 0.0171875
2 0.74140625 0.975 0.0109375 0.021875
2 0.76875 0.97578125 0.00859375 0.02109375
2 0.8046875 0.9859375 0.01484375 0.0171875
2 0.82578125 0.9828125 0.0171875 0.01875
2 0.8546875 0.9796875 0.0140625 0.02109375
2 0.90390625 0.9890625 0.0140625 0.015625
2 0.965625 0.9015625 0.0109375 0.02421875
2 0.96953125 0.8484375 0.0109375 0.021875
2 0.97265625 0.78046875 0.01015625 0.021875
2 0.96953125 0.71953125 0.009375 0.0234375
2 0.9734375 0.44140625 0.0109375 0.0234375
2 0.92109375 0.08125 0.0203125 0.01953125
2 0.809375 0.07734375 0.01484375 0.01875
