2 0.94140625 0.96328125 0.015625 0.01875
2 0.89765625 0.96875 0.0125 0.0234375
2 0.8625 0.96953125 0.015625 0.01875
2 0.8171875 0.97109375 0.0125 0.0203125
2 0.7609375 0.978125 0.0125 0.01875
2 0.7203125 0.9765625 0.0109375 0.0125
2 0.6796875 0.978125 0.01875 0.021875
2 0.6359375 0.9734375 0.0125 0.0171875
2 0.5953125 0.97734375 0.0125 0.015625
2 0.55078125 0.9765625 0.015625 0.01875
2 0.51015625 0.9765625 0.0171875 0.0203125
2 0.46484375 0.97890625 0.015625 0.0234375
2 0.334375 0.9765625 0.0125 0.021875
2 0.25078125 0.97890625 0.021875 0.021875
2 0.11953125 0.97734375 0.015625 0.015625
2 0.96171875 0.9390625 0.009375 0.021875
2 0.96328125 0.884375 0.009375 0.01875
2 0.96328125 0.81015625 0.009375 0.01875
2 0.96171875 0.75390625 0.0125 0.021875
2 0.96171875 0.68359375 0.015625 0.025
2 0.9625 0.62890625 0.0125 0.0234375
2 0.96171875 0.57421875 0.0125 0.028125
2 0.9609375 0.51875 0.0140625 0.025
2 0.9578125 0.3921875 0.0125 0.028125
2 0.95625 0.31796875 0.0125 0.0265625
2 0.95625 0.1984375 0.0109375 0.025
2 0.95546875 0.140625 0.0125 0.021875
2 0.953125 0.07734375 0.0125 0.0234375
2 0.9328125 0.03828125 0.0125 0.0171875
2 0.8984375 0.03515625 0.015625 0.021875
2 0.853125 0.03671875 0.015625 0.01875
2 0.7734375 0.0453125 0.015625 0.0203125
2 0.73515625 0.03828125 0.01875 0.021875
2 0.69765625 0.03515625 0.01875 0.0203125
2 0.66015625 0.03046875 0.01875 0.0203125
2 0.6171875 0.03671875 0.015625 0.021875
2 0.58203125 0.034375 0.015625 0.0203125
2 0.534375 0.040625 0.015625 0.021875
2 0.50078125 0.0390625 0.015625 0.01875
2 0.45625 0.0421875 0.015625 0.0171875
2 0.32578125 0.0390625 0.015625 0.025
2 0.2953125 0.03828125 0.01875 0.021875
2 0.24609375 0.04296875 0.0171875 0.021875
2 0.1921875 0.0453125 0.015625 0.0234375
2 0.1546875 0.0453125 0.01875 0.025
2 0.1140625 0.04921875 0.0125 0.015625
2 0.078125 0.05078125 0.015625 0.01875
2 0.2890625 0.97890625 0.01875 0.021875
2 0.20390625 0.97421875 0.01875 0.01875
0 0.6103515625 0.039392753125 0.6083984375 0.036362446874999996 0.5888671875 0.036362446874999996 0.5869140625 0.039392753125 0.5849609375 0.039392753125 0.5830078125 0.042423059375 0.5771484375 0.042423059375 0.5712890625 0.033332140625 0.5419921875 0.033332140625 0.5361328125 0.042423059375 0.5302734375 0.042423059375 0.5283203125 0.039392753125 0.5263671875 0.039392753125 0.5244140625 0.036362446874999996 0.5146484375 0.036362446874999996 0.5126953125 0.033332140625 0.5107421875 0.036362446874999996 0.5087890625 0.036362446874999996 0.5048828125 0.042423059375 0.4970703125 0.042423059375 0.4951171875 0.039392753125 0.4892578125 0.039392753125 0.4873046875 0.036362446874999996 0.4736328125 0.036362446874999996 0.4716796875 0.039392753125 0.4638671875 0.039392753125 0.4619140625 0.042423059375 0.4599609375 0.042423059375 0.4580078125 0.045453367187499996 0.4541015625 0.045453367187499996 0.4501953125 0.039392753125 0.4384765625 0.039392753125 0.4365234375 0.036362446874999996 0.4169921875 0.036362446874999996 0.4150390625 0.039392753125 0.4130859375 0.039392753125 0.4111328125 0.042423059375 0.4013671875 0.042423059375 0.3994140625 0.039392753125 0.3857421875 0.039392753125 0.3837890625 0.042423059375 0.3818359375 0.042423059375 0.3798828125 0.045453367187499996 0.3740234375 0.045453367187499996 0.3720703125 0.042423059375 0.3701171875 0.042423059375 0.3662109375 0.036362446874999996 0.3447265625 0.036362446874999996 0.3427734375 0.033332140625 0.3369140625 0.033332140625 0.3291015625 0.045453367187499996 0.3232421875 0.045453367187499996 0.3173828125 0.036362446874999996 0.3115234375 0.036362446874999996 0.3095703125 0.039392753125 0.3017578125 0.039392753125 0.2998046875 0.042423059375 0.2978515625 0.042423059375 0.2958984375 0.045453367187499996 0.2919921875 0.045453367187499996 0.2900390625 0.042423059375 0.2880859375 0.042423059375 0.2861328125 0.039392753125 0.2666015625 0.039392753125 0.2646484375 0.036362446874999996 0.2607421875 0.036362446874999996 0.2587890625 0.039392753125 0.2529296875 0.039392753125 0.2470703125 0.0484836734375 0.2412109375 0.0484836734375 0.2373046875 0.042423059375 0.2353515625 0.042423059375 0.2333984375 0.039392753125 0.2021484375 0.039392753125 0.1962890625 0.0484836734375 0.1943359375 0.0484836734375 0.1923828125 0.0515139796875 0.1884765625 0.0515139796875 0.1865234375 0.0484836734375 0.1806640625 0.0484836734375 0.1787109375 0.045453367187499996 0.1650390625 0.045453367187499996 0.1630859375 0.0484836734375 0.1611328125 0.0484836734375 0.1591796875 0.0515139796875 0.1552734375 0.0515139796875 0.1533203125 0.0484836734375 0.1513671875 0.0484836734375 0.1474609375 0.042423059375 0.1240234375 0.042423059375 0.1181640625 0.0515139796875 0.1064453125 0.0515139796875 0.1044921875 0.0484836734375 0.0849609375 0.0484836734375 0.0830078125 0.0515139796875 0.0810546875 0.0515139796875 0.0791015625 0.0545442875 0.0732421875 0.0545442875 0.0712890625 0.0515139796875 0.0693359375 0.0515139796875 0.0673828125 0.0484836734375 0.0498046875 0.0484836734375 0.0478515625 0.0515139796875 0.0419921875 0.0515139796875 0.0400390625 0.0545442875 0.0380859375 0.0545442875 0.03515625 0.059089746875 0.03515625 0.0772715875 0.037109375 0.08030189531250001 0.037109375 0.1015140421875 0.0390625 0.1045443484375 0.0390625 0.11666557656250001 0.041015625 0.11969588281250002 0.0390625 0.12272618906249999 0.041015625 0.12575649687499998 0.041015625 0.128786803125 0.04296875 0.131817109375 0.041015625 0.13484741718749998 0.041015625 0.18030201875000001 0.0390625 0.18333232500000002 0.0390625 0.22575662031250002 0.037109375 0.2287869265625 0.037109375 0.23787784687500002 0.03515625 0.240908153125 0.03515625 0.2499990734375 0.033203125 0.25302938125 0.033203125 0.271211221875 0.03515625 0.274241528125 0.03515625 0.307574903125 0.033203125 0.31060520937499997 0.033203125 0.32575674375 0.03125 0.32878704999999997 0.03125 0.34393858437499997 0.033203125 0.346968890625 0.033203125 0.349999196875 0.03125 0.3530295046875 0.03125 0.40454471875 0.033203125 0.40757502656250005 0.033203125 0.43181747968749995 0.03125 0.4348477875 0.03125 0.459090240625 0.029296875 0.46212054843750006 0.029296875 0.4681811609375 0.03125 0.47121146875 0.03125 0.495453921875 0.029296875 0.49848422968749995 0.029296875 0.61666619375 0.03125 0.6196965 0.03125 0.674242021875 0.029296875 0.677272328125 0.029296875 0.743939078125 0.03125 0.746969384375 0.03125 0.76818153125 0.033203125 0.7712118390625 0.033203125 0.783333065625 0.03515625 0.786363371875 0.03515625 0.8075755203125 0.033203125 0.8106058265625 0.033203125 0.84090889375 0.03125 0.8439392015625 0.03125 0.8469695078124999 0.033203125 0.8499998140624999 0.033203125 0.8530301218749999 0.03125 0.856060428125 0.03125 0.8803028828125001 0.033203125 0.8833331890625 0.033203125 0.8954544156249999 0.03515625 0.8984847234375 0.03515625 0.9045453359375 0.033203125 0.9075756437500001 0.033203125 0.9227271765625 0.03125 0.9257574843749999 0.03125 0.9499999390625 0.033203125 0.9530302453124999 0.033203125 0.9590908593749999 0.03515625 0.962121165625 0.03515625 0.9681817781250001 0.0380859375 0.9727272390625 0.0400390625 0.9727272390625 0.0419921875 0.9757575453125 0.0439453125 0.9757575453125 0.0458984375 0.9787878531249999 0.0751953125 0.9787878531249999 0.0771484375 0.9757575453125 0.0908203125 0.9757575453125 0.0927734375 0.9787878531249999 0.1005859375 0.9787878531249999 0.1025390625 0.9757575453125 0.1123046875 0.9757575453125 0.1142578125 0.9727272390625 0.1162109375 0.9727272390625 0.1181640625 0.9696969328125 0.1220703125 0.9696969328125 0.1259765625 0.9757575453125 0.1337890625 0.9757575453125 0.1357421875 0.9787878531249999 0.1494140625 0.9787878531249999 0.1513671875 0.9757575453125 0.1611328125 0.9757575453125 0.1630859375 0.9727272390625 0.1708984375 0.9727272390625 0.1728515625 0.9757575453125 0.1767578125 0.9757575453125 0.1787109375 0.9787878531249999 0.1806640625 0.9757575453125 0.1982421875 0.9757575453125 0.2001953125 0.9727272390625 0.2041015625 0.9727272390625 0.2060546875 0.9696969328125 0.2080078125 0.9727272390625 0.2099609375 0.9727272390625 0.2119140625 0.9757575453125 0.2236328125 0.9757575453125 0.2255859375 0.9787878531249999 0.2392578125 0.9787878531249999 0.2412109375 0.9757575453125 0.2431640625 0.9757575453125 0.2451171875 0.9727272390625 0.2470703125 0.9727272390625 0.2490234375 0.9696969328125 0.2509765625 0.9696969328125 0.2529296875 0.9727272390625 0.2548828125 0.9727272390625 0.2568359375 0.9757575453125 0.2587890625 0.9757575453125 0.2607421875 0.9787878531249999 0.2783203125 0.9787878531249999 0.2802734375 0.9757575453125 0.2822265625 0.9757575453125 0.2841796875 0.9727272390625 0.2919921875 0.9727272390625 0.2958984375 0.9787878531249999 0.2978515625 0.9787878531249999 0.2998046875 0.9818181593749999 0.3251953125 0.9818181593749999 0.3310546875 0.9727272390625 0.3388671875 0.9727272390625 0.3408203125 0.9757575453125 0.3603515625 0.9757575453125 0.3623046875 0.9727272390625 0.3681640625 0.9727272390625 0.3720703125 0.9787878531249999 0.3935546875 0.9787878531249999 0.3955078125 0.9757575453125 0.3994140625 0.9757575453125 0.4013671875 0.9727272390625 0.4091796875 0.9727272390625 0.4111328125 0.9696969328125 0.4189453125 0.9696969328125 0.4267578125 0.9818181593749999 0.4287109375 0.9818181593749999 0.4306640625 0.984848465625 0.4482421875 0.984848465625 0.4501953125 0.9818181593749999 0.4560546875 0.9818181593749999 0.458984375 0.9772726984375 0.458984375 0.9742423921875 0.4619140625 0.9696969328125 0.4697265625 0.9696969328125 0.4736328125 0.9757575453125 0.4755859375 0.9757575453125 0.4775390625 0.9787878531249999 0.4912109375 0.9787878531249999 0.4931640625 0.9757575453125 0.4990234375 0.9757575453125 0.5009765625 0.9727272390625 0.5029296875 0.9727272390625 0.5048828125 0.9696969328125 0.5126953125 0.9696969328125 0.5146484375 0.9727272390625 0.5166015625 0.9727272390625 0.5185546875 0.9757575453125 0.5400390625 0.9757575453125 0.5419921875 0.9727272390625 0.5439453125 0.9727272390625 0.5458984375 0.9696969328125 0.5537109375 0.9696969328125 0.5576171875 0.9757575453125 0.5849609375 0.9757575453125 0.5888671875 0.9696969328125 0.5908203125 0.9696969328125 0.5927734375 0.966666625 0.5966796875 0.966666625 0.6025390625 0.9757575453125 0.6083984375 0.9757575453125 0.6103515625 0.9787878531249999 0.6142578125 0.9787878531249999 0.6162109375 0.9757575453125 0.6201171875 0.9757575453125 0.6220703125 0.9727272390625 0.6279296875 0.9727272390625 0.6318359375 0.966666625 0.6337890625 0.966666625 0.6357421875 0.9636363187500001 0.6376953125 0.9636363187500001 0.642578125 0.9712120859375 0.642578125 0.9772726984375 0.6455078125 0.9818181593749999 0.6552734375 0.9818181593749999 0.6572265625 0.984848465625 0.6591796875 0.9818181593749999 0.6669921875 0.9818181593749999 0.673828125 0.9712120859375 0.673828125 0.9681817781250001 0.6748046875 0.966666625 0.6806640625 0.966666625 0.6845703125 0.9727272390625 0.7138671875 0.9727272390625 0.7158203125 0.9696969328125 0.7216796875 0.9696969328125 0.7236328125 0.9727272390625 0.7275390625 0.9727272390625 0.7294921875 0.9757575453125 0.7333984375 0.9757575453125 0.7353515625 0.9787878531249999 0.7490234375 0.9787878531249999 0.7509765625 0.9818181593749999 0.755859375 0.9742423921875 0.755859375 0.9712120859375 0.7568359375 0.9696969328125 0.7666015625 0.9696969328125 0.7685546875 0.9727272390625 0.7744140625 0.9727272390625 0.7763671875 0.9757575453125 0.7939453125 0.9757575453125 0.7958984375 0.9727272390625 0.8017578125 0.9727272390625 0.8037109375 0.9696969328125 0.8076171875 0.9696969328125 0.8095703125 0.966666625 0.8115234375 0.966666625 0.8134765625 0.9636363187500001 0.8193359375 0.9636363187500001 0.8212890625 0.966666625 0.8232421875 0.966666625 0.8251953125 0.9696969328125 0.8271484375 0.9696969328125 0.8291015625 0.9727272390625 0.8427734375 0.9727272390625 0.8447265625 0.9696969328125 0.8544921875 0.9696969328125 0.8583984375 0.9636363187500001 0.8662109375 0.9636363187500001 0.8681640625 0.966666625 0.8759765625 0.966666625 0.8779296875 0.9696969328125 0.8798828125 0.9696969328125 0.8818359375 0.9727272390625 0.8857421875 0.9727272390625 0.8876953125 0.9757575453125 0.8896484375 0.9757575453125 0.892578125 0.9712120859375 0.892578125 0.965151471875 0.8955078125 0.9606060125000001 0.8974609375 0.9606060125000001 0.8994140625 0.9575757046875 0.9013671875 0.9575757046875 0.9033203125 0.9606060125000001 0.9111328125 0.9606060125000001 0.9150390625 0.966666625 0.9189453125 0.966666625 0.921875 0.962121165625 0.921875 0.9560605515624999 0.9228515625 0.9545453984375 0.9365234375 0.9545453984375 0.9384765625 0.9575757046875 0.9462890625 0.9575757046875 0.9482421875 0.9606060125000001 0.9501953125 0.9606060125000001 0.9521484375 0.9636363187500001 0.9541015625 0.9606060125000001 0.9580078125 0.9606060125000001 0.958984375 0.9590908593749999 0.958984375 0.94696963125 0.95703125 0.943939325 0.95703125 0.9318180984375 0.9609375 0.9257574843749999 0.9609375 0.889393803125 0.958984375 0.886363496875 0.958984375 0.8833331890625 0.9609375 0.8803028828125001 0.9609375 0.8772725765624999 0.96484375 0.8712119625 0.96484375 0.8439392015625 0.962890625 0.84090889375 0.962890625 0.8287876671875001 0.9609375 0.8257573609375 0.9609375 0.8196967468749999 0.958984375 0.8166664406249999 0.958984375 0.813636134375 0.95703125 0.8106058265625 0.95703125 0.8045452140625 0.96484375 0.7924239859375 0.96484375 0.7772724515625 0.962890625 0.7742421453125 0.962890625 0.76818153125 0.95703125 0.7590906109375 0.95703125 0.746969384375 0.9609375 0.743939078125 0.9609375 0.740908771875 0.962890625 0.7378784640625 0.962890625 0.7348481578125 0.96484375 0.7318178515625 0.96484375 0.7227269296875 0.966796875 0.7196966234375 0.966796875 0.7166663171875001 0.96484375 0.7136360093749999 0.96484375 0.6984844765625 0.9619140625 0.693939015625 0.9599609375 0.693939015625 0.958984375 0.6924238625 0.958984375 0.68939355625 0.95703125 0.6863632484375 0.95703125 0.6803026359375 0.962890625 0.6712117156249999 0.962890625 0.6621207953125 0.96484375 0.6590904890625 0.96484375 0.65606018125 0.962890625 0.653029875 0.962890625 0.637878340625 0.9599609375 0.63333288125 0.9580078125 0.63333288125 0.95703125 0.6318177265625 0.95703125 0.62272680625 0.962890625 0.6136358859375 0.962890625 0.6075752734375001 0.96484375 0.6045449656249999 0.96484375 0.5924237390625 0.962890625 0.5893934328125 0.962890625 0.5863631265625 0.95703125 0.5772722046875 0.95703125 0.568181284375 0.9609375 0.562120671875 0.9609375 0.5560600578125 0.962890625 0.5530297515625 0.962890625 0.5469691375 0.9609375 0.54393883125 0.962890625 0.5409085234375001 0.962890625 0.5348479109375 0.955078125 0.522726684375 0.955078125 0.5136357625 0.9609375 0.5045448421875001 0.9609375 0.47727208125000004 0.958984375 0.47424177500000003 0.958984375 0.46212054843750006 0.955078125 0.456059934375 0.955078125 0.4409084 0.95703125 0.43787809375000003 0.95703125 0.4348477875 0.958984375 0.43181747968749995 0.958984375 0.4136356390625 0.95703125 0.4106053328125 0.95703125 0.40454471875 0.953125 0.39848410625 0.953125 0.3893931859375 0.958984375 0.380302265625 0.958984375 0.3712113453125 0.9609375 0.3681810375 0.9609375 0.3378779703125 0.958984375 0.3348476640625 0.958984375 0.33181735625000003 0.953125 0.3227264359375 0.953125 0.313635515625 0.958984375 0.3045445953125 0.95703125 0.3015142890625 0.95703125 0.2984839828125 0.958984375 0.29545367499999997 0.95703125 0.29242336875 0.95703125 0.2803021421875 0.955078125 0.27727183437499997 0.955078125 0.274241528125 0.953125 0.271211221875 0.953125 0.2621203015625 0.955078125 0.25908999375 0.955078125 0.25302938125 0.95703125 0.2499990734375 0.95703125 0.2136353921875 0.955078125 0.2106050859375 0.955078125 0.2075747796875 0.953125 0.20454447187499997 0.953125 0.18939293906250002 0.95703125 0.18333232500000002 0.955078125 0.18030201875000001 0.955078125 0.14999895000000002 0.953125 0.14696864375000002 0.953125 0.131817109375 0.955078125 0.128786803125 0.955078125 0.12575649687499998 0.95703125 0.12272618906249999 0.95703125 0.1106049625 0.955078125 0.10757465625 0.955078125 0.1045443484375 0.95703125 0.1015140421875 0.95703125 0.09848373593750001 0.955078125 0.09545342812499999 0.955078125 0.0863625078125 0.951171875 0.08030189531250001 0.951171875 0.0772715875 0.94921875 0.07424128125 0.951171875 0.071210975 0.951171875 0.0681806671875 0.953125 0.0651503609375 0.953125 0.059089746875 0.955078125 0.056059440625 0.955078125 0.0378776 0.953125 0.03484729375 0.953125 0.0318169859375 0.9521484375 0.030301832812500002 0.9423828125 0.030301832812500002 0.9345703125 0.042423059375 0.9287109375 0.042423059375 0.9267578125 0.039392753125 0.9033203125 0.039392753125 0.9013671875 0.042423059375 0.8935546875 0.042423059375 0.8916015625 0.039392753125 0.8837890625 0.039392753125 0.8818359375 0.036362446874999996 0.8603515625 0.036362446874999996 0.8583984375 0.039392753125 0.8544921875 0.039392753125 0.8525390625 0.042423059375 0.8505859375 0.039392753125 0.8486328125 0.039392753125 0.8447265625 0.033332140625 0.8154296875 0.033332140625 0.8134765625 0.036362446874999996 0.7939453125 0.036362446874999996 0.7919921875 0.039392753125 0.7841796875 0.039392753125 0.7822265625 0.042423059375 0.7802734375 0.042423059375 0.7783203125 0.0484836734375 0.7705078125 0.0484836734375 0.7666015625 0.042423059375 0.7626953125 0.042423059375 0.7607421875 0.039392753125 0.7431640625 0.039392753125 0.7412109375 0.042423059375 0.7314453125 0.042423059375 0.7255859375 0.033332140625 0.7119140625 0.033332140625 0.7099609375 0.036362446874999996 0.7060546875 0.036362446874999996 0.7041015625 0.039392753125 0.6962890625 0.039392753125 0.6923828125 0.033332140625 0.6904296875 0.033332140625 0.6884765625 0.030301832812500002 0.6865234375 0.033332140625 0.6767578125 0.033332140625 0.6748046875 0.030301832812500002 0.6708984375 0.030301832812500002 0.6689453125 0.033332140625 0.6669921875 0.033332140625 0.6650390625 0.036362446874999996 0.6572265625 0.036362446874999996 0.6552734375 0.033332140625 0.6533203125 0.033332140625 0.6513671875 0.030301832812500002 0.6435546875 0.030301832812500002 0.6416015625 0.0272715265625 0.6396484375 0.030301832812500002 0.6376953125 0.030301832812500002 0.6357421875 0.0272715265625 0.634765625 0.0287866796875 0.6337890625 0.030301832812500002 0.6279296875 0.030301832812500002 0.6259765625 0.033332140625 0.6240234375 0.033332140625 0.6181640625 0.042423059375 0.6142578125 0.042423059375 0.6123046875 0.039392753125 0.6103515625 0.039392753125
