2 0.05234375 0.090625 0.02265625 0.03984375
2 0.05078125 0.17421875 0.02265625 0.0328125
2 0.053125 0.23984375 0.0109375 0.03515625
2 0.059375 0.30859375 0.0234375 0.03125
2 0.05703125 0.53984375 0.02109375 0.03671875
2 0.05859375 0.59921875 0.01875 0.0296875
2 0.053125 0.68125 0.01328125 0.02578125
2 0.07421875 0.95234375 0.01328125 0.02265625
2 0.10390625 0.9515625 0.0171875 0.01875
2 0.15546875 0.96328125 0.01640625 0.0296875
2 0.2578125 0.9703125 0.015625 0.02109375
2 0.28359375 0.9671875 0.01875 0.02734375
2 0.365625 0.9671875 0.02109375 0.03515625
2 0.42265625 0.9671875 0.01484375 0.02109375
2 0.44453125 0.971875 0.01640625 0.02734375
2 0.52421875 0.96484375 0.02109375 0.02421875
2 0.55546875 0.96796875 0.01484375 0.02265625
2 0.58046875 0.9671875 0.0125 0.02421875
2 0.60390625 0.96796875 0.01875 0.02578125
2 0.63671875 0.971875 0.0171875 0.02109375
2 0.91640625 0.0640625 0.01796875 0.02734375
0 0.0537109375 0.9648350328124999 0.2919921875 0.9770481359375 0.9287109375 0.9801014109375 0.9521484375 0.9739948593750001 0.9560546875 0.970941584375 0.9609375 0.9633083953125 0.966796875 0.94498874375 0.96875 0.9327756421875 0.9765625 0.67630050625 0.986328125 0.108391278125 0.984375 0.0931249 0.9736328125 0.0763318859375 0.9541015625 0.058012232812499995 0.9482421875 0.0549589578125 0.3681640625 0.030532754687500004 0.1142578125 0.030532754687500004 0.0654296875 0.04579913125 0.0595703125 0.04885240625 0.052734375 0.059538870312500006 0.046875 0.108391278125 0.044921875 0.14197730625 0.044921875 0.9510952937500001 0.046875 0.9572018453125001 0.0537109375 0.9648350328124999
