2 0.84453125 0.878125 0.01875 0.021875
2 0.8171875 0.8828125 0.0140625 0.021875
2 0.596875 0.87421875 0.0140625 0.0140625
2 0.52734375 0.87421875 0.015625 0.0125
2 0.4875 0.87109375 0.01875 0.015625
2 0.4515625 0.87109375 0.01875 0.0171875
2 0.384375 0.8703125 0.015625 0.0140625
2 0.346875 0.87109375 0.0140625 0.0140625
2 0.31484375 0.86796875 0.015625 0.015625
2 0.27578125 0.86640625 0.01875 0.0203125
2 0.13828125 0.86953125 0.0125 0.01875
2 0.17421875 0.8703125 0.015625 0.0171875
2 0.15078125 0.24453125 0.009375 0.01875
2 0.14609375 0.1890625 0.0125 0.01875
2 0.89609375 0.19296875 0.0140625 0.021875
2 0.90078125 0.23984375 0.009375 0.021875
2 0.9 0.28828125 0.0125 0.01875
2 0.90078125 0.340625 0.0140625 0.021875
2 0.896875 0.38203125 0.015625 0.0171875
2 0.896875 0.4453125 0.015625 0.021875
2 0.89765625 0.49140625 0.0125 0.021875
2 0.89765625 0.5421875 0.009375 0.021875
2 0.896875 0.62734375 0.0125 0.021875
2 0.896875 0.67734375 0.0125 0.021875
2 0.89375 0.72734375 0.0140625 0.0203125
2 0.89375 0.77109375 0.009375 0.01875
2 0.89609375 0.82890625 0.0109375 0.0265625
0 0.1484375 0.15478515625 0.146484375 0.15771484375 0.146484375 0.16650390625 0.14453125 0.16943359375 0.14453125 0.17529296875 0.1484375 0.18115234375 0.1484375 0.18408203125 0.150390625 0.18701171875 0.150390625 0.19287109375 0.1484375 0.19580078125 0.1484375 0.22509765625 0.1494140625 0.2265625 0.1513671875 0.2265625 0.154296875 0.23095703125 0.154296875 0.24853515625 0.150390625 0.25439453125 0.150390625 0.26904296875 0.1484375 0.27197265625 0.1484375 0.28369140625 0.146484375 0.28662109375 0.146484375 0.29541015625 0.14453125 0.29833984375 0.14453125 0.33056640625 0.146484375 0.33349609375 0.146484375 0.34814453125 0.14453125 0.35107421875 0.14453125 0.35693359375 0.142578125 0.35986328125 0.142578125 0.37158203125 0.140625 0.37451171875 0.140625 0.38330078125 0.142578125 0.38623046875 0.142578125 0.39208984375 0.140625 0.39501953125 0.140625 0.43310546875 0.142578125 0.43603515625 0.142578125 0.44482421875 0.140625 0.44775390625 0.140625 0.45068359375 0.138671875 0.45361328125 0.138671875 0.46533203125 0.13671875 0.46826171875 0.13671875 0.48876953125 0.134765625 0.49169921875 0.134765625 0.50048828125 0.13671875 0.50341796875 0.13671875 0.55615234375 0.138671875 0.55908203125 0.138671875 0.57080078125 0.13671875 0.57373046875 0.13671875 0.60009765625 0.134765625 0.60302734375 0.134765625 0.60888671875 0.13671875 0.61181640625 0.13671875 0.64111328125 0.134765625 0.64404296875 0.134765625 0.64697265625 0.1328125 0.64990234375 0.1328125 0.66748046875 0.134765625 0.67041015625 0.134765625 0.69970703125 0.1328125 0.70263671875 0.1328125 0.71728515625 0.134765625 0.72021484375 0.134765625 0.74072265625 0.13671875 0.74365234375 0.13671875 0.75537109375 0.134765625 0.75830078125 0.134765625 0.82861328125 0.1328125 0.83154296875 0.1328125 0.85205078125 0.134765625 0.85498046875 0.134765625 0.85791015625 0.1357421875 0.859375 0.1396484375 0.859375 0.140625 0.86083984375 0.140625 0.86376953125 0.1455078125 0.87109375 0.1474609375 0.87109375 0.1494140625 0.8740234375 0.1533203125 0.8740234375 0.1552734375 0.87109375 0.1669921875 0.87109375 0.1708984375 0.865234375 0.1767578125 0.865234375 0.1806640625 0.87109375 0.1904296875 0.87109375 0.1923828125 0.8681640625 0.2021484375 0.8681640625 0.203125 0.86669921875 0.203125 0.86376953125 0.2041015625 0.8623046875 0.2197265625 0.8623046875 0.2216796875 0.865234375 0.2470703125 0.865234375 0.2509765625 0.87109375 0.2705078125 0.87109375 0.2744140625 0.865234375 0.2783203125 0.865234375 0.2822265625 0.87109375 0.3017578125 0.87109375 0.3037109375 0.8681640625 0.3056640625 0.8681640625 0.306640625 0.86669921875 0.306640625 0.86376953125 0.3076171875 0.8623046875 0.3193359375 0.8623046875 0.3203125 0.86376953125 0.3203125 0.86962890625 0.3212890625 0.87109375 0.3388671875 0.87109375 0.3408203125 0.8681640625 0.3505859375 0.8681640625 0.3525390625 0.87109375 0.3759765625 0.87109375 0.3779296875 0.8681640625 0.3798828125 0.8681640625 0.3818359375 0.865234375 0.3837890625 0.865234375 0.3857421875 0.8681640625 0.3876953125 0.8681640625 0.3896484375 0.87109375 0.3916015625 0.87109375 0.3935546875 0.8740234375 0.4072265625 0.8740234375 0.4091796875 0.876953125 0.4287109375 0.876953125 0.4306640625 0.8740234375 0.4384765625 0.8740234375 0.4404296875 0.87109375 0.4443359375 0.87109375 0.4462890625 0.8681640625 0.4560546875 0.8681640625 0.4580078125 0.87109375 0.4814453125 0.87109375 0.4833984375 0.8681640625 0.4912109375 0.8681640625 0.4931640625 0.87109375 0.4990234375 0.87109375 0.5009765625 0.8740234375 0.5205078125 0.8740234375 0.5224609375 0.87109375 0.5244140625 0.87109375 0.5263671875 0.8681640625 0.5283203125 0.87109375 0.5302734375 0.87109375 0.5322265625 0.8740234375 0.5888671875 0.8740234375 0.5908203125 0.87109375 0.5927734375 0.87109375 0.5947265625 0.8681640625 0.5986328125 0.8681640625 0.6005859375 0.87109375 0.6044921875 0.87109375 0.6064453125 0.8740234375 0.6201171875 0.8740234375 0.6220703125 0.87109375 0.6259765625 0.87109375 0.6279296875 0.8681640625 0.6318359375 0.8681640625 0.6337890625 0.87109375 0.6416015625 0.87109375 0.6435546875 0.8740234375 0.6591796875 0.8740234375 0.6611328125 0.87109375 0.6630859375 0.8740234375 0.6689453125 0.8740234375 0.6708984375 0.876953125 0.6865234375 0.876953125 0.6884765625 0.8798828125 0.6962890625 0.8798828125 0.6982421875 0.8828125 0.7041015625 0.8828125 0.7060546875 0.8857421875 0.7177734375 0.8857421875 0.7197265625 0.8828125 0.7275390625 0.8828125 0.7294921875 0.8798828125 0.7333984375 0.8798828125 0.7353515625 0.8828125 0.7685546875 0.8828125 0.7705078125 0.8798828125 0.7724609375 0.8798828125 0.7744140625 0.876953125 0.7958984375 0.876953125 0.7978515625 0.8798828125 0.8056640625 0.8798828125 0.8076171875 0.876953125 0.8193359375 0.876953125 0.8212890625 0.8798828125 0.8232421875 0.8798828125 0.8251953125 0.8828125 0.8388671875 0.8828125 0.841796875 0.87841796875 0.841796875 0.87548828125 0.8427734375 0.8740234375 0.8486328125 0.8740234375 0.8525390625 0.8798828125 0.8603515625 0.8798828125 0.8623046875 0.876953125 0.8740234375 0.876953125 0.8759765625 0.8740234375 0.8779296875 0.8740234375 0.8798828125 0.87109375 0.8857421875 0.87109375 0.8896484375 0.865234375 0.8916015625 0.865234375 0.896484375 0.85791015625 0.896484375 0.84912109375 0.8984375 0.84619140625 0.8984375 0.84326171875 0.896484375 0.84033203125 0.896484375 0.83740234375 0.89453125 0.83447265625 0.89453125 0.82275390625 0.8984375 0.81689453125 0.8984375 0.81396484375 0.900390625 0.81103515625 0.900390625 0.80517578125 0.8984375 0.80224609375 0.900390625 0.79931640625 0.8984375 0.79638671875 0.8984375 0.79345703125 0.896484375 0.79052734375 0.896484375 0.78759765625 0.892578125 0.78173828125 0.892578125 0.77880859375 0.890625 0.77587890625 0.890625 0.76708984375 0.892578125 0.76416015625 0.892578125 0.76123046875 0.89453125 0.75830078125 0.89453125 0.74072265625 0.892578125 0.73779296875 0.892578125 0.73486328125 0.890625 0.73193359375 0.890625 0.72900390625 0.892578125 0.72607421875 0.892578125 0.72314453125 0.8935546875 0.7216796875 0.8955078125 0.7216796875 0.8984375 0.71728515625 0.8984375 0.70263671875 0.900390625 0.69970703125 0.900390625 0.69677734375 0.8984375 0.69384765625 0.8984375 0.68505859375 0.89453125 0.67919921875 0.89453125 0.67041015625 0.8984375 0.66455078125 0.8984375 0.64111328125 0.896484375 0.63818359375 0.896484375 0.63525390625 0.892578125 0.62939453125 0.892578125 0.62353515625 0.8955078125 0.619140625 0.8974609375 0.619140625 0.900390625 0.61474609375 0.900390625 0.59130859375 0.896484375 0.58544921875 0.8984375 0.58251953125 0.8984375 0.55322265625 0.896484375 0.55029296875 0.896484375 0.54736328125 0.89453125 0.54443359375 0.89453125 0.53857421875 0.896484375 0.53564453125 0.896484375 0.53271484375 0.8984375 0.52978515625 0.8984375 0.52685546875 0.900390625 0.52392578125 0.900390625 0.50634765625 0.8984375 0.50341796875 0.8984375 0.50048828125 0.89453125 0.49462890625 0.89453125 0.49169921875 0.892578125 0.48876953125 0.8974609375 0.4814453125 0.8994140625 0.4814453125 0.900390625 0.47998046875 0.900390625 0.45947265625 0.8955078125 0.4521484375 0.8935546875 0.4521484375 0.892578125 0.45068359375 0.892578125 0.44775390625 0.890625 0.44482421875 0.8955078125 0.4375 0.8994140625 0.4375 0.90234375 0.43310546875 0.90234375 0.40087890625 0.900390625 0.39794921875 0.900390625 0.39501953125 0.8955078125 0.3876953125 0.8935546875 0.3876953125 0.892578125 0.38623046875 0.892578125 0.37744140625 0.8935546875 0.3759765625 0.8955078125 0.3759765625 0.8974609375 0.373046875 0.8994140625 0.373046875 0.900390625 0.37158203125 0.900390625 0.36865234375 0.90234375 0.36572265625 0.90234375 0.35400390625 0.900390625 0.35107421875 0.900390625 0.34814453125 0.8984375 0.34521484375 0.8984375 0.34228515625 0.896484375 0.33935546875 0.8994140625 0.3349609375 0.9013671875 0.3349609375 0.904296875 0.33056640625 0.904296875 0.30712890625 0.90234375 0.30419921875 0.90234375 0.29833984375 0.8984375 0.29248046875 0.8984375 0.28369140625 0.900390625 0.28076171875 0.900390625 0.27783203125 0.90234375 0.27490234375 0.90234375 0.25146484375 0.900390625 0.24853515625 0.900390625 0.24560546875 0.8984375 0.24267578125 0.8984375 0.23681640625 0.900390625 0.23388671875 0.900390625 0.22802734375 0.90234375 0.22509765625 0.90234375 0.22216796875 0.900390625 0.21923828125 0.900390625 0.19873046875 0.8984375 0.19580078125 0.900390625 0.19287109375 0.900390625 0.18994140625 0.90234375 0.18701171875 0.90234375 0.16064453125 0.8994140625 0.15625 0.8935546875 0.15625 0.8916015625 0.1591796875 0.8896484375 0.1591796875 0.8876953125 0.162109375 0.8251953125 0.162109375 0.8232421875 0.1591796875 0.7861328125 0.1591796875 0.7841796875 0.162109375 0.7685546875 0.162109375 0.7666015625 0.1650390625 0.7607421875 0.1650390625 0.7587890625 0.16796875 0.7529296875 0.16796875 0.7490234375 0.162109375 0.7392578125 0.162109375 0.7373046875 0.1591796875 0.7255859375 0.1591796875 0.7236328125 0.15625 0.7158203125 0.15625 0.7138671875 0.1533203125 0.6943359375 0.1533203125 0.6904296875 0.1474609375 0.6884765625 0.1474609375 0.6865234375 0.14453125 0.6669921875 0.14453125 0.6650390625 0.1474609375 0.6591796875 0.1474609375 0.6572265625 0.14453125 0.6435546875 0.14453125 0.6416015625 0.1474609375 0.6396484375 0.14453125 0.6376953125 0.1474609375 0.6298828125 0.1474609375 0.6279296875 0.150390625 0.6201171875 0.150390625 0.6181640625 0.1474609375 0.6025390625 0.1474609375 0.6005859375 0.150390625 0.5712890625 0.150390625 0.5693359375 0.1474609375 0.5556640625 0.1474609375 0.5537109375 0.14453125 0.5380859375 0.14453125 0.5361328125 0.1474609375 0.5302734375 0.1474609375 0.5283203125 0.14453125 0.5107421875 0.14453125 0.5087890625 0.1474609375 0.5009765625 0.1474609375 0.4990234375 0.150390625 0.4931640625 0.150390625 0.4892578125 0.14453125 0.4599609375 0.14453125 0.4580078125 0.1474609375 0.4501953125 0.1474609375 0.4482421875 0.14453125 0.4345703125 0.14453125 0.4326171875 0.1474609375 0.4267578125 0.1474609375 0.4248046875 0.14453125 0.4208984375 0.14453125 0.4189453125 0.1416015625 0.3916015625 0.1416015625 0.3896484375 0.14453125 0.3837890625 0.14453125 0.3818359375 0.1416015625 0.3525390625 0.1416015625 0.3505859375 0.138671875 0.3486328125 0.138671875 0.3466796875 0.1416015625 0.3330078125 0.1416015625 0.3310546875 0.14453125 0.3134765625 0.14453125 0.3115234375 0.1416015625 0.2978515625 0.1416015625 0.2958984375 0.138671875 0.2880859375 0.138671875 0.2861328125 0.1416015625 0.2705078125 0.1416015625 0.2685546875 0.138671875 0.2548828125 0.138671875 0.2529296875 0.1416015625 0.2177734375 0.1416015625 0.2158203125 0.14453125 0.1904296875 0.14453125 0.1884765625 0.1416015625 0.1806640625 0.1416015625 0.1787109375 0.138671875 0.1767578125 0.138671875 0.17578125 0.14013671875 0.1748046875 0.1416015625 0.1669921875 0.1416015625 0.1650390625 0.14453125 0.1552734375 0.14453125 0.1533203125 0.1474609375 0.1513671875 0.1474609375 0.1484375 0.15185546875 0.1484375 0.15478515625
