0 0.484375 0.49140625 0.9484375 0.9625
2 0.94296875 0.91484375 0.015625 0.01875
2 0.94453125 0.825 0.0125 0.01875
2 0.93046875 0.6890625 0.0171875 0.0203125
2 0.94140625 0.46484375 0.0125 0.0234375
2 0.93515625 0.396875 0.015625 0.0265625
2 0.94921875 0.1765625 0.0125 0.025
2 0.92265625 0.059375 0.0125 0.01875
2 0.8953125 0.0609375 0.0125 0.0171875
2 0.796875 0.0375 0.015625 0.01875
2 0.71953125 0.0390625 0.0140625 0.021875
2 0.6328125 0.03671875 0.015625 0.021875
2 0.50078125 0.0359375 0.015625 0.01875
2 0.475 0.0375 0.0140625 0.01875
2 0.4421875 0.0359375 0.015625 0.01875
2 0.23125 0.0296875 0.0125 0.01875
2 0.1421875 0.02421875 0.0109375 0.015625
2 0.09296875 0.01484375 0.0125 0.015625
2 0.025 0.4296875 0.0125 0.021875
2 0.02421875 0.559375 0.0125 0.025
2 0.18359375 0.91953125 0.021875 0.025
