0 0.5140625 0.51640625 0.94296875 0.93203125
2 0.9765625 0.3515625 0.0140625 0.02578125
2 0.9734375 0.42734375 0.01328125 0.02734375
2 0.9734375 0.49375 0.01328125 0.02734375
2 0.97578125 0.7078125 0.0109375 0.0296875
2 0.86953125 0.96171875 0.01484375 0.02109375
2 0.78046875 0.9609375 0.01796875 0.02109375
2 0.378125 0.96875 0.02109375 0.02109375
2 0.053125 0.90625 0.0125 0.02734375
2 0.0578125 0.85078125 0.0171875 0.02890625
2 0.0609375 0.7796875 0.01640625 0.03046875
2 0.06953125 0.62890625 0.01953125 0.02890625
2 0.0625 0.56015625 0.0140625 0.02109375
2 0.0703125 0.3375 0.01484375 0.02421875
2 0.0546875 0.26171875 0.01484375 0.02578125
2 0.05234375 0.11484375 0.01484375 0.02109375
2 0.025 0.33515625 0.028125 0.00625
