0 0.5125 0.50625 0.946875 0.9609375
2 0.0515625 0.08515625 0.015625 0.0265625
2 0.0625 0.3140625 0.01875 0.0265625
2 0.05546875 0.53515625 0.0125 0.03125
2 0.0578125 0.603125 0.01875 0.0265625
2 0.05234375 0.68203125 0.0171875 0.0296875
2 0.0515625 0.7546875 0.015625 0.0265625
2 0.04921875 0.82578125 0.015625 0.0203125
2 0.07421875 0.94453125 0.015625 0.021875
2 0.36640625 0.96484375 0.015625 0.0234375
2 0.42109375 0.9640625 0.0125 0.01875
2 0.496875 0.96640625 0.0140625 0.021875
2 0.52265625 0.96484375 0.0140625 0.01875
2 0.5546875 0.96640625 0.01875 0.0203125
2 0.684375 0.9703125 0.0140625 0.0171875
2 0.9671875 0.84296875 0.0109375 0.0234375
2 0.96953125 0.71484375 0.0125 0.025
2 0.91796875 0.0734375 0.0125 0.01875
