2 0.9453125 0.97421875 0.0140625 0.0203125
2 0.9015625 0.975 0.01875 0.025
2 0.76640625 0.97890625 0.03125 0.0234375
2 0.5984375 0.9828125 0.01875 0.034375
2 0.51328125 0.98125 0.025 0.025
2 0.553125 0.98203125 0.028125 0.0234375
2 0.46796875 0.98359375 0.021875 0.0203125
2 0.42265625 0.9890625 0.0234375 0.021875
2 0.375 0.9875 0.028125 0.025
2 0.33828125 0.9859375 0.021875 0.028125
2 0.29453125 0.9859375 0.021875 0.021875
2 0.2546875 0.9859375 0.0171875 0.01875
2 0.2125 0.98203125 0.0234375 0.0234375
2 0.17265625 0.98359375 0.0140625 0.0171875
2 0.12578125 0.9828125 0.0171875 0.021875
2 0.03203125 0.753125 0.0125 0.028125
2 0.03359375 0.36796875 0.0234375 0.03125
2 0.03828125 0.309375 0.0171875 0.028125
2 0.03984375 0.1109375 0.0171875 0.0296875
2 0.19921875 0.05 0.0125 0.01875
2 0.25078125 0.0453125 0.01875 0.01875
2 0.46171875 0.04375 0.015625 0.021875
2 0.50703125 0.0375 0.021875 0.028125
2 0.54140625 0.04140625 0.015625 0.0203125
2 0.58828125 0.0359375 0.015625 0.034375
2 0.625 0.0359375 0.021875 0.021875
2 0.66640625 0.03828125 0.01875 0.0296875
2 0.70546875 0.03671875 0.021875 0.0234375
2 0.7421875 0.04140625 0.0203125 0.0265625
2 0.78203125 0.04296875 0.021875 0.0296875
2 0.9390625 0.040625 0.0140625 0.034375
2 0.9671875 0.8125 0.0125 0.0265625
2 0.96875 0.76171875 0.0140625 0.028125
2 0.9640625 0.5265625 0.015625 0.0375
2 0.96171875 0.2703125 0.0171875 0.0296875
0 0.6142578125 0.039392753125 0.6123046875 0.036362446874999996 0.5966796875 0.036362446874999996 0.5947265625 0.039392753125 0.5927734375 0.039392753125 0.5888671875 0.045453367187499996 0.5830078125 0.045453367187499996 0.5810546875 0.042423059375 0.5439453125 0.042423059375 0.5419921875 0.045453367187499996 0.5380859375 0.045453367187499996 0.5361328125 0.042423059375 0.5341796875 0.042423059375 0.5322265625 0.039392753125 0.5224609375 0.039392753125 0.5205078125 0.036362446874999996 0.5166015625 0.036362446874999996 0.5126953125 0.042423059375 0.5107421875 0.042423059375 0.5087890625 0.045453367187499996 0.5009765625 0.045453367187499996 0.4970703125 0.039392753125 0.4912109375 0.039392753125 0.4892578125 0.036362446874999996 0.4775390625 0.036362446874999996 0.4755859375 0.039392753125 0.4697265625 0.039392753125 0.4658203125 0.045453367187499996 0.4580078125 0.045453367187499996 0.4541015625 0.039392753125 0.4306640625 0.039392753125 0.4287109375 0.042423059375 0.4189453125 0.042423059375 0.4169921875 0.045453367187499996 0.4091796875 0.045453367187499996 0.4072265625 0.042423059375 0.3896484375 0.042423059375 0.3857421875 0.0484836734375 0.3779296875 0.0484836734375 0.3740234375 0.042423059375 0.3408203125 0.042423059375 0.3388671875 0.045453367187499996 0.3369140625 0.045453367187499996 0.3349609375 0.0484836734375 0.3291015625 0.0484836734375 0.3271484375 0.045453367187499996 0.3056640625 0.045453367187499996 0.3037109375 0.0484836734375 0.2978515625 0.0484836734375 0.2958984375 0.045453367187499996 0.2939453125 0.045453367187499996 0.2919921875 0.042423059375 0.2802734375 0.042423059375 0.2783203125 0.039392753125 0.2763671875 0.042423059375 0.2607421875 0.042423059375 0.2587890625 0.045453367187499996 0.2568359375 0.045453367187499996 0.2548828125 0.0484836734375 0.2470703125 0.0484836734375 0.2451171875 0.045453367187499996 0.2353515625 0.045453367187499996 0.2333984375 0.042423059375 0.2314453125 0.042423059375 0.2294921875 0.045453367187499996 0.2275390625 0.045453367187499996 0.2255859375 0.042423059375 0.2216796875 0.042423059375 0.2197265625 0.045453367187499996 0.2060546875 0.045453367187499996 0.2021484375 0.0515139796875 0.1904296875 0.0515139796875 0.1884765625 0.0484836734375 0.1787109375 0.0484836734375 0.1767578125 0.0515139796875 0.1630859375 0.0515139796875 0.1611328125 0.0545442875 0.1591796875 0.0515139796875 0.1572265625 0.0515139796875 0.1552734375 0.0484836734375 0.1396484375 0.0484836734375 0.1376953125 0.0515139796875 0.1337890625 0.0515139796875 0.1318359375 0.0484836734375 0.1298828125 0.0484836734375 0.1279296875 0.0515139796875 0.1240234375 0.0515139796875 0.1220703125 0.0545442875 0.0947265625 0.0545442875 0.0927734375 0.0515139796875 0.0908203125 0.0515139796875 0.0888671875 0.0545442875 0.0869140625 0.0545442875 0.0849609375 0.05757459375 0.0810546875 0.05757459375 0.0791015625 0.0545442875 0.0771484375 0.0545442875 0.0751953125 0.0515139796875 0.0732421875 0.0515139796875 0.0712890625 0.0484836734375 0.0537109375 0.0484836734375 0.0517578125 0.0515139796875 0.0458984375 0.0515139796875 0.0390625 0.0621200546875 0.0390625 0.071210975 0.037109375 0.07424128125 0.037109375 0.0772715875 0.0390625 0.08030189531250001 0.0390625 0.09848373593750001 0.04296875 0.1045443484375 0.04296875 0.11666557656250001 0.041015625 0.11969588281250002 0.041015625 0.12272618906249999 0.0390625 0.12575649687499998 0.041015625 0.128786803125 0.041015625 0.1409080296875 0.04296875 0.1439383375 0.041015625 0.14696864375000002 0.041015625 0.14999895000000002 0.04296875 0.1530292578125 0.04296875 0.168180790625 0.044921875 0.1712110984375 0.044921875 0.21969600625000002 0.04296875 0.2227263125 0.04296875 0.234847540625 0.041015625 0.23787784687500002 0.041015625 0.2469687671875 0.037109375 0.25302938125 0.037109375 0.29545367499999997 0.041015625 0.3015142890625 0.041015625 0.3045445953125 0.0390625 0.307574903125 0.0390625 0.31060520937499997 0.0380859375 0.3121203625 0.0361328125 0.3121203625 0.03125 0.3196961296875 0.03125 0.32878704999999997 0.033203125 0.33181735625000003 0.033203125 0.34393858437499997 0.03515625 0.346968890625 0.03515625 0.3590901171875 0.037109375 0.36212042499999997 0.037109375 0.3681810375 0.03515625 0.3712113453125 0.03515625 0.3742416515625 0.0341796875 0.3757568046875 0.0322265625 0.3757568046875 0.03125 0.377271959375 0.03125 0.380302265625 0.029296875 0.38333257187499997 0.029296875 0.40454471875 0.033203125 0.4106053328125 0.033203125 0.4136356390625 0.03515625 0.41666594687499997 0.03515625 0.419696253125 0.037109375 0.42272655937500003 0.037109375 0.4409084 0.0390625 0.4439387078125 0.0390625 0.4651508546875 0.041015625 0.4681811609375 0.041015625 0.47424177500000003 0.0390625 0.47727208125000004 0.0390625 0.48939330937500003 0.037109375 0.49242361562500003 0.037109375 0.49848422968749995 0.03515625 0.5015145359375001 0.03515625 0.5136357625 0.037109375 0.5166660703125 0.03515625 0.5196963765625 0.03515625 0.5378782171875 0.033203125 0.5409085234375001 0.033203125 0.54393883125 0.037109375 0.54999944375 0.037109375 0.5590903640625 0.03515625 0.562120671875 0.03515625 0.5651509781249999 0.033203125 0.568181284375 0.033203125 0.6136358859375 0.03515625 0.61666619375 0.03515625 0.6196965 0.037109375 0.62272680625 0.037109375 0.6318177265625 0.0390625 0.634848034375 0.0390625 0.6499995671875001 0.041015625 0.653029875 0.041015625 0.6863632484375 0.0390625 0.68939355625 0.0390625 0.69545416875 0.037109375 0.6984844765625 0.037109375 0.7015147828125 0.03515625 0.7045450890625 0.03515625 0.7166663171875001 0.033203125 0.7196966234375 0.033203125 0.740908771875 0.03515625 0.743939078125 0.03515625 0.746969384375 0.037109375 0.7499996906249999 0.037109375 0.7530299984375 0.03515625 0.7560603046875001 0.03515625 0.76212091875 0.033203125 0.765151225 0.033203125 0.7772724515625 0.03515625 0.780302759375 0.03515625 0.813636134375 0.037109375 0.8166664406249999 0.037109375 0.8287876671875001 0.033203125 0.83484828125 0.033203125 0.8651513484375 0.03515625 0.86818165625 0.03515625 0.8712119625 0.037109375 0.87424226875 0.037109375 0.8833331890625 0.0390625 0.886363496875 0.0390625 0.889393803125 0.037109375 0.892424109375 0.037109375 0.8954544156249999 0.0390625 0.8984847234375 0.0390625 0.9166665640625 0.041015625 0.9196968703125 0.041015625 0.9257574843749999 0.0390625 0.9287877906249999 0.0390625 0.9530302453124999 0.037109375 0.9560605515624999 0.0390625 0.9590908593749999 0.0390625 0.962121165625 0.037109375 0.965151471875 0.037109375 0.9681817781250001 0.0390625 0.9712120859375 0.0390625 0.9742423921875 0.0400390625 0.9757575453125 0.0419921875 0.9757575453125 0.0439453125 0.9787878531249999 0.0458984375 0.9787878531249999 0.046875 0.98030300625 0.046875 0.9833333124999999 0.0478515625 0.984848465625 0.0498046875 0.984848465625 0.0517578125 0.9878787734375001 0.0615234375 0.9878787734375001 0.0634765625 0.984848465625 0.0654296875 0.984848465625 0.0673828125 0.9878787734375001 0.0771484375 0.9878787734375001 0.080078125 0.9833333124999999 0.080078125 0.98030300625 0.0810546875 0.9787878531249999 0.0947265625 0.9787878531249999 0.0966796875 0.9818181593749999 0.1005859375 0.9818181593749999 0.1025390625 0.984848465625 0.1064453125 0.984848465625 0.1083984375 0.9818181593749999 0.1162109375 0.9818181593749999 0.1181640625 0.9787878531249999 0.1298828125 0.9787878531249999 0.1318359375 0.9818181593749999 0.1376953125 0.9818181593749999 0.1396484375 0.984848465625 0.1416015625 0.9818181593749999 0.1435546875 0.984848465625 0.1611328125 0.984848465625 0.1650390625 0.9787878531249999 0.1767578125 0.9787878531249999 0.1787109375 0.9818181593749999 0.1826171875 0.9818181593749999 0.1845703125 0.9787878531249999 0.2060546875 0.9787878531249999 0.2080078125 0.9757575453125 0.2119140625 0.9757575453125 0.2138671875 0.9787878531249999 0.2158203125 0.9787878531249999 0.2197265625 0.984848465625 0.2392578125 0.984848465625 0.2431640625 0.9787878531249999 0.2607421875 0.9787878531249999 0.2666015625 0.9878787734375001 0.2802734375 0.9878787734375001 0.2822265625 0.984848465625 0.2861328125 0.984848465625 0.2900390625 0.9787878531249999 0.2958984375 0.9787878531249999 0.2978515625 0.9818181593749999 0.2998046875 0.9818181593749999 0.3017578125 0.984848465625 0.3134765625 0.984848465625 0.3154296875 0.9818181593749999 0.3310546875 0.9818181593749999 0.3330078125 0.9787878531249999 0.3408203125 0.9787878531249999 0.3486328125 0.9909090796875001 0.3623046875 0.9909090796875001 0.365234375 0.9863636187499999 0.365234375 0.9833333124999999 0.3662109375 0.9818181593749999 0.3681640625 0.9818181593749999 0.3701171875 0.9787878531249999 0.3740234375 0.9787878531249999 0.3818359375 0.9909090796875001 0.4013671875 0.9909090796875001 0.4033203125 0.9878787734375001 0.4111328125 0.9878787734375001 0.4169921875 0.9787878531249999 0.4267578125 0.9787878531249999 0.4296875 0.9833333124999999 0.4296875 0.9863636187499999 0.4306640625 0.9878787734375001 0.4599609375 0.9878787734375001 0.4658203125 0.9787878531249999 0.4697265625 0.9787878531249999 0.4716796875 0.9757575453125 0.4736328125 0.9787878531249999 0.4755859375 0.9787878531249999 0.4794921875 0.984848465625 0.4833984375 0.984848465625 0.4853515625 0.9818181593749999 0.4931640625 0.9818181593749999 0.4951171875 0.9787878531249999 0.5068359375 0.9787878531249999 0.5087890625 0.9757575453125 0.5166015625 0.9757575453125 0.5185546875 0.9787878531249999 0.5205078125 0.9787878531249999 0.5224609375 0.9818181593749999 0.5244140625 0.9787878531249999 0.5263671875 0.9787878531249999 0.5283203125 0.9818181593749999 0.5341796875 0.9818181593749999 0.5361328125 0.984848465625 0.5380859375 0.984848465625 0.5400390625 0.9818181593749999 0.5458984375 0.9818181593749999 0.5478515625 0.9787878531249999 0.5498046875 0.9787878531249999 0.5517578125 0.9757575453125 0.5576171875 0.9757575453125 0.5595703125 0.9787878531249999 0.5927734375 0.9787878531249999 0.5947265625 0.9757575453125 0.6044921875 0.9757575453125 0.6064453125 0.9787878531249999 0.6318359375 0.9787878531249999 0.6337890625 0.9757575453125 0.6376953125 0.9757575453125 0.6396484375 0.9727272390625 0.6435546875 0.9727272390625 0.6455078125 0.9757575453125 0.6669921875 0.9757575453125 0.6689453125 0.9727272390625 0.6748046875 0.9727272390625 0.6767578125 0.9757575453125 0.6826171875 0.9757575453125 0.6845703125 0.9727272390625 0.6865234375 0.9757575453125 0.6884765625 0.9757575453125 0.6904296875 0.9787878531249999 0.6923828125 0.9787878531249999 0.6943359375 0.9818181593749999 0.7119140625 0.9818181593749999 0.7138671875 0.9787878531249999 0.7216796875 0.9787878531249999 0.7236328125 0.9757575453125 0.7255859375 0.9757575453125 0.7275390625 0.9787878531249999 0.7607421875 0.9787878531249999 0.7626953125 0.9757575453125 0.7685546875 0.9757575453125 0.7705078125 0.9787878531249999 0.7880859375 0.9787878531249999 0.7900390625 0.9757575453125 0.8134765625 0.9757575453125 0.8154296875 0.9727272390625 0.8173828125 0.9727272390625 0.8193359375 0.9696969328125 0.8251953125 0.9696969328125 0.8271484375 0.9727272390625 0.8291015625 0.9727272390625 0.8310546875 0.9757575453125 0.8330078125 0.9727272390625 0.8388671875 0.9727272390625 0.8408203125 0.9757575453125 0.8583984375 0.9757575453125 0.8603515625 0.9727272390625 0.8623046875 0.9727272390625 0.8642578125 0.9696969328125 0.8662109375 0.9696969328125 0.8681640625 0.9727272390625 0.8720703125 0.9727272390625 0.8740234375 0.9757575453125 0.8818359375 0.9757575453125 0.8837890625 0.9727272390625 0.8876953125 0.9727272390625 0.8896484375 0.9696969328125 0.8955078125 0.9696969328125 0.8974609375 0.966666625 0.9072265625 0.966666625 0.9091796875 0.9696969328125 0.9111328125 0.9696969328125 0.9150390625 0.9757575453125 0.9365234375 0.9757575453125 0.9404296875 0.9696969328125 0.9423828125 0.9696969328125 0.9443359375 0.966666625 0.9462890625 0.966666625 0.9482421875 0.9636363187500001 0.9501953125 0.966666625 0.9521484375 0.966666625 0.9541015625 0.9636363187500001 0.9619140625 0.9636363187500001 0.962890625 0.962121165625 0.962890625 0.9590908593749999 0.96484375 0.9560605515624999 0.96484375 0.94696963125 0.962890625 0.943939325 0.96484375 0.94090901875 0.96484375 0.9348484046875001 0.966796875 0.9318180984375 0.966796875 0.9227271765625 0.96875 0.9196968703125 0.96875 0.8984847234375 0.966796875 0.8954544156249999 0.966796875 0.892424109375 0.96484375 0.889393803125 0.96484375 0.8803028828125001 0.966796875 0.8772725765624999 0.966796875 0.8712119625 0.96875 0.86818165625 0.96875 0.859090734375 0.966796875 0.856060428125 0.96875 0.8530301218749999 0.96875 0.8499998140624999 0.966796875 0.8469695078124999 0.966796875 0.8227270531249999 0.96484375 0.8196967468749999 0.96484375 0.8166664406249999 0.962890625 0.813636134375 0.962890625 0.8045452140625 0.96484375 0.8015149062500001 0.96484375 0.7984846 0.966796875 0.79545429375 0.966796875 0.7712118390625 0.962890625 0.765151225 0.962890625 0.7499996906249999 0.966796875 0.743939078125 0.966796875 0.707575396875 0.96484375 0.7045450890625 0.96484375 0.69545416875 0.962890625 0.6924238625 0.962890625 0.6803026359375 0.96484375 0.677272328125 0.96484375 0.65606018125 0.962890625 0.653029875 0.962890625 0.6469692609375 0.96484375 0.6439389546875 0.96484375 0.640908646875 0.962890625 0.637878340625 0.962890625 0.62272680625 0.96484375 0.6196965 0.96484375 0.61666619375 0.966796875 0.6136358859375 0.96484375 0.6106055796875001 0.96484375 0.601514659375 0.966796875 0.598484353125 0.966796875 0.595454046875 0.96484375 0.5924237390625 0.96484375 0.58333281875 0.962890625 0.5803025125 0.962890625 0.5651509781249999 0.96484375 0.562120671875 0.96484375 0.5348479109375 0.962890625 0.531817603125 0.962890625 0.528787296875 0.9609375 0.5257569906249999 0.9609375 0.5136357625 0.966796875 0.5045448421875001 0.966796875 0.48636300156249995 0.96484375 0.4833326953125 0.96484375 0.46212054843750006 0.962890625 0.459090240625 0.962890625 0.456059934375 0.9609375 0.45302962812500003 0.9609375 0.4439387078125 0.962890625 0.4409084 0.962890625 0.41666594687499997 0.9609375 0.4136356390625 0.9609375 0.4015144125 0.958984375 0.39848410625 0.958984375 0.3893931859375 0.9609375 0.38636287812500003 0.9609375 0.380302265625 0.962890625 0.377271959375 0.962890625 0.36212042499999997 0.96484375 0.3590901171875 0.96484375 0.3560598109375 0.962890625 0.3530295046875 0.962890625 0.346968890625 0.96484375 0.34393858437499997 0.96484375 0.3378779703125 0.962890625 0.3348476640625 0.962890625 0.32878704999999997 0.958984375 0.3227264359375 0.958984375 0.3166658234375 0.9609375 0.313635515625 0.9609375 0.31060520937499997 0.962890625 0.307574903125 0.962890625 0.2833324484375 0.9609375 0.2803021421875 0.9609375 0.27727183437499997 0.958984375 0.274241528125 0.958984375 0.2651506078125 0.96484375 0.25605968749999997 0.962890625 0.25302938125 0.962890625 0.2499990734375 0.96484375 0.2469687671875 0.96484375 0.240908153125 0.962890625 0.23787784687500002 0.962890625 0.22575662031250002 0.96484375 0.2227263125 0.96484375 0.21969600625000002 0.962890625 0.2166657 0.962890625 0.2106050859375 0.958984375 0.20454447187499997 0.958984375 0.1954535515625 0.9609375 0.1924232453125 0.9609375 0.18939293906250002 0.962890625 0.18636263125000002 0.962890625 0.18030201875000001 0.9609375 0.1772717109375 0.9609375 0.14999895000000002 0.958984375 0.14696864375000002 0.958984375 0.11363526875 0.95703125 0.1106049625 0.95703125 0.0833322015625 0.955078125 0.08030189531250001 0.955078125 0.07424128125 0.9580078125 0.069695821875 0.9599609375 0.069695821875 0.9609375 0.0681806671875 0.9609375 0.0499988265625 0.958984375 0.0469685203125 0.958984375 0.043938214062499995 0.9580078125 0.042423059375 0.9462890625 0.042423059375 0.9443359375 0.045453367187499996 0.9365234375 0.045453367187499996 0.9345703125 0.042423059375 0.9091796875 0.042423059375 0.9072265625 0.045453367187499996 0.8994140625 0.045453367187499996 0.8974609375 0.042423059375 0.8837890625 0.042423059375 0.8818359375 0.039392753125 0.8681640625 0.039392753125 0.8662109375 0.042423059375 0.8642578125 0.042423059375 0.8623046875 0.045453367187499996 0.8564453125 0.045453367187499996 0.8544921875 0.042423059375 0.8291015625 0.042423059375 0.8271484375 0.045453367187499996 0.8212890625 0.045453367187499996 0.8193359375 0.042423059375 0.8076171875 0.042423059375 0.8056640625 0.045453367187499996 0.7880859375 0.045453367187499996 0.7841796875 0.0515139796875 0.7783203125 0.0515139796875 0.7724609375 0.042423059375 0.7548828125 0.042423059375 0.7529296875 0.045453367187499996 0.7470703125 0.045453367187499996 0.7451171875 0.0484836734375 0.7392578125 0.0484836734375 0.7353515625 0.042423059375 0.7333984375 0.042423059375 0.7314453125 0.039392753125 0.7119140625 0.039392753125 0.7099609375 0.042423059375 0.7021484375 0.042423059375 0.6962890625 0.033332140625 0.6787109375 0.033332140625 0.6767578125 0.036362446874999996 0.6728515625 0.036362446874999996 0.6708984375 0.039392753125 0.6630859375 0.039392753125 0.6591796875 0.033332140625 0.6455078125 0.033332140625 0.6435546875 0.036362446874999996 0.6416015625 0.036362446874999996 0.6396484375 0.033332140625 0.6376953125 0.033332140625 0.63671875 0.03484729375 0.6357421875 0.036362446874999996 0.6318359375 0.036362446874999996 0.6279296875 0.042423059375 0.6259765625 0.042423059375 0.6240234375 0.045453367187499996 0.6201171875 0.045453367187499996 0.6162109375 0.039392753125 0.6142578125 0.039392753125
