2 0.0765625 0.95 0.021875 0.015625
2 0.14140625 0.9515625 0.025 0.0109375
2 0.1953125 0.95078125 0.028125 0.0171875
2 0.3234375 0.95234375 0.034375 0.0140625
2 0.4515625 0.95859375 0.0265625 0.0171875
2 0.5203125 0.95859375 0.0265625 0.01875
2 0.57109375 0.9578125 0.03125 0.015625
2 0.62421875 0.95859375 0.028125 0.0171875
2 0.68515625 0.959375 0.028125 0.01875
2 0.88125 0.96171875 0.03125 0.015625
2 0.97109375 0.85859375 0.0171875 0.015625
2 0.934375 0.959375 0.021875 0.0125
2 0.9671875 0.93671875 0.0140625 0.0140625
2 0.96640625 0.8953125 0.015625 0.01875
2 0.97265625 0.8140625 0.025 0.01875
2 0.978125 0.75859375 0.0203125 0.01875
2 0.9796875 0.46484375 0.01875 0.0203125
2 0.98125 0.4171875 0.025 0.028125
2 0.984375 0.3640625 0.0203125 0.01875
2 0.98203125 0.3328125 0.021875 0.0171875
2 0.98046875 0.28828125 0.0171875 0.0171875
2 0.978125 0.24921875 0.0203125 0.021875
2 0.978125 0.2046875 0.0203125 0.015625
2 0.98046875 0.1640625 0.0203125 0.021875
2 0.03515625 0.8515625 0.0140625 0.015625
2 0.0390625 0.81640625 0.0171875 0.015625
2 0.04453125 0.77265625 0.021875 0.0125
2 0.0390625 0.73515625 0.01875 0.009375
2 0.03203125 0.696875 0.01875 0.0171875
2 0.03203125 0.659375 0.021875 0.015625
2 0.0359375 0.6140625 0.021875 0.015625
2 0.03828125 0.45390625 0.0203125 0.01875
2 0.0375 0.40546875 0.015625 0.0125
2 0.0390625 0.37578125 0.0171875 0.015625
2 0.80625 0.96015625 0.028125 0.0171875
2 0.7515625 0.9609375 0.025 0.015625
0 0.042423059375 0.6162109375 0.0318169859375 0.623046875 0.030301832812500002 0.6240234375 0.030301832812500002 0.6513671875 0.036362446874999996 0.6552734375 0.036362446874999996 0.6630859375 0.030301832812500002 0.6669921875 0.030301832812500002 0.6904296875 0.039392753125 0.6962890625 0.039392753125 0.7021484375 0.036362446874999996 0.7041015625 0.036362446874999996 0.7099609375 0.033332140625 0.7119140625 0.033332140625 0.7216796875 0.036362446874999996 0.7236328125 0.036362446874999996 0.7255859375 0.039392753125 0.7275390625 0.039392753125 0.7294921875 0.042423059375 0.7314453125 0.042423059375 0.7392578125 0.036362446874999996 0.7431640625 0.036362446874999996 0.7568359375 0.039392753125 0.7587890625 0.039392753125 0.7646484375 0.043938214062499995 0.767578125 0.0469685203125 0.767578125 0.0484836734375 0.7685546875 0.0484836734375 0.7744140625 0.042423059375 0.7783203125 0.042423059375 0.7822265625 0.039392753125 0.7841796875 0.039392753125 0.8115234375 0.042423059375 0.8134765625 0.042423059375 0.8193359375 0.036362446874999996 0.8232421875 0.036362446874999996 0.8310546875 0.033332140625 0.8330078125 0.033332140625 0.8427734375 0.039392753125 0.8466796875 0.039392753125 0.8486328125 0.042423059375 0.8505859375 0.039392753125 0.8525390625 0.039392753125 0.8544921875 0.033332140625 0.8583984375 0.033332140625 0.8623046875 0.036362446874999996 0.8642578125 0.036362446874999996 0.8876953125 0.039392753125 0.8896484375 0.039392753125 0.8916015625 0.042423059375 0.8935546875 0.042423059375 0.9013671875 0.039392753125 0.9033203125 0.039392753125 0.9091796875 0.042423059375 0.9111328125 0.042423059375 0.9345703125 0.039392753125 0.9365234375 0.039392753125 0.9423828125 0.036362446874999996 0.9443359375 0.036362446874999996 0.9521484375 0.0378776 0.953125 0.0621200546875 0.953125 0.071210975 0.947265625 0.0772715875 0.947265625 0.0863625078125 0.953125 0.089392815625 0.953125 0.092423121875 0.955078125 0.12575649687499998 0.955078125 0.128786803125 0.953125 0.131817109375 0.953125 0.13484741718749998 0.951171875 0.1439383375 0.951171875 0.14696864375000002 0.953125 0.14999895000000002 0.953125 0.1530292578125 0.955078125 0.1712110984375 0.955078125 0.1742414046875 0.953125 0.18939293906250002 0.953125 0.1924232453125 0.951171875 0.20454447187499997 0.951171875 0.2106050859375 0.955078125 0.2166657 0.955078125 0.21969600625000002 0.95703125 0.234847540625 0.95703125 0.23787784687500002 0.958984375 0.2469687671875 0.958984375 0.25302938125 0.955078125 0.25605968749999997 0.955078125 0.25908999375 0.953125 0.2803021421875 0.953125 0.2833324484375 0.955078125 0.29545367499999997 0.955078125 0.2984839828125 0.953125 0.307574903125 0.953125 0.31060520937499997 0.951171875 0.3227264359375 0.951171875 0.32878704999999997 0.955078125 0.3348476640625 0.955078125 0.3378779703125 0.95703125 0.3409082765625 0.95703125 0.34393858437499997 0.955078125 0.3560598109375 0.955078125 0.3590901171875 0.953125 0.3681810375 0.953125 0.3712113453125 0.951171875 0.3954537984375 0.951171875 0.4015144125 0.955078125 0.40454471875 0.955078125 0.40757502656250005 0.95703125 0.4106053328125 0.95703125 0.4136356390625 0.958984375 0.42272655937500003 0.958984375 0.4257568671875 0.9609375 0.4287871734375 0.958984375 0.43181747968749995 0.958984375 0.43787809375000003 0.955078125 0.4409084 0.955078125 0.4439387078125 0.953125 0.449999321875 0.953125 0.45302962812500003 0.955078125 0.456059934375 0.955078125 0.4575750875 0.9560546875 0.4575750875 0.9580078125 0.46060539531250005 0.9599609375 0.4575750875 0.9619140625 0.46212054843750006 0.96484375 0.5045448421875001 0.96484375 0.509090303125 0.9619140625 0.509090303125 0.9560546875 0.51060545625 0.955078125 0.5136357625 0.955078125 0.5166660703125 0.953125 0.522726684375 0.953125 0.5257569906249999 0.955078125 0.528787296875 0.955078125 0.531817603125 0.95703125 0.5348479109375 0.95703125 0.5378782171875 0.958984375 0.5590903640625 0.958984375 0.5651509781249999 0.955078125 0.5772722046875 0.955078125 0.5863631265625 0.9609375 0.5924237390625 0.9609375 0.595454046875 0.962890625 0.6106055796875001 0.962890625 0.62272680625 0.955078125 0.6287874203125 0.955078125 0.640908646875 0.962890625 0.653029875 0.962890625 0.65606018125 0.96484375 0.668181409375 0.96484375 0.6803026359375 0.95703125 0.68939355625 0.95703125 0.69545416875 0.9609375 0.7106057031249999 0.9609375 0.7136360093749999 0.962890625 0.7196966234375 0.962890625 0.7227269296875 0.9609375 0.740908771875 0.9609375 0.7499996906249999 0.955078125 0.76212091875 0.955078125 0.7712118390625 0.9609375 0.786363371875 0.9609375 0.7893936796875 0.958984375 0.79545429375 0.958984375 0.7984846 0.95703125 0.8015149062500001 0.95703125 0.8045452140625 0.955078125 0.8075755203125 0.95703125 0.813636134375 0.95703125 0.8227270531249999 0.962890625 0.83484828125 0.962890625 0.8378785875 0.96484375 0.86818165625 0.96484375 0.8772725765624999 0.958984375 0.886363496875 0.958984375 0.889393803125 0.9609375 0.892424109375 0.9609375 0.8954544156249999 0.962890625 0.8984847234375 0.962890625 0.9015150296875 0.96484375 0.9075756437500001 0.96484375 0.9106059500000001 0.962890625 0.9257574843749999 0.962890625 0.9272726375 0.9619140625 0.9272726375 0.9599609375 0.9318180984375 0.95703125 0.94090901875 0.95703125 0.94696963125 0.9609375 0.9590908593749999 0.9609375 0.962121165625 0.962890625 0.965151471875 0.9609375 0.9681817781250001 0.9609375 0.9696969328125 0.9599609375 0.9696969328125 0.9482421875 0.9606060125000001 0.9423828125 0.9606060125000001 0.9365234375 0.966666625 0.9326171875 0.966666625 0.9267578125 0.9696969328125 0.9248046875 0.9696969328125 0.9052734375 0.9606060125000001 0.8994140625 0.9606060125000001 0.8935546875 0.966666625 0.8896484375 0.966666625 0.8837890625 0.9696969328125 0.8818359375 0.9696969328125 0.8740234375 0.9727272390625 0.8720703125 0.9696969328125 0.8701171875 0.9696969328125 0.8662109375 0.9636363187500001 0.8623046875 0.9636363187500001 0.8564453125 0.9696969328125 0.8525390625 0.9696969328125 0.8486328125 0.9727272390625 0.8466796875 0.9727272390625 0.8291015625 0.9696969328125 0.8271484375 0.9696969328125 0.8212890625 0.966666625 0.8193359375 0.966666625 0.8115234375 0.9787878531249999 0.8037109375 0.9787878531249999 0.7880859375 0.9818181593749999 0.7861328125 0.9818181593749999 0.7802734375 0.984848465625 0.7783203125 0.984848465625 0.7724609375 0.9818181593749999 0.7705078125 0.9818181593749999 0.7666015625 0.98030300625 0.765625 0.9742423921875 0.765625 0.9696969328125 0.7626953125 0.9696969328125 0.7568359375 0.9727272390625 0.7548828125 0.9727272390625 0.7529296875 0.9787878531249999 0.7509765625 0.9787878531249999 0.7314453125 0.9818181593749999 0.7294921875 0.9787878531249999 0.7275390625 0.9787878531249999 0.7255859375 0.9696969328125 0.7197265625 0.9696969328125 0.7138671875 0.9727272390625 0.7119140625 0.9727272390625 0.6826171875 0.9696969328125 0.6806640625 0.9696969328125 0.6787109375 0.966666625 0.6767578125 0.966666625 0.6728515625 0.9696969328125 0.6708984375 0.966666625 0.6689453125 0.966666625 0.6455078125 0.9696969328125 0.6435546875 0.9696969328125 0.6376953125 0.966666625 0.6357421875 0.966666625 0.6337890625 0.9696969328125 0.6318359375 0.9696969328125 0.6298828125 0.9757575453125 0.6259765625 0.9757575453125 0.6162109375 0.9787878531249999 0.6142578125 0.9787878531249999 0.6103515625 0.9757575453125 0.6083984375 0.9757575453125 0.6005859375 0.9696969328125 0.5966796875 0.9696969328125 0.5869140625 0.9727272390625 0.5849609375 0.9727272390625 0.5830078125 0.9757575453125 0.5810546875 0.9757575453125 0.5771484375 0.9727272390625 0.5751953125 0.9727272390625 0.5595703125 0.9757575453125 0.5576171875 0.9757575453125 0.5556640625 0.9727272390625 0.5537109375 0.9727272390625 0.5517578125 0.9696969328125 0.5498046875 0.9696969328125 0.5439453125 0.9727272390625 0.5419921875 0.9727272390625 0.5400390625 0.9757575453125 0.5380859375 0.9757575453125 0.5185546875 0.9727272390625 0.5166015625 0.9727272390625 0.5126953125 0.9696969328125 0.5107421875 0.9696969328125 0.5029296875 0.9727272390625 0.5009765625 0.9727272390625 0.4951171875 0.9757575453125 0.4931640625 0.9757575453125 0.4912109375 0.9787878531249999 0.4892578125 0.9787878531249999 0.4873046875 0.9818181593749999 0.4853515625 0.9818181593749999 0.4736328125 0.9727272390625 0.4677734375 0.9727272390625 0.4599609375 0.9742423921875 0.458984375 0.9772726984375 0.458984375 0.9818181593749999 0.4560546875 0.9818181593749999 0.4482421875 0.984848465625 0.4462890625 0.984848465625 0.4287109375 0.9818181593749999 0.4267578125 0.9818181593749999 0.4248046875 0.9727272390625 0.4189453125 0.9727272390625 0.4111328125 0.9772726984375 0.408203125 0.98030300625 0.408203125 0.9878787734375001 0.4033203125 0.9878787734375001 0.3720703125 0.9863636187499999 0.37109375 0.9833333124999999 0.37109375 0.9757575453125 0.3662109375 0.9757575453125 0.3603515625 0.9878787734375001 0.3525390625 0.9878787734375001 0.3408203125 0.9833333124999999 0.337890625 0.98030300625 0.337890625 0.9727272390625 0.3330078125 0.9727272390625 0.3291015625 0.9787878531249999 0.3251953125 0.9787878531249999 0.3232421875 0.9818181593749999 0.3212890625 0.9818181593749999 0.3193359375 0.984848465625 0.3173828125 0.984848465625 0.2939453125 0.9833333124999999 0.29296875 0.98030300625 0.29296875 0.9727272390625 0.2880859375 0.9727272390625 0.2841796875 0.9757575453125 0.2822265625 0.9757575453125 0.2802734375 0.9787878531249999 0.2783203125 0.9787878531249999 0.2744140625 0.9818181593749999 0.2724609375 0.9818181593749999 0.2587890625 0.9727272390625 0.2529296875 0.9727272390625 0.2509765625 0.9696969328125 0.2490234375 0.9696969328125 0.2470703125 0.9727272390625 0.2451171875 0.9727272390625 0.2431640625 0.9787878531249999 0.2392578125 0.9787878531249999 0.2353515625 0.9818181593749999 0.2333984375 0.9818181593749999 0.2294921875 0.9787878531249999 0.2275390625 0.9787878531249999 0.2119140625 0.9727272390625 0.2080078125 0.9727272390625 0.2001953125 0.9757575453125 0.1982421875 0.9757575453125 0.1962890625 0.9787878531249999 0.1943359375 0.9787878531249999 0.1884765625 0.9818181593749999 0.1865234375 0.9818181593749999 0.1748046875 0.9757575453125 0.1708984375 0.9757575453125 0.1689453125 0.9727272390625 0.1669921875 0.9727272390625 0.1630859375 0.9757575453125 0.1611328125 0.9757575453125 0.1591796875 0.9787878531249999 0.1572265625 0.9787878531249999 0.1474609375 0.9818181593749999 0.1455078125 0.9818181593749999 0.1416015625 0.984848465625 0.1396484375 0.984848465625 0.1279296875 0.9818181593749999 0.1259765625 0.9818181593749999 0.1240234375 0.98030300625 0.123046875 0.9772726984375 0.123046875 0.9727272390625 0.1201171875 0.9727272390625 0.1123046875 0.9757575453125 0.1103515625 0.9757575453125 0.0791015625 0.9772726984375 0.078125 0.9833333124999999 0.078125 0.9878787734375001 0.0751953125 0.9878787734375001 0.0498046875 0.984848465625 0.0478515625 0.984848465625 0.0439453125 0.9696969328125 0.0341796875 0.9696969328125 0.0322265625 0.9681817781250001 0.03125 0.965151471875 0.03125 0.962121165625 0.029296875 0.94090901875 0.029296875 0.9378787109375001 0.02734375 0.9348484046875001 0.029296875 0.9015150296875 0.029296875 0.8984847234375 0.02734375 0.886363496875 0.02734375 0.8833331890625 0.029296875 0.7712118390625 0.029296875 0.76818153125 0.02734375 0.7590906109375 0.02734375 0.7560603046875001 0.029296875 0.7136360093749999 0.029296875 0.7106057031249999 0.03125 0.7045450890625 0.03125 0.7015147828125 0.029296875 0.68939355625 0.029296875 0.6863632484375 0.03125 0.674242021875 0.03125 0.6712117156249999 0.033203125 0.65606018125 0.033203125 0.653029875 0.03125 0.6469692609375 0.03125 0.6439389546875 0.029296875 0.6287874203125 0.029296875 0.6257571140625 0.03125 0.61666619375 0.03125 0.6136358859375 0.033203125 0.5712115921875001 0.033203125 0.568181284375 0.03125 0.5590903640625 0.03125 0.5560600578125 0.029296875 0.5409085234375001 0.029296875 0.5378782171875 0.03125 0.38636287812500003 0.03125 0.38333257187499997 0.029296875 0.313635515625 0.029296875 0.307574903125 0.033203125 0.1924232453125 0.033203125 0.18939293906250002 0.03515625 0.18636263125000002 0.03515625 0.18333232500000002 0.037109375 0.12575649687499998 0.037109375 0.12272618906249999 0.03515625 0.11666557656250001 0.03515625 0.11363526875 0.037109375 0.09848373593750001 0.037109375 0.09545342812499999 0.03515625 0.0863625078125 0.03515625 0.0833322015625 0.037109375 0.056059440625 0.037109375 0.0545442875 0.0380859375 0.0545442875 0.0458984375 0.0515139796875 0.0478515625 0.0515139796875 0.0712890625 0.0545442875 0.0732421875 0.0545442875 0.0771484375 0.0515139796875 0.0791015625 0.0515139796875 0.0869140625 0.0484836734375 0.0888671875 0.0484836734375 0.1044921875 0.0515139796875 0.1064453125 0.0515139796875 0.1572265625 0.0484836734375 0.1591796875 0.0484836734375 0.1611328125 0.045453367187499996 0.1630859375 0.045453367187499996 0.1748046875 0.042423059375 0.1767578125 0.042423059375 0.1787109375 0.045453367187499996 0.1806640625 0.045453367187499996 0.1845703125 0.0484836734375 0.1865234375 0.0484836734375 0.1884765625 0.0515139796875 0.1904296875 0.0484836734375 0.1923828125 0.0484836734375 0.1962890625 0.045453367187499996 0.1982421875 0.045453367187499996 0.2177734375 0.042423059375 0.2197265625 0.042423059375 0.2373046875 0.0484836734375 0.2412109375 0.0484836734375 0.2431640625 0.045453367187499996 0.2451171875 0.045453367187499996 0.2470703125 0.042423059375 0.2490234375 0.042423059375 0.2509765625 0.039392753125 0.2529296875 0.039392753125 0.2587890625 0.036362446874999996 0.2607421875 0.036362446874999996 0.2822265625 0.042423059375 0.2861328125 0.042423059375 0.2880859375 0.045453367187499996 0.2900390625 0.045453367187499996 0.2958984375 0.042423059375 0.2978515625 0.042423059375 0.3212890625 0.045453367187499996 0.3232421875 0.045453367187499996 0.3271484375 0.042423059375 0.3291015625 0.042423059375 0.3310546875 0.039392753125 0.3330078125 0.039392753125 0.3369140625 0.036362446874999996 0.3388671875 0.036362446874999996 0.3466796875 0.033332140625 0.3486328125 0.033332140625 0.3623046875 0.036362446874999996 0.3642578125 0.036362446874999996 0.3662109375 0.045453367187499996 0.3720703125 0.045453367187499996 0.3779296875 0.039392753125 0.3818359375 0.039392753125 0.3837890625 0.036362446874999996 0.3857421875 0.036362446874999996 0.3916015625 0.039392753125 0.3935546875 0.036362446874999996 0.3955078125 0.039392753125 0.3974609375 0.039392753125 0.3994140625 0.042423059375 0.4013671875 0.042423059375 0.4111328125 0.036362446874999996 0.4150390625 0.036362446874999996 0.4462890625 0.042423059375 0.4501953125 0.042423059375 0.4521484375 0.045453367187499996 0.4541015625 0.045453367187499996 0.4560546875 0.042423059375 0.4580078125 0.042423059375 0.4599609375 0.036362446874999996 0.4638671875 0.036362446874999996 0.4892578125 0.042423059375 0.4931640625 0.042423059375 0.5029296875 0.039392753125 0.5048828125 0.039392753125 0.5068359375 0.036362446874999996 0.5087890625 0.036362446874999996 0.5166015625 0.039392753125 0.5185546875 0.039392753125 0.5263671875 0.042423059375 0.5283203125 0.042423059375 0.5341796875 0.039392753125 0.5361328125 0.039392753125 0.5400390625 0.036362446874999996 0.5419921875 0.036362446874999996 0.5439453125 0.039392753125 0.5458984375 0.039392753125 0.5576171875 0.036362446874999996 0.5595703125 0.036362446874999996 0.5712890625 0.039392753125 0.5732421875 0.039392753125 0.5751953125 0.042423059375 0.5771484375 0.042423059375 0.5810546875 0.039392753125 0.5830078125 0.039392753125 0.5849609375 0.036362446874999996 0.5869140625 0.036362446874999996 0.6064453125 0.039392753125 0.6083984375 0.039392753125 0.6103515625 0.042423059375 0.6123046875 0.042423059375 0.6162109375
