0 0.9645548984375001 0.96871049375 0.9696475859374999 0.026864728124999997 0.0641678546875 0.053729456249999995 0.0427785703125 0.06953223750000001 0.0346302703125 0.1201011375 0.0448156453125 0.9529077125000001 0.0702790796875 0.9718710500000001 0.17111427968749998 0.9797724406249999 0.9645548984375001 0.96871049375
1 0.05390625 0.06328125 0.0546875 0.06953125
2 0.1828125 0.04921875 0.02109375 0.025
2 0.36328125 0.0484375 0.0171875 0.0265625
2 0.40390625 0.04765625 0.01328125 0.021875
2 0.48828125 0.0453125 0.02578125 0.0203125
2 0.53359375 0.0453125 0.02109375 0.0296875
2 0.5796875 0.04609375 0.0203125 0.021875
2 0.66015625 0.04296875 0.02109375 0.025
2 0.79375 0.0421875 0.01953125 0.0265625
2 0.87421875 0.0421875 0.02109375 0.0265625
2 0.9140625 0.0359375 0.0171875 0.0234375
2 0.96875 0.19140625 0.015625 0.028125
2 0.03984375 0.25625 0.0125 0.028125
2 0.0375 0.38515625 0.0125 0.0296875
2 0.03984375 0.49140625 0.01640625 0.03125
2 0.04140625 0.6109375 0.01796875 0.0328125
2 0.04375 0.68671875 0.01796875 0.0328125
2 0.03984375 0.81015625 0.0140625 0.0296875
