2 0.8984375 0.02890625 0.015625 0.0265625
2 0.85859375 0.02734375 0.01875 0.021875
2 0.76015625 0.02421875 0.015625 0.021875
2 0.71875 0.02265625 0.01875 0.021875
2 0.67578125 0.025 0.0171875 0.0234375
2 0.63671875 0.025 0.01875 0.025
2 0.5921875 0.02578125 0.015625 0.021875
2 0.54921875 0.02109375 0.01875 0.0234375
2 0.5078125 0.021875 0.015625 0.021875
2 0.46328125 0.02109375 0.01875 0.01875
2 0.415625 0.02265625 0.0140625 0.028125
2 0.33203125 0.02109375 0.01875 0.0203125
2 0.28828125 0.0234375 0.0140625 0.021875
2 0.25 0.021875 0.015625 0.01875
2 0.20390625 0.02578125 0.0140625 0.01875
2 0.9609375 0.1921875 0.015625 0.025
2 0.96015625 0.240625 0.0109375 0.025
2 0.96171875 0.3125 0.01875 0.028125
2 0.96171875 0.371875 0.015625 0.034375
2 0.9609375 0.42578125 0.0125 0.025
2 0.959375 0.478125 0.0203125 0.0234375
2 0.959375 0.54921875 0.0125 0.0265625
2 0.9546875 0.68125 0.009375 0.0234375
2 0.95546875 0.60625 0.015625 0.021875
2 0.95546875 0.7984375 0.0125 0.028125
2 0.95625 0.86015625 0.0140625 0.025
2 0.95234375 0.92265625 0.0125 0.028125
2 0.93203125 0.959375 0.015625 0.01875
2 0.90078125 0.95703125 0.015625 0.015625
2 0.85390625 0.96328125 0.015625 0.0171875
2 0.82109375 0.9625 0.01875 0.025
2 0.7734375 0.95390625 0.0125 0.0234375
2 0.7359375 0.96171875 0.0140625 0.01875
2 0.70078125 0.9640625 0.01875 0.021875
2 0.66171875 0.965625 0.0171875 0.01875
2 0.61640625 0.9640625 0.0140625 0.01875
2 0.5015625 0.9625 0.0125 0.015625
2 0.4578125 0.96015625 0.0125 0.01875
2 0.37578125 0.96171875 0.01875 0.021875
2 0.32734375 0.96171875 0.0140625 0.0203125
2 0.29453125 0.96015625 0.015625 0.015625
2 0.2359375 0.96171875 0.03125 0.028125
2 0.19296875 0.9546875 0.0125 0.021875
2 0.15625 0.95546875 0.0109375 0.015625
2 0.1140625 0.9515625 0.0125 0.0171875
0 0.9592585046875 0.9054993671875 0.9635363625 0.077433628125 0.9592585046875 0.061314790625000004 0.9535546953124999 0.05088495625 0.9388877578124999 0.0353982296875 0.9321654109375 0.032237673437499996 0.9250356484375001 0.030341340625 0.7861071500000001 0.018015170312500002 0.051334284375000004 0.001896334375 0.0440008140625 0.0025284453124999997 0.0397229578125 0.004424778125 0.018129965625 0.035082175 0.021185578125 0.22597977187499999 0.022204115625 0.4756637171875 0.0323894890625 0.9639696593749999 0.95314728125 0.970290771875 0.9592585046875 0.9054993671875
