2 0.753125 0.96015625 0.028125 0.0171875
2 0.80859375 0.9578125 0.03125 0.021875
2 0.88359375 0.9625 0.0234375 0.015625
2 0.96171875 0.9390625 0.025 0.0171875
2 0.68359375 0.96015625 0.025 0.015625
2 0.62578125 0.959375 0.03125 0.0140625
2 0.52578125 0.95625 0.028125 0.015625
2 0.44921875 0.95390625 0.0375 0.01875
2 0.32265625 0.95390625 0.0265625 0.0171875
2 0.2703125 0.95703125 0.0265625 0.01875
2 0.196875 0.95234375 0.034375 0.0171875
2 0.07734375 0.9484375 0.025 0.0171875
2 0.03125 0.8484375 0.028125 0.021875
2 0.03828125 0.81640625 0.0234375 0.021875
2 0.04453125 0.77109375 0.0265625 0.0171875
2 0.034375 0.69609375 0.028125 0.01875
2 0.02890625 0.65625 0.0265625 0.01875
2 0.03671875 0.45234375 0.0375 0.0234375
2 0.03828125 0.40234375 0.0265625 0.021875
2 0.03984375 0.3734375 0.0296875 0.01875
2 0.04140625 0.321875 0.0234375 0.015625
2 0.04140625 0.29140625 0.0234375 0.0234375
2 0.04375 0.23828125 0.015625 0.0125
2 0.04765625 0.1890625 0.0234375 0.021875
2 0.0453125 0.15390625 0.021875 0.0265625
2 0.97265625 0.896875 0.0265625 0.025
2 0.97578125 0.85859375 0.0265625 0.021875
2 0.97734375 0.81640625 0.0328125 0.01875
2 0.98125 0.759375 0.021875 0.01875
2 0.97578125 0.63359375 0.0203125 0.021875
2 0.975 0.5921875 0.021875 0.021875
2 0.9796875 0.5484375 0.028125 0.01875
2 0.98046875 0.509375 0.0265625 0.015625
2 0.98046875 0.4625 0.0203125 0.0171875
2 0.98203125 0.4125 0.0234375 0.01875
2 0.98203125 0.365625 0.0265625 0.025
2 0.98203125 0.3296875 0.0265625 0.01875
2 0.98515625 0.28671875 0.0234375 0.01875
2 0.98125 0.25 0.01875 0.021875
2 0.98359375 0.08359375 0.0203125 0.0171875
0 0.033332140625 0.6337890625 0.0318169859375 0.634765625 0.030301832812500002 0.6357421875 0.030301832812500002 0.6474609375 0.033332140625 0.6494140625 0.033332140625 0.6513671875 0.039392753125 0.6552734375 0.039392753125 0.6572265625 0.036362446874999996 0.6591796875 0.036362446874999996 0.6611328125 0.030301832812500002 0.6650390625 0.030301832812500002 0.6865234375 0.033332140625 0.6884765625 0.033332140625 0.6904296875 0.039392753125 0.6943359375 0.039392753125 0.7041015625 0.036362446874999996 0.7060546875 0.036362446874999996 0.7080078125 0.039392753125 0.7099609375 0.039392753125 0.7236328125 0.042423059375 0.7255859375 0.042423059375 0.7275390625 0.045453367187499996 0.7294921875 0.045453367187499996 0.7353515625 0.042423059375 0.7373046875 0.042423059375 0.7626953125 0.0515139796875 0.7685546875 0.0484836734375 0.7705078125 0.0484836734375 0.7744140625 0.042423059375 0.7783203125 0.042423059375 0.8193359375 0.04090790625 0.8203125 0.0378776 0.8203125 0.033332140625 0.8232421875 0.033332140625 0.8427734375 0.03484729375 0.84375 0.0378776 0.84375 0.042423059375 0.8466796875 0.042423059375 0.8505859375 0.039392753125 0.8525390625 0.039392753125 0.8544921875 0.036362446874999996 0.8564453125 0.036362446874999996 0.8583984375 0.033332140625 0.8603515625 0.036362446874999996 0.8623046875 0.036362446874999996 0.8662109375 0.039392753125 0.8681640625 0.039392753125 0.8740234375 0.042423059375 0.8759765625 0.042423059375 0.8916015625 0.045453367187499996 0.8935546875 0.045453367187499996 0.8974609375 0.042423059375 0.8994140625 0.042423059375 0.9326171875 0.039392753125 0.9345703125 0.039392753125 0.9365234375 0.033332140625 0.9404296875 0.033332140625 0.9443359375 0.03484729375 0.9453125 0.043938214062499995 0.9453125 0.0469685203125 0.947265625 0.0651503609375 0.947265625 0.0681806671875 0.9453125 0.0772715875 0.9453125 0.08030189531250001 0.947265625 0.0833322015625 0.947265625 0.0848473546875 0.9482421875 0.0848473546875 0.9501953125 0.089392815625 0.953125 0.09545342812499999 0.953125 0.09848373593750001 0.955078125 0.11666557656250001 0.955078125 0.11969588281250002 0.953125 0.128786803125 0.953125 0.13484741718749998 0.94921875 0.1439383375 0.94921875 0.14696864375000002 0.951171875 0.1560595640625 0.951171875 0.1590898703125 0.953125 0.162120178125 0.953125 0.165150484375 0.951171875 0.18939293906250002 0.951171875 0.1924232453125 0.94921875 0.198483859375 0.94921875 0.2106050859375 0.95703125 0.2166657 0.95703125 0.21969600625000002 0.958984375 0.2439384609375 0.958984375 0.2499990734375 0.955078125 0.25605968749999997 0.955078125 0.2621203015625 0.951171875 0.271211221875 0.951171875 0.274241528125 0.953125 0.27727183437499997 0.953125 0.2803021421875 0.955078125 0.3045445953125 0.955078125 0.31060520937499997 0.951171875 0.313635515625 0.951171875 0.3166658234375 0.94921875 0.3227264359375 0.94921875 0.32878704999999997 0.953125 0.33181735625000003 0.953125 0.3348476640625 0.955078125 0.3742416515625 0.955078125 0.377271959375 0.953125 0.38333257187499997 0.953125 0.38636287812500003 0.951171875 0.39848410625 0.951171875 0.4015144125 0.953125 0.40454471875 0.953125 0.40757502656250005 0.955078125 0.4106053328125 0.955078125 0.4136356390625 0.95703125 0.42272655937500003 0.95703125 0.4257568671875 0.958984375 0.4287871734375 0.958984375 0.43181747968749995 0.95703125 0.43787809375000003 0.95703125 0.4439387078125 0.953125 0.45302962812500003 0.953125 0.46060539531250005 0.9580078125 0.46060539531250005 0.9599609375 0.46212054843750006 0.9609375 0.47121146875 0.9609375 0.47424177500000003 0.962890625 0.4833326953125 0.962890625 0.48636300156249995 0.96484375 0.48939330937500003 0.96484375 0.49242361562500003 0.962890625 0.5015145359375001 0.962890625 0.5045448421875001 0.9609375 0.50757515 0.9609375 0.509090303125 0.9599609375 0.509090303125 0.9560546875 0.51060545625 0.955078125 0.5136357625 0.955078125 0.5166660703125 0.953125 0.522726684375 0.953125 0.5257569906249999 0.955078125 0.528787296875 0.955078125 0.531817603125 0.95703125 0.5348479109375 0.95703125 0.5378782171875 0.958984375 0.562120671875 0.958984375 0.568181284375 0.955078125 0.5712115921875001 0.955078125 0.5742418984375 0.95703125 0.5803025125 0.95703125 0.58333281875 0.958984375 0.5863631265625 0.958984375 0.5893934328125 0.9609375 0.595454046875 0.9609375 0.598484353125 0.962890625 0.6196965 0.962890625 0.6257571140625 0.958984375 0.6318177265625 0.958984375 0.637878340625 0.962890625 0.6712117156249999 0.962890625 0.674242021875 0.9609375 0.6833329421875 0.9609375 0.6863632484375 0.958984375 0.68939355625 0.958984375 0.6924238625 0.9609375 0.69545416875 0.9609375 0.6984844765625 0.962890625 0.7045450890625 0.962890625 0.707575396875 0.96484375 0.72878754375 0.96484375 0.7318178515625 0.962890625 0.740908771875 0.962890625 0.7484845375 0.9580078125 0.7484845375 0.9560546875 0.7499996906249999 0.955078125 0.76212091875 0.955078125 0.7712118390625 0.9609375 0.79545429375 0.9609375 0.8015149062500001 0.95703125 0.8045452140625 0.95703125 0.8075755203125 0.955078125 0.813636134375 0.955078125 0.8227270531249999 0.9609375 0.8287876671875001 0.9609375 0.8318179734375001 0.962890625 0.8530301218749999 0.962890625 0.856060428125 0.96484375 0.86818165625 0.96484375 0.8712119625 0.962890625 0.87424226875 0.962890625 0.8803028828125001 0.958984375 0.889393803125 0.958984375 0.892424109375 0.9609375 0.9257574843749999 0.9609375 0.9287877906249999 0.958984375 0.9378787109375001 0.958984375 0.94090901875 0.9609375 0.94696963125 0.9609375 0.9499999390625 0.962890625 0.965151471875 0.962890625 0.9727272390625 0.9580078125 0.9696969328125 0.9560546875 0.9696969328125 0.9482421875 0.9606060125000001 0.9423828125 0.9606060125000001 0.9345703125 0.9636363187500001 0.9326171875 0.9636363187500001 0.9267578125 0.966666625 0.9248046875 0.966666625 0.9228515625 0.9696969328125 0.9208984375 0.9696969328125 0.9052734375 0.9606060125000001 0.8994140625 0.9606060125000001 0.8935546875 0.965151471875 0.890625 0.9712120859375 0.890625 0.9757575453125 0.8876953125 0.9757575453125 0.8662109375 0.9712120859375 0.86328125 0.9681817781250001 0.86328125 0.966666625 0.8623046875 0.966666625 0.8603515625 0.9636363187500001 0.8583984375 0.966666625 0.8564453125 0.966666625 0.8544921875 0.9681817781250001 0.853515625 0.9712120859375 0.853515625 0.9757575453125 0.8505859375 0.9757575453125 0.8369140625 0.9787878531249999 0.8349609375 0.9787878531249999 0.8291015625 0.9757575453125 0.8271484375 0.9757575453125 0.8212890625 0.9742423921875 0.8203125 0.9712120859375 0.8203125 0.966666625 0.8173828125 0.966666625 0.8115234375 0.9681817781250001 0.810546875 0.9712120859375 0.810546875 0.9757575453125 0.8076171875 0.9757575453125 0.8056640625 0.9818181593749999 0.8017578125 0.9818181593749999 0.7978515625 0.984848465625 0.7958984375 0.984848465625 0.7783203125 0.9878787734375001 0.7763671875 0.9878787734375001 0.7744140625 0.984848465625 0.7724609375 0.984848465625 0.7666015625 0.9833333124999999 0.765625 0.9772726984375 0.765625 0.9727272390625 0.7626953125 0.9727272390625 0.7529296875 0.9757575453125 0.7509765625 0.9757575453125 0.7490234375 0.9787878531249999 0.7470703125 0.9787878531249999 0.7236328125 0.9727272390625 0.7197265625 0.9727272390625 0.7099609375 0.9696969328125 0.7080078125 0.9696969328125 0.7021484375 0.9727272390625 0.7001953125 0.9727272390625 0.6962890625 0.9696969328125 0.6943359375 0.9696969328125 0.6767578125 0.966666625 0.6748046875 0.9696969328125 0.6728515625 0.9696969328125 0.6708984375 0.9727272390625 0.6689453125 0.9727272390625 0.6552734375 0.9757575453125 0.6533203125 0.9757575453125 0.6435546875 0.9727272390625 0.6416015625 0.9727272390625 0.6396484375 0.9696969328125 0.6376953125 0.9696969328125 0.6318359375 0.9727272390625 0.6298828125 0.9727272390625 0.6279296875 0.9757575453125 0.6259765625 0.9757575453125 0.6181640625 0.9787878531249999 0.6162109375 0.9787878531249999 0.6083984375 0.9757575453125 0.6064453125 0.9757575453125 0.5986328125 0.9696969328125 0.5947265625 0.9696969328125 0.5869140625 0.9727272390625 0.5849609375 0.9727272390625 0.5830078125 0.9757575453125 0.5810546875 0.9757575453125 0.5693359375 0.9787878531249999 0.5673828125 0.9787878531249999 0.5595703125 0.9757575453125 0.5576171875 0.9757575453125 0.5517578125 0.9727272390625 0.5498046875 0.9727272390625 0.5458984375 0.9757575453125 0.5439453125 0.9757575453125 0.5400390625 0.9818181593749999 0.5361328125 0.9787878531249999 0.5341796875 0.9818181593749999 0.5322265625 0.9818181593749999 0.5166015625 0.9727272390625 0.5107421875 0.9727272390625 0.5009765625 0.9757575453125 0.4990234375 0.9757575453125 0.4853515625 0.9787878531249999 0.4833984375 0.9787878531249999 0.4716796875 0.9757575453125 0.4697265625 0.9757575453125 0.4677734375 0.9727272390625 0.4658203125 0.9727272390625 0.4638671875 0.9757575453125 0.4619140625 0.9757575453125 0.4560546875 0.9787878531249999 0.4541015625 0.9787878531249999 0.4521484375 0.9818181593749999 0.4501953125 0.9818181593749999 0.4306640625 0.9787878531249999 0.4287109375 0.9787878531249999 0.4228515625 0.9757575453125 0.4208984375 0.9757575453125 0.4169921875 0.9727272390625 0.4150390625 0.9757575453125 0.4130859375 0.9757575453125 0.4091796875 0.98030300625 0.40625 0.9833333124999999 0.40625 0.9878787734375001 0.4033203125 0.9878787734375001 0.3896484375 0.9909090796875001 0.3876953125 0.9878787734375001 0.3857421875 0.9878787734375001 0.3701171875 0.9863636187499999 0.369140625 0.98030300625 0.369140625 0.9787878531249999 0.3681640625 0.9787878531249999 0.3662109375 0.9757575453125 0.3642578125 0.9757575453125 0.3603515625 0.984848465625 0.3544921875 0.984848465625 0.3447265625 0.9878787734375001 0.3427734375 0.9757575453125 0.3349609375 0.9757575453125 0.3291015625 0.984848465625 0.3232421875 0.984848465625 0.3193359375 0.9878787734375001 0.3173828125 0.9878787734375001 0.2958984375 0.9833333124999999 0.29296875 0.98030300625 0.29296875 0.9757575453125 0.2900390625 0.9757575453125 0.2822265625 0.9818181593749999 0.2783203125 0.9818181593749999 0.2607421875 0.9787878531249999 0.2587890625 0.9787878531249999 0.2548828125 0.9757575453125 0.2529296875 0.9757575453125 0.2509765625 0.9727272390625 0.2490234375 0.9727272390625 0.2451171875 0.9757575453125 0.2431640625 0.9757575453125 0.2392578125 0.9787878531249999 0.2373046875 0.9787878531249999 0.2353515625 0.9818181593749999 0.2333984375 0.9818181593749999 0.2275390625 0.9787878531249999 0.2255859375 0.9787878531249999 0.2177734375 0.9818181593749999 0.2158203125 0.9818181593749999 0.2138671875 0.9757575453125 0.2099609375 0.9757575453125 0.2060546875 0.9727272390625 0.2041015625 0.9727272390625 0.2001953125 0.9757575453125 0.1982421875 0.9757575453125 0.1728515625 0.9787878531249999 0.1708984375 0.9787878531249999 0.1689453125 0.9757575453125 0.1669921875 0.9757575453125 0.1650390625 0.9787878531249999 0.1630859375 0.9787878531249999 0.1572265625 0.984848465625 0.1533203125 0.984848465625 0.1376953125 0.9818181593749999 0.1357421875 0.9818181593749999 0.1259765625 0.9787878531249999 0.1240234375 0.9787878531249999 0.1220703125 0.9757575453125 0.1201171875 0.9757575453125 0.1044921875 0.9787878531249999 0.1025390625 0.9787878531249999 0.0791015625 0.98030300625 0.078125 0.9863636187499999 0.078125 0.9878787734375001 0.0771484375 0.9878787734375001 0.0693359375 0.9909090796875001 0.0673828125 0.9909090796875001 0.0439453125 0.9833333124999999 0.0390625 0.98030300625 0.0390625 0.9757575453125 0.0361328125 0.9757575453125 0.0341796875 0.9712120859375 0.03125 0.965151471875 0.03125 0.962121165625 0.029296875 0.94696963125 0.029296875 0.94090901875 0.025390625 0.9227271765625 0.025390625 0.9196968703125 0.02734375 0.91363625625 0.02734375 0.9106059500000001 0.025390625 0.9075756437500001 0.02734375 0.9045453359375 0.02734375 0.9015150296875 0.025390625 0.8954544156249999 0.025390625 0.892424109375 0.02734375 0.889393803125 0.02734375 0.886363496875 0.029296875 0.87424226875 0.029296875 0.8712119625 0.02734375 0.859090734375 0.02734375 0.856060428125 0.029296875 0.746969384375 0.029296875 0.743939078125 0.02734375 0.7227269296875 0.02734375 0.7196966234375 0.025390625 0.7106057031249999 0.025390625 0.707575396875 0.02734375 0.7045450890625 0.02734375 0.7015147828125 0.029296875 0.6984844765625 0.029296875 0.69545416875 0.03125 0.68939355625 0.03125 0.6863632484375 0.033203125 0.65606018125 0.033203125 0.653029875 0.03125 0.637878340625 0.03125 0.634848034375 0.029296875 0.6287874203125 0.029296875 0.6257571140625 0.03125 0.6136358859375 0.03125 0.6106055796875001 0.033203125 0.6075752734375001 0.033203125 0.6045449656249999 0.03125 0.601514659375 0.03125 0.598484353125 0.033203125 0.5924237390625 0.033203125 0.5893934328125 0.03125 0.5712115921875001 0.03125 0.568181284375 0.029296875 0.5409085234375001 0.029296875 0.5378782171875 0.03125 0.522726684375 0.03125 0.5196963765625 0.029296875 0.4833326953125 0.029296875 0.4803023890625 0.03125 0.3954537984375 0.03125 0.3924234921875 0.029296875 0.3348476640625 0.029296875 0.33181735625000003 0.03125 0.313635515625 0.03125 0.31060520937499997 0.033203125 0.3045445953125 0.033203125 0.3015142890625 0.03515625 0.2833324484375 0.03515625 0.2803021421875 0.033203125 0.2651506078125 0.033203125 0.2621203015625 0.03125 0.23181723281250002 0.03125 0.2287869265625 0.033203125 0.2075747796875 0.033203125 0.20454447187499997 0.03515625 0.1924232453125 0.03515625 0.18939293906250002 0.037109375 0.1712110984375 0.037109375 0.168180790625 0.0390625 0.14999895000000002 0.0390625 0.14696864375000002 0.037109375 0.1409080296875 0.037109375 0.1378777234375 0.03515625 0.09848373593750001 0.03515625 0.09545342812499999 0.037109375 0.0651503609375 0.037109375 0.05757459375 0.0419921875 0.05757459375 0.0517578125 0.0545442875 0.0537109375 0.0545442875 0.0791015625 0.0515139796875 0.0810546875 0.0515139796875 0.1005859375 0.0545442875 0.1025390625 0.0545442875 0.1181640625 0.0515139796875 0.1201171875 0.0515139796875 0.1220703125 0.0545442875 0.1240234375 0.0515139796875 0.1259765625 0.0515139796875 0.1474609375 0.0545442875 0.1494140625 0.0545442875 0.1552734375 0.0515139796875 0.1572265625 0.0515139796875 0.1591796875 0.0484836734375 0.1611328125 0.0484836734375 0.1669921875 0.045453367187499996 0.1689453125 0.045453367187499996 0.1708984375 0.0484836734375 0.1728515625 0.0484836734375 0.1826171875 0.0515139796875 0.1845703125 0.0515139796875 0.1865234375 0.0545442875 0.1884765625 0.0545442875 0.1904296875 0.0515139796875 0.1923828125 0.0515139796875 0.1943359375 0.0484836734375 0.1962890625 0.0484836734375 0.2138671875 0.045453367187499996 0.2158203125 0.045453367187499996 0.2294921875 0.042423059375 0.2314453125 0.042423059375 0.2333984375 0.0484836734375 0.2373046875 0.0484836734375 0.2451171875 0.042423059375 0.2490234375 0.042423059375 0.2607421875 0.039392753125 0.2626953125 0.039392753125 0.2802734375 0.042423059375 0.2822265625 0.042423059375 0.2841796875 0.045453367187499996 0.2861328125 0.045453367187499996 0.2939453125 0.042423059375 0.2958984375 0.042423059375 0.3173828125 0.0484836734375 0.3212890625 0.0484836734375 0.3251953125 0.036362446874999996 0.3330078125 0.036362446874999996 0.3369140625 0.033332140625 0.3388671875 0.033332140625 0.3603515625 0.036362446874999996 0.3623046875 0.036362446874999996 0.3642578125 0.04090790625 0.3671875 0.043938214062499995 0.3671875 0.045453367187499996 0.3681640625 0.045453367187499996 0.3701171875 0.0484836734375 0.3720703125 0.0484836734375 0.3759765625 0.042423059375 0.3798828125 0.042423059375 0.3994140625 0.045453367187499996 0.4013671875 0.045453367187499996 0.4052734375 0.042423059375 0.4072265625 0.042423059375 0.4091796875 0.039392753125 0.4111328125 0.039392753125 0.4130859375 0.036362446874999996 0.4150390625 0.036362446874999996 0.4306640625 0.033332140625 0.4326171875 0.033332140625 0.4384765625 0.036362446874999996 0.4404296875 0.036362446874999996 0.4443359375 0.042423059375 0.4482421875 0.042423059375 0.4501953125 0.045453367187499996 0.4521484375 0.045453367187499996 0.4541015625 0.042423059375 0.4560546875 0.042423059375 0.4580078125 0.033332140625 0.4638671875 0.033332140625 0.4833984375 0.036362446874999996 0.4853515625 0.036362446874999996 0.4873046875 0.042423059375 0.4912109375 0.042423059375 0.4931640625 0.045453367187499996 0.4951171875 0.045453367187499996 0.5009765625 0.042423059375 0.5029296875 0.042423059375 0.5185546875 0.039392753125 0.5205078125 0.042423059375 0.5224609375 0.042423059375 0.5263671875 0.045453367187499996 0.5283203125 0.045453367187499996 0.5302734375 0.042423059375 0.5322265625 0.042423059375 0.5361328125 0.039392753125 0.5380859375 0.039392753125 0.5673828125 0.042423059375 0.5693359375 0.042423059375 0.5830078125 0.039392753125 0.5849609375 0.039392753125 0.5908203125 0.036362446874999996 0.5927734375 0.036362446874999996 0.6044921875 0.039392753125 0.6064453125 0.039392753125 0.6083984375 0.042423059375 0.6103515625 0.042423059375 0.6162109375 0.036362446874999996 0.6201171875 0.036362446874999996 0.6220703125 0.033332140625 0.6240234375 0.033332140625 0.6337890625
