0 0.490625 0.5015625 0.946875 0.9765625
2 0.95546875 0.91484375 0.015625 0.025
2 0.95703125 0.83046875 0.0140625 0.021875
2 0.95078125 0.39765625 0.015625 0.0265625
2 0.93125 0.04140625 0.0125 0.01875
2 0.721875 0.02890625 0.01875 0.01875
2 0.50703125 0.02734375 0.015625 0.0171875
2 0.45078125 0.02890625 0.0140625 0.021875
2 0.1796875 0.021875 0.01875 0.01875
2 0.1546875 0.0265625 0.0125 0.01875
2 0.10234375 0.0234375 0.015625 0.021875
2 0.0515625 0.9546875 0.0125 0.025
2 0.13125 0.95859375 0.0171875 0.025
2 0.0953125 0.95390625 0.015625 0.021875
2 0.71953125 0.9765625 0.01875 0.01875
2 0.5921875 0.975 0.015625 0.025
2 0.4140625 0.96796875 0.015625 0.0234375
