2 0.103125 0.0375 0.0203125 0.0234375
2 0.13984375 0.0328125 0.021875 0.03125
2 0.18203125 0.028125 0.0171875 0.028125
2 0.2390625 0.01875 0.01875 0.028125
2 0.27890625 0.01953125 0.01875 0.0265625
2 0.31953125 0.02421875 0.0171875 0.0296875
2 0.36171875 0.0296875 0.021875 0.025
2 0.4046875 0.028125 0.0203125 0.025
2 0.4515625 0.0265625 0.015625 0.028125
2 0.6640625 0.0265625 0.01875 0.025
2 0.796875 0.02734375 0.0203125 0.0203125
2 0.878125 0.0265625 0.01875 0.025
2 0.040625 0.1875 0.0140625 0.0328125
2 0.0390625 0.23828125 0.0140625 0.025
2 0.03671875 0.3109375 0.01875 0.025
2 0.0375 0.36796875 0.0140625 0.03125
2 0.0375 0.478125 0.0140625 0.0265625
2 0.04375 0.5984375 0.01875 0.0328125
2 0.0453125 0.67734375 0.015625 0.0296875
2 0.04140625 0.72578125 0.0203125 0.0265625
2 0.04375 0.796875 0.0125 0.0296875
2 0.04296875 0.859375 0.015625 0.028125
1 0.0578125 0.94140625 0.0375 0.078125
2 0.2234375 0.95234375 0.01875 0.0234375
2 0.26640625 0.96640625 0.01875 0.0296875
2 0.29921875 0.96640625 0.015625 0.0203125
2 0.4203125 0.96640625 0.0234375 0.0296875
2 0.62265625 0.959375 0.0171875 0.021875
2 0.4640625 0.9671875 0.021875 0.021875
2 0.7046875 0.959375 0.015625 0.021875
2 0.75390625 0.959375 0.0171875 0.028125
0 0.3779296875 0.963637553125 0.3798828125 0.960607246875 0.3876953125 0.960607246875 0.3916015625 0.966667859375 0.4091796875 0.966667859375 0.4130859375 0.960607246875 0.4169921875 0.960607246875 0.4189453125 0.957576940625 0.4208984375 0.960607246875 0.4228515625 0.960607246875 0.4267578125 0.966667859375 0.4580078125 0.966667859375 0.4619140625 0.960607246875 0.4697265625 0.960607246875 0.4736328125 0.966667859375 0.4775390625 0.966667859375 0.4794921875 0.963637553125 0.4833984375 0.963637553125 0.4853515625 0.966667859375 0.4873046875 0.963637553125 0.4892578125 0.963637553125 0.4912109375 0.960607246875 0.4931640625 0.960607246875 0.4951171875 0.957576940625 0.5029296875 0.957576940625 0.5048828125 0.960607246875 0.5146484375 0.960607246875 0.5166015625 0.957576940625 0.5380859375 0.957576940625 0.5400390625 0.9545466328125001 0.5458984375 0.9545466328125001 0.5478515625 0.957576940625 0.5908203125 0.957576940625 0.5927734375 0.9545466328125001 0.5947265625 0.957576940625 0.5966796875 0.957576940625 0.5986328125 0.960607246875 0.6142578125 0.960607246875 0.6162109375 0.957576940625 0.6181640625 0.957576940625 0.6201171875 0.9545466328125001 0.6259765625 0.9545466328125001 0.6298828125 0.960607246875 0.6552734375 0.960607246875 0.6572265625 0.957576940625 0.6787109375 0.957576940625 0.6806640625 0.960607246875 0.7001953125 0.960607246875 0.7021484375 0.957576940625 0.7119140625 0.957576940625 0.7138671875 0.960607246875 0.7255859375 0.960607246875 0.7275390625 0.963637553125 0.7373046875 0.963637553125 0.7392578125 0.960607246875 0.7431640625 0.960607246875 0.7451171875 0.957576940625 0.7490234375 0.957576940625 0.7509765625 0.9545466328125001 0.7587890625 0.9545466328125001 0.7607421875 0.957576940625 0.7626953125 0.957576940625 0.7646484375 0.960607246875 0.7724609375 0.960607246875 0.7744140625 0.957576940625 0.7861328125 0.957576940625 0.7880859375 0.9545466328125001 0.8037109375 0.9545466328125001 0.8056640625 0.9515163265625001 0.8095703125 0.9515163265625001 0.8115234375 0.9545466328125001 0.8349609375 0.9545466328125001 0.8369140625 0.9515163265625001 0.8447265625 0.9515163265625001 0.8486328125 0.957576940625 0.8720703125 0.957576940625 0.8740234375 0.9545466328125001 0.8798828125 0.9545466328125001 0.8837890625 0.9484860203125001 0.8916015625 0.9484860203125001 0.8935546875 0.9515163265625001 0.9169921875 0.9515163265625001 0.9189453125 0.9484860203125001 0.9267578125 0.9484860203125001 0.9287109375 0.9515163265625001 0.9482421875 0.9515163265625001 0.9501953125 0.9484860203125001 0.9599609375 0.9484860203125001 0.962890625 0.9439405593749999 0.962890625 0.9136374921874999 0.9609375 0.910607184375 0.9609375 0.85000105 0.958984375 0.8469707421875 0.958984375 0.8106070609374999 0.9609375 0.8075767546874999 0.9609375 0.798485834375 0.962890625 0.795455528125 0.962890625 0.78030399375 0.96484375 0.7772736874999999 0.96484375 0.7681827671875 0.966796875 0.765152459375 0.966796875 0.7106069374999999 0.96484375 0.70757663125 0.96484375 0.692425096875 0.966796875 0.689394790625 0.966796875 0.66818264375 0.96875 0.6651523359375 0.96875 0.6287886546875 0.970703125 0.6257583484375 0.970703125 0.6196977343750001 0.96875 0.616667428125 0.96875 0.577273440625 0.966796875 0.5742431328125 0.96875 0.5712128265625 0.96875 0.56212190625 0.970703125 0.5590916 0.970703125 0.5015157703125 0.97265625 0.49848546406249994 0.970703125 0.4954551578125 0.970703125 0.4651520890625 0.97265625 0.46212178281250005 0.97265625 0.45606116874999997 0.970703125 0.4530308625 0.970703125 0.4409096359375 0.96875 0.437879328125 0.96875 0.40151564687499997 0.970703125 0.398485340625 0.970703125 0.34393981875 0.96875 0.3409095109375 0.96875 0.325757978125 0.970703125 0.322727671875 0.970703125 0.22878816093749998 0.96875 0.2257578546875 0.96875 0.186363865625 0.966796875 0.183333559375 0.96875 0.180303253125 0.96875 0.17121233281249998 0.970703125 0.1681820265625 0.970703125 0.15909110625 0.96875 0.1560607984375 0.96875 0.13787895781249998 0.970703125 0.1348486515625 0.970703125 0.12575773125 0.96875 0.12272742343750001 0.96875 0.10757589062499999 0.966796875 0.10454558437499999 0.966796875 0.0954546640625 0.96484375 0.09242435624999999 0.96484375 0.071212209375 0.966796875 0.06818190156250001 0.966796875 0.062121289062499994 0.96875 0.059090981249999994 0.96875 0.040909140625 0.9658203125 0.03636368125 0.9638671875 0.03636368125 0.9580078125 0.0272727609375 0.9560546875 0.0272727609375 0.9541015625 0.0242424546875 0.9267578125 0.0242424546875 0.9248046875 0.0272727609375 0.9228515625 0.0272727609375 0.9189453125 0.033333375 0.9169921875 0.033333375 0.9150390625 0.030303067187499998 0.9111328125 0.030303067187499998 0.9091796875 0.0272727609375 0.8955078125 0.0272727609375 0.8935546875 0.030303067187499998 0.8916015625 0.030303067187499998 0.8896484375 0.033333375 0.8876953125 0.033333375 0.8857421875 0.03636368125 0.8779296875 0.03636368125 0.8740234375 0.030303067187499998 0.8720703125 0.030303067187499998 0.8701171875 0.0272727609375 0.8681640625 0.0272727609375 0.8662109375 0.0242424546875 0.8486328125 0.0242424546875 0.8466796875 0.0272727609375 0.8408203125 0.0272727609375 0.8369140625 0.033333375 0.8310546875 0.033333375 0.8291015625 0.030303067187499998 0.8271484375 0.030303067187499998 0.8251953125 0.0272727609375 0.8173828125 0.0272727609375 0.8154296875 0.030303067187499998 0.8056640625 0.030303067187499998 0.8037109375 0.033333375 0.8017578125 0.033333375 0.7998046875 0.03636368125 0.7939453125 0.03636368125 0.7919921875 0.033333375 0.7900390625 0.033333375 0.7880859375 0.0272727609375 0.7822265625 0.0272727609375 0.7802734375 0.0242424546875 0.7685546875 0.0242424546875 0.7666015625 0.0272727609375 0.7587890625 0.0272727609375 0.7578125 0.028787914062499996 0.7578125 0.031818221875000004 0.7548828125 0.03636368125 0.7451171875 0.03636368125 0.7412109375 0.030303067187499998 0.7333984375 0.030303067187499998 0.7314453125 0.0272727609375 0.7255859375 0.0272727609375 0.7236328125 0.030303067187499998 0.7197265625 0.030303067187499998 0.7177734375 0.033333375 0.7060546875 0.033333375 0.7041015625 0.030303067187499998 0.6748046875 0.030303067187499998 0.6728515625 0.033333375 0.6708984375 0.033333375 0.6689453125 0.03636368125 0.6630859375 0.03636368125 0.6572265625 0.0272727609375 0.6533203125 0.0272727609375 0.6513671875 0.030303067187499998 0.6337890625 0.030303067187499998 0.6318359375 0.0272727609375 0.6181640625 0.0272727609375 0.6162109375 0.030303067187499998 0.6103515625 0.030303067187499998 0.6083984375 0.033333375 0.5908203125 0.033333375 0.5888671875 0.03636368125 0.5791015625 0.03636368125 0.5771484375 0.033333375 0.5439453125 0.033333375 0.5419921875 0.03636368125 0.5322265625 0.03636368125 0.5283203125 0.030303067187499998 0.5107421875 0.030303067187499998 0.5087890625 0.033333375 0.4970703125 0.033333375 0.4951171875 0.03636368125 0.4873046875 0.03636368125 0.4853515625 0.033333375 0.4833984375 0.033333375 0.4814453125 0.030303067187499998 0.4599609375 0.030303067187499998 0.4580078125 0.033333375 0.4560546875 0.033333375 0.4541015625 0.03636368125 0.4482421875 0.03636368125 0.4453125 0.031818221875000004 0.4453125 0.028787914062499996 0.4423828125 0.0242424546875 0.4169921875 0.0242424546875 0.4140625 0.028787914062499996 0.4140625 0.031818221875000004 0.4111328125 0.03636368125 0.4091796875 0.03636368125 0.4072265625 0.0393939875 0.4052734375 0.0393939875 0.4033203125 0.03636368125 0.4013671875 0.03636368125 0.3974609375 0.030303067187499998 0.3916015625 0.030303067187499998 0.3896484375 0.0272727609375 0.3837890625 0.0272727609375 0.3818359375 0.030303067187499998 0.3740234375 0.030303067187499998 0.3701171875 0.03636368125 0.3681640625 0.03636368125 0.3662109375 0.0393939875 0.3603515625 0.0393939875 0.3564453125 0.033333375 0.3291015625 0.033333375 0.3271484375 0.03636368125 0.3212890625 0.03636368125 0.31640625 0.028787914062499996 0.31640625 0.0257576078125 0.3154296875 0.0242424546875 0.3134765625 0.0242424546875 0.3115234375 0.021212146874999997 0.2919921875 0.021212146874999997 0.2841796875 0.033333375 0.2783203125 0.033333375 0.2763671875 0.030303067187499998 0.2744140625 0.030303067187499998 0.2705078125 0.0242424546875 0.2587890625 0.0242424546875 0.2568359375 0.0272727609375 0.2529296875 0.0272727609375 0.2509765625 0.030303067187499998 0.2470703125 0.030303067187499998 0.2451171875 0.033333375 0.2353515625 0.033333375 0.234375 0.031818221875000004 0.234375 0.028787914062499996 0.2294921875 0.021212146874999997 0.2001953125 0.021212146874999997 0.1982421875 0.0242424546875 0.1943359375 0.0242424546875 0.19140625 0.028787914062499996 0.19140625 0.031818221875000004 0.1865234375 0.0393939875 0.1806640625 0.0393939875 0.1767578125 0.033333375 0.1748046875 0.033333375 0.1708984375 0.0272727609375 0.1552734375 0.0272727609375 0.1533203125 0.030303067187499998 0.1474609375 0.030303067187499998 0.1396484375 0.0424242953125 0.1357421875 0.0424242953125 0.1298828125 0.033333375 0.1181640625 0.033333375 0.1162109375 0.03636368125 0.1103515625 0.03636368125 0.1044921875 0.0454546015625 0.0986328125 0.0454546015625 0.0966796875 0.0424242953125 0.0947265625 0.0424242953125 0.0927734375 0.0393939875 0.0869140625 0.0393939875 0.0849609375 0.03636368125 0.0810546875 0.03636368125 0.0791015625 0.0393939875 0.0771484375 0.0393939875 0.0751953125 0.0424242953125 0.0732421875 0.0393939875 0.0712890625 0.0393939875 0.0693359375 0.0424242953125 0.0673828125 0.0424242953125 0.0654296875 0.0454546015625 0.0634765625 0.0454546015625 0.0615234375 0.0484849078125 0.0537109375 0.0484849078125 0.0517578125 0.051515215625 0.0478515625 0.051515215625 0.044921875 0.056060675000000004 0.044921875 0.0651515953125 0.0390625 0.074242515625 0.0390625 0.10454558437499999 0.041015625 0.10757589062499999 0.041015625 0.12272742343750001 0.0390625 0.12575773125 0.0390625 0.1287880375 0.037109375 0.13181834375 0.037109375 0.140909265625 0.0390625 0.143939571875 0.0390625 0.17121233281249998 0.041015625 0.17424263906249998 0.041015625 0.177272946875 0.04296875 0.180303253125 0.04296875 0.183333559375 0.044921875 0.186363865625 0.044921875 0.1924244796875 0.0390625 0.20151539999999998 0.0390625 0.22878816093749998 0.0400390625 0.23030331406250001 0.0419921875 0.23030331406250001 0.044921875 0.23484877499999998 0.044921875 0.2439396953125 0.0400390625 0.2515154625 0.0380859375 0.2515154625 0.03515625 0.25606092187499996 0.03515625 0.27727307031250004 0.033203125 0.2803033765625 0.033203125 0.28333368281250004 0.03515625 0.286363990625 0.03515625 0.3015155234375 0.0380859375 0.306060984375 0.0400390625 0.306060984375 0.041015625 0.3075761375 0.041015625 0.3196973640625 0.0380859375 0.324242825 0.0361328125 0.324242825 0.03515625 0.325757978125 0.03515625 0.3560610453125 0.037109375 0.359091353125 0.037109375 0.36212165937499996 0.0400390625 0.36666711875 0.0419921875 0.36666711875 0.04296875 0.3681822734375 0.04296875 0.37727319375 0.0400390625 0.38181865312499996 0.0380859375 0.38181865312499996 0.037109375 0.38333380625 0.037109375 0.40757626093750005 0.0390625 0.4106065671875 0.0390625 0.4136368734375 0.04296875 0.4196974875 0.04296875 0.434849021875 0.041015625 0.437879328125 0.041015625 0.45000055625 0.0390625 0.4530308625 0.0390625 0.4651520890625 0.0400390625 0.4666672421875 0.0419921875 0.4666672421875 0.044921875 0.47121270312499997 0.044921875 0.4863642375 0.04296875 0.48939454375 0.04296875 0.49242485 0.041015625 0.4954551578125 0.041015625 0.5196976109375 0.0390625 0.52272791875 0.0390625 0.5257582249999999 0.041015625 0.52878853125 0.041015625 0.5348491453124999 0.044921875 0.5409097593750001 0.044921875 0.546970371875 0.046875 0.550000678125 0.044921875 0.5530309859375 0.044921875 0.5590916 0.04296875 0.56212190625 0.04296875 0.5712128265625 0.044921875 0.5742431328125 0.044921875 0.5924249734375 0.046875 0.59545528125 0.046875 0.6106068140625001 0.044921875 0.613637121875 0.044921875 0.6196977343750001 0.04296875 0.622728040625 0.04296875 0.63484926875 0.044921875 0.637879575 0.044921875 0.66818264375 0.048828125 0.67424325625 0.048828125 0.6863644843750001 0.0478515625 0.6878796375 0.0458984375 0.6878796375 0.041015625 0.6954554046875 0.04296875 0.6984857109375 0.041015625 0.7015160171875 0.041015625 0.7196978578125 0.044921875 0.722728165625 0.044921875 0.7257584718750001 0.046875 0.728788778125 0.046875 0.7318190859375 0.044921875 0.7348493921875 0.044921875 0.7378796984375 0.0439453125 0.7393948515625001 0.0419921875 0.7393948515625001 0.0390625 0.7439403125 0.0390625 0.7772736874999999 0.041015625 0.78030399375 0.041015625 0.7863646078125 0.046875 0.795455528125 0.046875 0.8045464484375 0.041015625 0.81363736875 0.041015625 0.8439404359375 0.044921875 0.85000105 0.044921875 0.85303135625 0.046875 0.8560616624999999 0.046875 0.8651525828125 0.044921875 0.8681828906250001 0.044921875 0.8712131968750001 0.04296875 0.874243503125 0.04296875 0.8772738109375 0.044921875 0.8803041171875 0.044921875 0.907576878125 0.05078125 0.9166677984374999 0.05078125 0.9196981046875001 0.052734375 0.9227284125 0.052734375 0.928789025 0.0546875 0.9318193328125 0.0546875 0.9378799453125 0.056640625 0.940910253125 0.056640625 0.9439405593749999 0.0615234375 0.9515163265625001 0.0673828125 0.9515163265625001 0.0712890625 0.957576940625 0.0966796875 0.957576940625 0.0986328125 0.9545466328125001 0.1025390625 0.9545466328125001 0.1044921875 0.957576940625 0.1064453125 0.957576940625 0.1083984375 0.960607246875 0.1103515625 0.960607246875 0.1123046875 0.963637553125 0.1201171875 0.963637553125 0.1220703125 0.960607246875 0.1240234375 0.960607246875 0.1259765625 0.963637553125 0.1279296875 0.963637553125 0.1298828125 0.960607246875 0.1376953125 0.960607246875 0.1396484375 0.957576940625 0.1513671875 0.957576940625 0.1533203125 0.960607246875 0.1708984375 0.960607246875 0.1728515625 0.957576940625 0.1767578125 0.957576940625 0.1787109375 0.9545466328125001 0.1826171875 0.9545466328125001 0.1845703125 0.957576940625 0.2138671875 0.957576940625 0.2158203125 0.9545466328125001 0.2177734375 0.9545466328125001 0.2216796875 0.9484860203125001 0.2275390625 0.9484860203125001 0.2314453125 0.9545466328125001 0.2333984375 0.9545466328125001 0.2353515625 0.957576940625 0.2607421875 0.957576940625 0.2626953125 0.9545466328125001 0.2646484375 0.9545466328125001 0.2666015625 0.957576940625 0.2685546875 0.957576940625 0.271484375 0.9621223999999999 0.271484375 0.9651527062499999 0.2724609375 0.966667859375 0.2744140625 0.966667859375 0.2763671875 0.9696981671874999 0.2880859375 0.9696981671874999 0.2900390625 0.966667859375 0.2919921875 0.966667859375 0.2939453125 0.963637553125 0.2958984375 0.963637553125 0.2978515625 0.960607246875 0.3017578125 0.960607246875 0.3076171875 0.9696981671874999 0.3271484375 0.9696981671874999 0.328125 0.9681830140625 0.3291015625 0.966667859375 0.3349609375 0.966667859375 0.3369140625 0.963637553125 0.3408203125 0.963637553125 0.3427734375 0.966667859375 0.3642578125 0.966667859375 0.3662109375 0.963637553125 0.3779296875 0.963637553125
