2 0.0609375 0.9578125 0.01875 0.01875
2 0.040625 0.80390625 0.015625 0.028125
2 0.040625 0.753125 0.01875 0.03125
2 0.0390625 0.68359375 0.01875 0.028125
2 0.040625 0.6234375 0.01875 0.03125
2 0.04296875 0.571875 0.021875 0.034375
2 0.040625 0.515625 0.0203125 0.0328125
2 0.04296875 0.3921875 0.01875 0.025
2 0.046875 0.3125 0.021875 0.028125
2 0.046875 0.26328125 0.0125 0.028125
2 0.046875 0.196875 0.0140625 0.025
2 0.0484375 0.134375 0.01875 0.028125
2 0.04921875 0.0734375 0.01875 0.025
2 0.15078125 0.03203125 0.021875 0.03125
2 0.18359375 0.03671875 0.021875 0.028125
2 0.2265625 0.0421875 0.01875 0.025
2 0.26640625 0.03828125 0.009375 0.0234375
2 0.30078125 0.03515625 0.01875 0.021875
2 0.34296875 0.0328125 0.025 0.025
2 0.3859375 0.03359375 0.01875 0.0265625
2 0.42109375 0.0359375 0.01875 0.01875
2 0.46875 0.03359375 0.01875 0.0265625
2 0.50234375 0.03828125 0.015625 0.0203125
2 0.54453125 0.0390625 0.021875 0.028125
2 0.67421875 0.03828125 0.0203125 0.0265625
2 0.70703125 0.040625 0.021875 0.0203125
2 0.7546875 0.04375 0.025 0.03125
2 0.8125 0.0453125 0.0234375 0.01875
2 0.84296875 0.046875 0.0234375 0.028125
2 0.8890625 0.05 0.01875 0.0203125
2 0.10390625 0.96484375 0.028125 0.028125
2 0.14296875 0.965625 0.021875 0.021875
2 0.1859375 0.9703125 0.0234375 0.028125
2 0.24296875 0.975 0.028125 0.03125
2 0.32109375 0.97109375 0.015625 0.028125
2 0.3640625 0.97421875 0.03125 0.0390625
2 0.40859375 0.97421875 0.034375 0.0265625
2 0.45 0.98203125 0.0203125 0.034375
2 0.49140625 0.98359375 0.01875 0.0296875
2 0.53359375 0.978125 0.01875 0.034375
2 0.58125 0.98125 0.021875 0.034375
2 0.63359375 0.9828125 0.0234375 0.028125
2 0.66875 0.98046875 0.021875 0.028125
2 0.7109375 0.98203125 0.021875 0.0296875
2 0.74921875 0.98046875 0.01875 0.03125
2 0.79453125 0.98125 0.021875 0.025
2 0.88046875 0.98046875 0.01875 0.0265625
2 0.9140625 0.98203125 0.01875 0.0296875
0 0.026481971875 0.2509481671875 0.03625993125 0.9500632109374999 0.037482175 0.9557522125 0.039315542187500004 0.9582806578125 0.0497046234375 0.9627054359375 0.16255856562499998 0.9788242734375 0.20472601406250002 0.98135271875 0.9295172140625001 1 0.9727031984375 0.9826169406249999 0.9696475859374999 0.04393173125 0.18129965312500002 0.020227559375000002 0.0947239765625 0.026548671875000002 0.0387044203125 0.028128950000000003 0.026481971875 0.2509481671875
