0 0.885 0.1383333328125 0.14875 0.1366666671875 0.1625 0.9508333328124999 0.89125 0.9758333328125 0.90625 0.9583333328125001 0.885 0.1383333328125
2 0.89921875 0.94453125 0.015625 0.0125
2 0.89453125 0.91484375 0.01875 0.0125
2 0.8953125 0.87421875 0.015625 0.0125
2 0.89609375 0.83984375 0.015625 0.0125
2 0.8953125 0.709375 0.0171875 0.0140625
2 0.9015625 0.63984375 0.021875 0.0125
2 0.8890625 0.496875 0.01875 0.0140625
2 0.8828125 0.19296875 0.01875 0.0125
2 0.15703125 0.64765625 0.0140625 0.009375
2 0.1546875 0.50390625 0.015625 0.015625
2 0.14765625 0.42890625 0.015625 0.015625
2 0.153125 0.3828125 0.0140625 0.0125
2 0.146875 0.30625 0.0140625 0.0140625
2 0.1515625 0.24453125 0.0140625 0.009375
