2 0.05625 0.8828125 0.0203125 0.03125
2 0.05625 0.790625 0.015625 0.0234375
2 0.05703125 0.73046875 0.0171875 0.03125
2 0.0734375 0.6546875 0.015625 0.0265625
2 0.06484375 0.43125 0.015625 0.0265625
2 0.07265625 0.36484375 0.015625 0.025
2 0.06015625 0.284375 0.0125 0.0234375
2 0.06328125 0.2125 0.0140625 0.021875
2 0.06015625 0.14375 0.0125 0.025
2 0.05390625 0.0875 0.0125 0.0234375
2 0.09140625 0.9265625 0.015625 0.01875
2 0.815625 0.90703125 0.0125 0.015625
0 0.046875 0.9068751 0.0498046875 0.9114550124999999 0.0537109375 0.9145082875 0.1123046875 0.929774665625 0.2333984375 0.932827940625 0.4189453125 0.932827940625 0.6416015625 0.9267213906249999 0.9658203125 0.9084017375 0.9755859375 0.9022951859375 0.978515625 0.8977152734375 0.984375 0.8427563156250001 0.984375 0.662613065625 0.98046875 0.342019146875 0.974609375 0.045851431250000005 0.970703125 0.0336383296875 0.9658203125 0.026005140625 0.3974609375 0.0198985890625 0.2509765625 0.0198985890625 0.1767578125 0.0229518640625 0.0576171875 0.0382182421875 0.0517578125 0.0412715171875 0.048828125 0.045851431250000005 0.046875 0.9038218234375 0.046875 0.9068751
