0 0.51484375 0.50625 0.946875 0.96484375
2 0.284375 0.0375 0.0171875 0.02421875
2 0.37421875 0.03515625 0.01328125 0.01875
2 0.67421875 0.04609375 0.01875 0.02421875
2 0.9078125 0.05390625 0.02109375 0.0265625
2 0.9515625 0.0546875 0.01640625 0.03046875
2 0.98046875 0.06953125 0.01484375 0.0203125
2 0.8546875 0.975 0.0203125 0.0203125
2 0.74609375 0.975 0.0203125 0.02265625
2 0.66328125 0.9796875 0.01875 0.01875
2 0.5578125 0.97890625 0.01796875 0.01875
2 0.4234375 0.97734375 0.0171875 0.01875
2 0.0546875 0.61875 0.01484375 0.0203125
2 0.0515625 0.5453125 0.01640625 0.0203125
2 0.053125 0.325 0.01640625 0.02734375
2 0.04765625 0.25078125 0.015625 0.02109375
