2 0.14453125 0.1140625 0.01171875 0.0203125
2 0.2484375 0.11953125 0.0140625 0.02109375
2 0.28671875 0.12421875 0.01328125 0.01796875
2 0.10625 0.74140625 0.0140625 0.02109375
2 0.3875 0.85078125 0.0109375 0.0125
2 0.71171875 0.846875 0.01171875 0.0125
2 0.85078125 0.82421875 0.0109375 0.01484375
2 0.85703125 0.778125 0.0109375 0.01640625
2 0.85703125 0.73203125 0.01328125 0.01640625
2 0.85234375 0.63671875 0.01171875 0.0140625
2 0.85859375 0.67734375 0.0109375 0.0171875
2 0.85546875 0.57421875 0.0109375 0.015625
2 0.8578125 0.53203125 0.0109375 0.02109375
2 0.86015625 0.47890625 0.01171875 0.02265625
2 0.859375 0.3953125 0.01171875 0.0234375
2 0.8625 0.34609375 0.0125 0.02265625
2 0.86015625 0.29609375 0.0125 0.021875
2 0.86015625 0.2515625 0.009375 0.01640625
0 0.6806640625 0.8525390625 0.6826171875 0.849609375 0.6904296875 0.849609375 0.6923828125 0.8466796875 0.7060546875 0.8466796875 0.7080078125 0.84375 0.7138671875 0.84375 0.7158203125 0.8466796875 0.7177734375 0.8466796875 0.7197265625 0.849609375 0.7412109375 0.849609375 0.7431640625 0.8525390625 0.7666015625 0.8525390625 0.7685546875 0.849609375 0.7744140625 0.849609375 0.7763671875 0.8466796875 0.8427734375 0.8466796875 0.8466796875 0.8525390625 0.8505859375 0.8525390625 0.8525390625 0.849609375 0.8544921875 0.849609375 0.8564453125 0.8525390625 0.859375 0.84814453125 0.859375 0.80419921875 0.861328125 0.80126953125 0.859375 0.79833984375 0.859375 0.78955078125 0.85546875 0.78369140625 0.85546875 0.77783203125 0.857421875 0.77490234375 0.857421875 0.77197265625 0.859375 0.76904296875 0.859375 0.74267578125 0.853515625 0.73388671875 0.853515625 0.73095703125 0.857421875 0.72509765625 0.857421875 0.72216796875 0.859375 0.71923828125 0.859375 0.71630859375 0.861328125 0.71337890625 0.861328125 0.69580078125 0.859375 0.69287109375 0.859375 0.68701171875 0.857421875 0.68408203125 0.857421875 0.68115234375 0.85546875 0.67822265625 0.85546875 0.67529296875 0.859375 0.66943359375 0.859375 0.66650390625 0.861328125 0.66357421875 0.861328125 0.64306640625 0.859375 0.64013671875 0.859375 0.62548828125 0.861328125 0.62255859375 0.861328125 0.58447265625 0.859375 0.58154296875 0.859375 0.56982421875 0.861328125 0.56689453125 0.861328125 0.56103515625 0.86328125 0.55810546875 0.86328125 0.54345703125 0.8583984375 0.5361328125 0.8564453125 0.5361328125 0.85546875 0.53466796875 0.85546875 0.52880859375 0.859375 0.52294921875 0.859375 0.52001953125 0.861328125 0.51708984375 0.861328125 0.48779296875 0.857421875 0.48193359375 0.857421875 0.47607421875 0.861328125 0.47021484375 0.861328125 0.46728515625 0.86328125 0.46435546875 0.86328125 0.45849609375 0.865234375 0.45556640625 0.865234375 0.44970703125 0.861328125 0.44384765625 0.861328125 0.42919921875 0.86328125 0.42626953125 0.86328125 0.40869140625 0.857421875 0.39990234375 0.857421875 0.39404296875 0.86328125 0.38525390625 0.86328125 0.38232421875 0.865234375 0.37939453125 0.865234375 0.35888671875 0.861328125 0.35302734375 0.861328125 0.35009765625 0.859375 0.34716796875 0.861328125 0.34423828125 0.861328125 0.34130859375 0.86328125 0.33837890625 0.86328125 0.32958984375 0.865234375 0.32666015625 0.865234375 0.32080078125 0.86328125 0.31787109375 0.86328125 0.31201171875 0.861328125 0.30908203125 0.861328125 0.30029296875 0.859375 0.29736328125 0.859375 0.29150390625 0.86328125 0.28564453125 0.86328125 0.26220703125 0.859375 0.25634765625 0.859375 0.24755859375 0.86328125 0.24169921875 0.86328125 0.23583984375 0.865234375 0.23291015625 0.865234375 0.22119140625 0.8671875 0.21826171875 0.8671875 0.20654296875 0.865234375 0.20361328125 0.865234375 0.20068359375 0.86328125 0.19775390625 0.86328125 0.19189453125 0.8671875 0.18603515625 0.8671875 0.16845703125 0.8583984375 0.1552734375 0.8525390625 0.1552734375 0.8505859375 0.15234375 0.8466796875 0.15234375 0.8447265625 0.1494140625 0.8408203125 0.1494140625 0.8388671875 0.146484375 0.8251953125 0.146484375 0.8232421875 0.1494140625 0.8154296875 0.1494140625 0.8134765625 0.146484375 0.8115234375 0.146484375 0.8095703125 0.1435546875 0.8037109375 0.1435546875 0.8017578125 0.140625 0.7958984375 0.140625 0.7939453125 0.1435546875 0.7783203125 0.1435546875 0.7763671875 0.140625 0.7666015625 0.140625 0.7646484375 0.1376953125 0.7568359375 0.1376953125 0.7548828125 0.140625 0.7470703125 0.140625 0.7451171875 0.1376953125 0.7236328125 0.1376953125 0.7216796875 0.134765625 0.6416015625 0.134765625 0.6396484375 0.1376953125 0.6220703125 0.1376953125 0.6201171875 0.134765625 0.6123046875 0.134765625 0.6103515625 0.1376953125 0.5986328125 0.1376953125 0.5966796875 0.134765625 0.5751953125 0.134765625 0.5732421875 0.1376953125 0.5654296875 0.1376953125 0.5634765625 0.134765625 0.5400390625 0.134765625 0.5380859375 0.1318359375 0.5048828125 0.1318359375 0.5029296875 0.134765625 0.4970703125 0.134765625 0.4951171875 0.1318359375 0.4814453125 0.1318359375 0.4794921875 0.12890625 0.4677734375 0.12890625 0.4658203125 0.1318359375 0.4638671875 0.1318359375 0.4619140625 0.134765625 0.4580078125 0.134765625 0.4560546875 0.1318359375 0.4541015625 0.1318359375 0.4521484375 0.12890625 0.4306640625 0.12890625 0.4287109375 0.1318359375 0.4189453125 0.1318359375 0.4169921875 0.12890625 0.4072265625 0.12890625 0.4052734375 0.1259765625 0.3740234375 0.1259765625 0.3720703125 0.12890625 0.3642578125 0.12890625 0.3623046875 0.1318359375 0.3525390625 0.1318359375 0.3486328125 0.1259765625 0.3369140625 0.1259765625 0.3349609375 0.123046875 0.3330078125 0.1259765625 0.3212890625 0.1259765625 0.3193359375 0.12890625 0.3134765625 0.12890625 0.3115234375 0.1259765625 0.3076171875 0.1259765625 0.3056640625 0.123046875 0.2939453125 0.123046875 0.2900390625 0.12890625 0.2822265625 0.12890625 0.28125 0.12744140625 0.28125 0.12451171875 0.2802734375 0.123046875 0.2783203125 0.123046875 0.2763671875 0.1201171875 0.2666015625 0.1201171875 0.2646484375 0.1171875 0.2568359375 0.1171875 0.2490234375 0.12890625 0.2470703125 0.12890625 0.2412109375 0.1201171875 0.2392578125 0.1201171875 0.2373046875 0.1171875 0.2236328125 0.1171875 0.2216796875 0.1201171875 0.2197265625 0.1201171875 0.2158203125 0.1259765625 0.2138671875 0.1259765625 0.2119140625 0.12890625 0.2080078125 0.12890625 0.2060546875 0.1318359375 0.2041015625 0.1318359375 0.2001953125 0.1376953125 0.1884765625 0.1376953125 0.1865234375 0.134765625 0.1845703125 0.134765625 0.1826171875 0.1318359375 0.1806640625 0.1318359375 0.1787109375 0.12890625 0.1767578125 0.12890625 0.17578125 0.12744140625 0.17578125 0.12451171875 0.173828125 0.12158203125 0.173828125 0.11865234375 0.1728515625 0.1171875 0.1708984375 0.1171875 0.1689453125 0.1142578125 0.1494140625 0.1142578125 0.1474609375 0.1171875 0.1416015625 0.1171875 0.1396484375 0.1142578125 0.1279296875 0.1142578125 0.1259765625 0.111328125 0.1181640625 0.111328125 0.1162109375 0.1142578125 0.1142578125 0.1142578125 0.1103515625 0.1201171875 0.1083984375 0.1201171875 0.107421875 0.12158203125 0.107421875 0.12451171875 0.103515625 0.13037109375 0.103515625 0.16259765625 0.10546875 0.16552734375 0.10546875 0.18310546875 0.1015625 0.18896484375 0.1015625 0.19189453125 0.099609375 0.19482421875 0.099609375 0.21826171875 0.1015625 0.22119140625 0.1015625 0.22412109375 0.103515625 0.22705078125 0.103515625 0.23291015625 0.1015625 0.23583984375 0.1015625 0.26513671875 0.099609375 0.26806640625 0.099609375 0.31201171875 0.09765625 0.31494140625 0.09765625 0.33251953125 0.099609375 0.33544921875 0.099609375 0.49072265625 0.09765625 0.49365234375 0.09765625 0.49658203125 0.099609375 0.49951171875 0.099609375 0.53466796875 0.1015625 0.53759765625 0.1015625 0.54638671875 0.099609375 0.54931640625 0.099609375 0.56103515625 0.1015625 0.56396484375 0.1015625 0.60498046875 0.099609375 0.60791015625 0.099609375 0.61669921875 0.1015625 0.61962890625 0.099609375 0.62255859375 0.1015625 0.62548828125 0.1015625 0.63427734375 0.103515625 0.63720703125 0.103515625 0.64599609375 0.1015625 0.64892578125 0.1015625 0.66357421875 0.099609375 0.66650390625 0.099609375 0.67236328125 0.1015625 0.67529296875 0.099609375 0.67822265625 0.099609375 0.68408203125 0.1015625 0.68701171875 0.1015625 0.72216796875 0.103515625 0.72509765625 0.103515625 0.73095703125 0.1044921875 0.732421875 0.1064453125 0.732421875 0.109375 0.73681640625 0.109375 0.74560546875 0.107421875 0.74853515625 0.107421875 0.75146484375 0.10546875 0.75439453125 0.10546875 0.75732421875 0.103515625 0.76025390625 0.103515625 0.76611328125 0.1015625 0.76904296875 0.1015625 0.78955078125 0.103515625 0.79248046875 0.103515625 0.79541015625 0.1015625 0.79833984375 0.1015625 0.80419921875 0.099609375 0.80712890625 0.099609375 0.82470703125 0.1015625 0.82763671875 0.1015625 0.84228515625 0.1044921875 0.8466796875 0.1064453125 0.8466796875 0.1083984375 0.849609375 0.1259765625 0.849609375 0.1279296875 0.8525390625 0.1611328125 0.8525390625 0.1630859375 0.849609375 0.1650390625 0.849609375 0.1669921875 0.8466796875 0.1728515625 0.8466796875 0.1748046875 0.849609375 0.1826171875 0.849609375 0.1904296875 0.837890625 0.1923828125 0.837890625 0.1943359375 0.8349609375 0.2041015625 0.8349609375 0.2060546875 0.837890625 0.2099609375 0.837890625 0.2119140625 0.8408203125 0.2158203125 0.8408203125 0.2177734375 0.84375 0.2333984375 0.84375 0.2353515625 0.8466796875 0.2490234375 0.8466796875 0.2509765625 0.849609375 0.2529296875 0.849609375 0.2548828125 0.8466796875 0.2744140625 0.8466796875 0.2763671875 0.849609375 0.2841796875 0.849609375 0.2861328125 0.8525390625 0.2919921875 0.8525390625 0.2939453125 0.85546875 0.3115234375 0.85546875 0.3134765625 0.8525390625 0.3486328125 0.8525390625 0.3505859375 0.85546875 0.3798828125 0.85546875 0.3837890625 0.849609375 0.3896484375 0.849609375 0.3916015625 0.8525390625 0.4052734375 0.8525390625 0.4072265625 0.849609375 0.4130859375 0.849609375 0.4150390625 0.8525390625 0.4169921875 0.8525390625 0.4189453125 0.85546875 0.4462890625 0.85546875 0.4501953125 0.849609375 0.4580078125 0.849609375 0.4599609375 0.8525390625 0.4755859375 0.8525390625 0.4775390625 0.85546875 0.4833984375 0.85546875 0.4853515625 0.8525390625 0.4912109375 0.8525390625 0.4931640625 0.85546875 0.5185546875 0.85546875 0.5205078125 0.8583984375 0.5458984375 0.8583984375 0.5478515625 0.85546875 0.5869140625 0.85546875 0.5888671875 0.8583984375 0.6630859375 0.8583984375 0.6640625 0.85693359375 0.6650390625 0.85546875 0.6708984375 0.85546875 0.6728515625 0.8525390625 0.6806640625 0.8525390625
