0 0.0947239765625 0.957648546875 0.1415766953125 0.9639696593749999 0.9665919734375 0.959228825 0.9727031984375 0.011061946875 0.24954165781249998 0.012642225000000002 0.2322265234375 0 0.189447953125 0.014222503124999999 0.0376858828125 0.02212389375 0.0407414953125 0.8723135265625 0.0437971078125 0.9102402015625 0.0651863921875 0.951327434375 0.0947239765625 0.957648546875
2 0.059375 0.02421875 0.02109375 0.0265625
2 0.1046875 0.02421875 0.02578125 0.0203125
2 0.1890625 0.01875 0.0234375 0.025
2 0.2421875 0.01484375 0.01796875 0.0296875
2 0.32578125 0.01640625 0.0203125 0.0234375
2 0.496875 0.01953125 0.0265625 0.0265625
2 0.5359375 0.0140625 0.01953125 0.021875
2 0.6359375 0.0140625 0.02578125 0.028125
2 0.6703125 0.0140625 0.0203125 0.028125
2 0.0421875 0.0546875 0.01328125 0.0296875
2 0.03984375 0.11328125 0.0140625 0.03671875
2 0.03984375 0.1859375 0.01953125 0.03984375
2 0.040625 0.2359375 0.01640625 0.0328125
2 0.0390625 0.3078125 0.01796875 0.025
2 0.03984375 0.36640625 0.0203125 0.03125
2 0.0421875 0.475 0.02109375 0.0328125
2 0.04296875 0.5453125 0.015625 0.03125
2 0.04453125 0.6734375 0.01953125 0.03125
2 0.04453125 0.79140625 0.02265625 0.05703125
1 0.06875 0.9171875 0.07421875 0.121875
