2 0.965625 0.89609375 0.0265625 0.01875
2 0.96796875 0.8609375 0.0203125 0.015625
2 0.9671875 0.8109375 0.0234375 0.01875
2 0.95703125 0.61328125 0.015625 0.0359375
2 0.96328125 0.56796875 0.0140625 0.0375
2 0.9640625 0.50546875 0.021875 0.0125
2 0.96015625 0.4578125 0.015625 0.015625
2 0.96171875 0.41328125 0.015625 0.0125
2 0.95859375 0.33125 0.0171875 0.0125
2 0.95859375 0.28515625 0.015625 0.015625
2 0.9546875 0.246875 0.015625 0.0125
2 0.95546875 0.2 0.0140625 0.0125
2 0.9546875 0.1171875 0.01875 0.0125
2 0.959375 0.07578125 0.0140625 0.015625
2 0.096875 0.03984375 0.0234375 0.009375
2 0.16953125 0.0453125 0.0203125 0.009375
2 0.290625 0.0375 0.0203125 0.009375
2 0.0375 0.33125 0.0140625 0.0125
2 0.03828125 0.384375 0.01875 0.0140625
2 0.0421875 0.41484375 0.0140625 0.0109375
2 0.04375 0.465625 0.015625 0.0125
2 0.0609375 0.7828125 0.015625 0.01875
2 0.04921875 0.7421875 0.025 0.0125
2 0.0578125 0.940625 0.0125 0.0109375
2 0.096875 0.9578125 0.0171875 0.0140625
2 0.15859375 0.9625 0.01875 0.009375
2 0.2171875 0.9609375 0.021875 0.0125
2 0.2859375 0.9609375 0.021875 0.0109375
2 0.3375 0.95625 0.025 0.015625
2 0.41953125 0.9578125 0.01875 0.0171875
2 0.4734375 0.95625 0.01875 0.0140625
2 0.5390625 0.95859375 0.0265625 0.0140625
2 0.59375 0.9609375 0.021875 0.009375
2 0.64765625 0.95703125 0.0265625 0.0125
2 0.7046875 0.95703125 0.021875 0.0125
2 0.77265625 0.95234375 0.028125 0.0140625
2 0.83125 0.95390625 0.0203125 0.0125
0 0.036362446874999996 0.0888671875 0.03484729375 0.08984375 0.033332140625 0.0908203125 0.033332140625 0.1005859375 0.036362446874999996 0.1025390625 0.036362446874999996 0.1044921875 0.033332140625 0.1064453125 0.033332140625 0.1083984375 0.036362446874999996 0.1103515625 0.036362446874999996 0.1142578125 0.039392753125 0.1162109375 0.039392753125 0.1259765625 0.036362446874999996 0.1279296875 0.036362446874999996 0.1357421875 0.033332140625 0.1376953125 0.033332140625 0.1630859375 0.036362446874999996 0.1650390625 0.036362446874999996 0.1728515625 0.033332140625 0.1748046875 0.033332140625 0.1904296875 0.036362446874999996 0.1923828125 0.036362446874999996 0.1943359375 0.039392753125 0.1962890625 0.039392753125 0.2412109375 0.042423059375 0.2431640625 0.042423059375 0.2509765625 0.039392753125 0.2529296875 0.039392753125 0.2548828125 0.036362446874999996 0.2568359375 0.036362446874999996 0.2587890625 0.033332140625 0.2607421875 0.033332140625 0.2626953125 0.036362446874999996 0.2646484375 0.036362446874999996 0.2939453125 0.039392753125 0.2958984375 0.039392753125 0.3017578125 0.036362446874999996 0.3037109375 0.036362446874999996 0.3076171875 0.033332140625 0.3095703125 0.033332140625 0.3232421875 0.039392753125 0.3271484375 0.039392753125 0.3291015625 0.042423059375 0.3310546875 0.042423059375 0.3330078125 0.039392753125 0.3349609375 0.039392753125 0.3388671875 0.036362446874999996 0.3408203125 0.036362446874999996 0.3720703125 0.039392753125 0.3740234375 0.039392753125 0.3779296875 0.045453367187499996 0.3798828125 0.045453367187499996 0.3876953125 0.039392753125 0.3916015625 0.039392753125 0.3935546875 0.036362446874999996 0.3955078125 0.036362446874999996 0.4052734375 0.045453367187499996 0.4111328125 0.045453367187499996 0.4189453125 0.042423059375 0.4208984375 0.042423059375 0.4404296875 0.039392753125 0.4423828125 0.039392753125 0.4541015625 0.042423059375 0.4560546875 0.042423059375 0.4580078125 0.045453367187499996 0.4599609375 0.045453367187499996 0.4619140625 0.0484836734375 0.4638671875 0.0484836734375 0.4677734375 0.045453367187499996 0.4697265625 0.045453367187499996 0.4716796875 0.042423059375 0.4736328125 0.042423059375 0.4873046875 0.039392753125 0.4892578125 0.039392753125 0.5009765625 0.042423059375 0.5029296875 0.042423059375 0.5068359375 0.045453367187499996 0.5087890625 0.045453367187499996 0.5400390625 0.042423059375 0.5419921875 0.042423059375 0.5830078125 0.045453367187499996 0.5849609375 0.045453367187499996 0.5869140625 0.0484836734375 0.5888671875 0.0484836734375 0.5908203125 0.045453367187499996 0.5927734375 0.045453367187499996 0.6181640625 0.0484836734375 0.6201171875 0.0484836734375 0.6259765625 0.042423059375 0.6298828125 0.042423059375 0.6357421875 0.039392753125 0.6376953125 0.039392753125 0.6474609375 0.036362446874999996 0.6494140625 0.036362446874999996 0.6611328125 0.039392753125 0.6630859375 0.039392753125 0.6650390625 0.042423059375 0.6669921875 0.042423059375 0.6708984375 0.039392753125 0.6728515625 0.039392753125 0.6748046875 0.036362446874999996 0.6767578125 0.036362446874999996 0.6943359375 0.039392753125 0.6962890625 0.039392753125 0.7001953125 0.045453367187499996 0.7041015625 0.045453367187499996 0.7060546875 0.0484836734375 0.7080078125 0.0484836734375 0.7158203125 0.045453367187499996 0.7177734375 0.045453367187499996 0.7314453125 0.0545442875 0.7373046875 0.0545442875 0.7548828125 0.05757459375 0.7568359375 0.05757459375 0.7646484375 0.060604899999999996 0.7666015625 0.060604899999999996 0.7763671875 0.0666655140625 0.7802734375 0.0666655140625 0.7861328125 0.06363520781250001 0.7880859375 0.06363520781250001 0.7900390625 0.060604899999999996 0.7919921875 0.060604899999999996 0.8095703125 0.05757459375 0.8115234375 0.05757459375 0.8310546875 0.0545442875 0.8330078125 0.0545442875 0.8349609375 0.0515139796875 0.8369140625 0.0515139796875 0.8525390625 0.0545442875 0.8544921875 0.0545442875 0.8642578125 0.05757459375 0.8662109375 0.05757459375 0.8701171875 0.060604899999999996 0.8720703125 0.060604899999999996 0.8974609375 0.05757459375 0.8994140625 0.05757459375 0.9013671875 0.060604899999999996 0.9033203125 0.060604899999999996 0.9091796875 0.05757459375 0.9111328125 0.05757459375 0.9326171875 0.060604899999999996 0.9345703125 0.060604899999999996 0.9423828125 0.0545442875 0.9462890625 0.0545442875 0.9482421875 0.0515139796875 0.9501953125 0.0515139796875 0.9560546875 0.056059440625 0.958984375 0.0651503609375 0.958984375 0.0681806671875 0.9609375 0.0863625078125 0.9609375 0.09545342812499999 0.955078125 0.09848373593750001 0.955078125 0.1045443484375 0.958984375 0.10757465625 0.958984375 0.1106049625 0.9609375 0.11969588281250002 0.9609375 0.12272618906249999 0.962890625 0.1439383375 0.962890625 0.14999895000000002 0.958984375 0.1530292578125 0.958984375 0.1560595640625 0.95703125 0.1590898703125 0.95703125 0.162120178125 0.958984375 0.165150484375 0.958984375 0.168180790625 0.9609375 0.1772717109375 0.9609375 0.18030201875000001 0.962890625 0.18636263125000002 0.962890625 0.18939293906250002 0.9609375 0.2075747796875 0.9609375 0.2106050859375 0.958984375 0.21969600625000002 0.958984375 0.22575662031250002 0.962890625 0.2287869265625 0.962890625 0.23181723281250002 0.96484375 0.234847540625 0.96484375 0.23787784687500002 0.962890625 0.25908999375 0.962890625 0.2621203015625 0.9609375 0.271211221875 0.9609375 0.27727183437499997 0.95703125 0.28939306249999996 0.95703125 0.29242336875 0.958984375 0.3045445953125 0.958984375 0.307574903125 0.95703125 0.3166658234375 0.95703125 0.3196961296875 0.955078125 0.3227264359375 0.955078125 0.32878704999999997 0.951171875 0.33181735625000003 0.951171875 0.3348476640625 0.94921875 0.3378779703125 0.94921875 0.3454537375 0.9541015625 0.3454537375 0.9560546875 0.3530295046875 0.9609375 0.3712113453125 0.9609375 0.3742416515625 0.962890625 0.40454471875 0.962890625 0.40605987343749994 0.9619140625 0.40605987343749994 0.9541015625 0.4106053328125 0.951171875 0.42272655937500003 0.951171875 0.4272720203125 0.9541015625 0.4272720203125 0.9580078125 0.43181747968749995 0.9609375 0.44696901406249995 0.9609375 0.449999321875 0.962890625 0.45302962812500003 0.9609375 0.459090240625 0.9609375 0.46060539531250005 0.9599609375 0.46060539531250005 0.9580078125 0.4681811609375 0.953125 0.47727208125000004 0.953125 0.4803023890625 0.955078125 0.48636300156249995 0.955078125 0.48939330937500003 0.95703125 0.49242361562500003 0.95703125 0.495453921875 0.958984375 0.522726684375 0.958984375 0.528787296875 0.955078125 0.531817603125 0.955078125 0.5348479109375 0.953125 0.5409085234375001 0.953125 0.54393883125 0.955078125 0.5469691375 0.955078125 0.5530297515625 0.958984375 0.5651509781249999 0.958984375 0.568181284375 0.9609375 0.5772722046875 0.9609375 0.5803025125 0.958984375 0.58333281875 0.958984375 0.5863631265625 0.95703125 0.598484353125 0.95703125 0.601514659375 0.958984375 0.6045449656249999 0.958984375 0.6075752734375001 0.9609375 0.6318177265625 0.9609375 0.6363631875 0.9580078125 0.6363631875 0.9560546875 0.640908646875 0.953125 0.6499995671875001 0.953125 0.6590904890625 0.958984375 0.6621207953125 0.958984375 0.6651511015625 0.9609375 0.6803026359375 0.9609375 0.6833329421875 0.958984375 0.6924238625 0.958984375 0.6984844765625 0.955078125 0.7015147828125 0.955078125 0.7045450890625 0.953125 0.707575396875 0.953125 0.7106057031249999 0.955078125 0.7196966234375 0.955078125 0.7227269296875 0.95703125 0.72878754375 0.95703125 0.7318178515625 0.958984375 0.7348481578125 0.95703125 0.7560603046875001 0.95703125 0.7590906109375 0.955078125 0.76212091875 0.955078125 0.7712118390625 0.94921875 0.7772724515625 0.94921875 0.783333065625 0.953125 0.7924239859375 0.953125 0.79545429375 0.955078125 0.7984846 0.953125 0.8166664406249999 0.953125 0.8227270531249999 0.94921875 0.8318179734375001 0.94921875 0.8378785875 0.953125 0.84090889375 0.953125 0.8469695078124999 0.95703125 0.8651513484375 0.95703125 0.86818165625 0.958984375 0.889393803125 0.958984375 0.892424109375 0.955078125 0.9075756437500001 0.955078125 0.9106059500000001 0.95703125 0.91363625625 0.95703125 0.9166665640625 0.958984375 0.9348484046875001 0.958984375 0.94090901875 0.955078125 0.943939325 0.955078125 0.945454478125 0.9541015625 0.945454478125 0.9521484375 0.948484784375 0.9501953125 0.948484784375 0.9482421875 0.9545453984375 0.9443359375 0.9545453984375 0.9345703125 0.9575757046875 0.9326171875 0.9575757046875 0.9306640625 0.9606060125000001 0.9287109375 0.9606060125000001 0.9267578125 0.9575757046875 0.9248046875 0.966666625 0.9189453125 0.966666625 0.9052734375 0.9575757046875 0.8994140625 0.9575757046875 0.8935546875 0.966666625 0.8876953125 0.966666625 0.8837890625 0.9696969328125 0.8818359375 0.9696969328125 0.8779296875 0.9727272390625 0.8759765625 0.9727272390625 0.8701171875 0.9681817781250001 0.8671875 0.965151471875 0.8671875 0.9636363187500001 0.8662109375 0.9636363187500001 0.8642578125 0.9606060125000001 0.8623046875 0.9606060125000001 0.8583984375 0.966666625 0.8544921875 0.966666625 0.8486328125 0.9696969328125 0.8466796875 0.9696969328125 0.8388671875 0.966666625 0.8369140625 0.966666625 0.8291015625 0.9636363187500001 0.8271484375 0.9636363187500001 0.8076171875 0.966666625 0.8056640625 0.966666625 0.8037109375 0.9696969328125 0.8017578125 0.9696969328125 0.7333984375 0.9727272390625 0.7314453125 0.9727272390625 0.7255859375 0.9696969328125 0.7236328125 0.9696969328125 0.7119140625 0.966666625 0.7099609375 0.966666625 0.6884765625 0.9636363187500001 0.6865234375 0.9636363187500001 0.6767578125 0.9606060125000001 0.6748046875 0.9606060125000001 0.6630859375 0.9575757046875 0.6611328125 0.9575757046875 0.6416015625 0.9545453984375 0.6396484375 0.9545453984375 0.6259765625 0.9575757046875 0.6240234375 0.9575757046875 0.6083984375 0.9545453984375 0.6064453125 0.9545453984375 0.5869140625 0.9575757046875 0.5849609375 0.9575757046875 0.5830078125 0.9606060125000001 0.5810546875 0.9606060125000001 0.5673828125 0.9636363187500001 0.5654296875 0.9636363187500001 0.5517578125 0.9606060125000001 0.5498046875 0.9606060125000001 0.5400390625 0.9636363187500001 0.5380859375 0.9636363187500001 0.5185546875 0.9606060125000001 0.5166015625 0.9606060125000001 0.5146484375 0.9545453984375 0.5107421875 0.9545453984375 0.5009765625 0.9575757046875 0.4990234375 0.9575757046875 0.4853515625 0.9606060125000001 0.4833984375 0.9606060125000001 0.4775390625 0.9575757046875 0.4755859375 0.9575757046875 0.4658203125 0.9545453984375 0.4638671875 0.9545453984375 0.4521484375 0.9606060125000001 0.4482421875 0.9606060125000001 0.4365234375 0.9636363187500001 0.4345703125 0.9636363187500001 0.4248046875 0.9545453984375 0.4189453125 0.9545453984375 0.4072265625 0.9560605515624999 0.40625 0.9590908593749999 0.40625 0.9636363187500001 0.4033203125 0.9636363187500001 0.3427734375 0.9606060125000001 0.3408203125 0.9606060125000001 0.3388671875 0.9560605515624999 0.3359375 0.9530302453124999 0.3359375 0.9515150921875 0.3349609375 0.9515150921875 0.3271484375 0.9545453984375 0.3251953125 0.9545453984375 0.3232421875 0.9606060125000001 0.3193359375 0.9606060125000001 0.2939453125 0.9575757046875 0.2919921875 0.9575757046875 0.2900390625 0.9545453984375 0.2880859375 0.9545453984375 0.2783203125 0.9575757046875 0.2763671875 0.9575757046875 0.2666015625 0.9545453984375 0.2646484375 0.9545453984375 0.2587890625 0.9515150921875 0.2568359375 0.9515150921875 0.2548828125 0.948484784375 0.2529296875 0.948484784375 0.2509765625 0.945454478125 0.2490234375 0.945454478125 0.2431640625 0.948484784375 0.2412109375 0.948484784375 0.2392578125 0.9545453984375 0.2353515625 0.9545453984375 0.2333984375 0.9575757046875 0.2314453125 0.9575757046875 0.2080078125 0.948484784375 0.2021484375 0.948484784375 0.1962890625 0.9545453984375 0.1923828125 0.9545453984375 0.1904296875 0.9575757046875 0.1884765625 0.9575757046875 0.1806640625 0.9606060125000001 0.1787109375 0.9606060125000001 0.1689453125 0.9545453984375 0.1650390625 0.9545453984375 0.1552734375 0.9575757046875 0.1533203125 0.9575757046875 0.1396484375 0.9606060125000001 0.1376953125 0.9606060125000001 0.1357421875 0.9575757046875 0.1337890625 0.9575757046875 0.1279296875 0.9545453984375 0.1259765625 0.9545453984375 0.1240234375 0.948484784375 0.1201171875 0.948484784375 0.1123046875 0.9545453984375 0.1083984375 0.9545453984375 0.1064453125 0.9575757046875 0.1044921875 0.9575757046875 0.0986328125 0.9606060125000001 0.0966796875 0.9606060125000001 0.0947265625 0.9575757046875 0.0927734375 0.9575757046875 0.0830078125 0.9545453984375 0.0810546875 0.9545453984375 0.0771484375 0.9515150921875 0.0751953125 0.9515150921875 0.0693359375 0.9545453984375 0.0673828125 0.9545453984375 0.0615234375 0.9575757046875 0.0595703125 0.9575757046875 0.0556640625 0.9545453984375 0.0537109375 0.9545453984375 0.0478515625 0.9575757046875 0.0458984375 0.9575757046875 0.0400390625 0.9515150921875 0.0361328125 0.9515150921875 0.0341796875 0.94090901875 0.02734375 0.9348484046875001 0.02734375 0.9318180984375 0.025390625 0.9106059500000001 0.025390625 0.9075756437500001 0.02734375 0.886363496875 0.02734375 0.8833331890625 0.025390625 0.8196967468749999 0.025390625 0.8166664406249999 0.02734375 0.813636134375 0.02734375 0.8106058265625 0.029296875 0.7984846 0.029296875 0.79545429375 0.02734375 0.780302759375 0.02734375 0.7772724515625 0.025390625 0.76212091875 0.025390625 0.7590906109375 0.0234375 0.7499996906249999 0.0234375 0.746969384375 0.025390625 0.740908771875 0.025390625 0.7378784640625 0.02734375 0.72878754375 0.02734375 0.7257572375 0.025390625 0.6863632484375 0.025390625 0.6833329421875 0.0234375 0.6803026359375 0.025390625 0.653029875 0.025390625 0.6499995671875001 0.02734375 0.6196965 0.02734375 0.61666619375 0.029296875 0.5590903640625 0.029296875 0.5560600578125 0.02734375 0.5166660703125 0.02734375 0.5136357625 0.029296875 0.49848422968749995 0.029296875 0.495453921875 0.02734375 0.47727208125000004 0.02734375 0.47424177500000003 0.029296875 0.43181747968749995 0.029296875 0.4257568671875 0.033203125 0.42272655937500003 0.033203125 0.419696253125 0.03515625 0.4136356390625 0.03515625 0.4106053328125 0.033203125 0.40757502656250005 0.033203125 0.40454471875 0.03125 0.36515073125 0.03125 0.36212042499999997 0.033203125 0.349999196875 0.033203125 0.346968890625 0.03515625 0.34393858437499997 0.033203125 0.33181735625000003 0.033203125 0.32878704999999997 0.03515625 0.3227264359375 0.03515625 0.3196961296875 0.037109375 0.3015142890625 0.037109375 0.2984839828125 0.0390625 0.2833324484375 0.0390625 0.2803021421875 0.037109375 0.25908999375 0.037109375 0.25605968749999997 0.03515625 0.25302938125 0.037109375 0.23181723281250002 0.037109375 0.2287869265625 0.0390625 0.21969600625000002 0.0390625 0.2166657 0.041015625 0.2106050859375 0.041015625 0.2075747796875 0.04296875 0.1954535515625 0.04296875 0.1924232453125 0.044921875 0.18030201875000001 0.044921875 0.1772717109375 0.046875 0.1742414046875 0.046875 0.1712110984375 0.048828125 0.162120178125 0.048828125 0.1590898703125 0.046875 0.1560595640625 0.046875 0.1530292578125 0.044921875 0.14999895000000002 0.044921875 0.14696864375000002 0.04296875 0.1378777234375 0.04296875 0.13484741718749998 0.041015625 0.11363526875 0.041015625 0.1106049625 0.04296875 0.09848373593750001 0.04296875 0.09545342812499999 0.044921875 0.092423121875 0.04296875 0.0833322015625 0.04296875 0.08030189531250001 0.041015625 0.0772715875 0.041015625 0.07424128125 0.0390625 0.059089746875 0.0390625 0.056059440625 0.041015625 0.053029134374999995 0.041015625 0.0515139796875 0.0419921875 0.0515139796875 0.0439453125 0.045453367187499996 0.0478515625 0.045453367187499996 0.0517578125 0.042423059375 0.0537109375 0.042423059375 0.0673828125 0.039392753125 0.0693359375 0.039392753125 0.0751953125 0.036362446874999996 0.0771484375 0.036362446874999996 0.0888671875
