0 0.0448156453125 0.0470922875 0.0346302703125 0.8798988624999999 0.0427785703125 0.9304677625 0.0641678546875 0.9462705437500001 0.9696475859374999 0.9731352718749999 0.9645548984375001 0.03128950625 0.17111427968749998 0.020227559375000002 0.0702790796875 0.028128950000000003 0.0448156453125 0.0470922875
1 0.05390625 0.93671875 0.0546875 0.06875
2 0.1828125 0.95078125 0.021875 0.025
2 0.36328125 0.9515625 0.0171875 0.0265625
2 0.40390625 0.95234375 0.0125 0.021875
2 0.48828125 0.9546875 0.025 0.0203125
2 0.53359375 0.9546875 0.021875 0.0296875
2 0.5796875 0.95390625 0.0203125 0.021875
2 0.66015625 0.95703125 0.021875 0.025
2 0.79375 0.9578125 0.01875 0.0265625
2 0.87421875 0.9578125 0.021875 0.0265625
2 0.9140625 0.9640625 0.0171875 0.0234375
2 0.96875 0.80859375 0.015625 0.028125
2 0.03984375 0.74375 0.0125 0.028125
2 0.0375 0.61484375 0.0125 0.0296875
2 0.03984375 0.50859375 0.015625 0.03125
2 0.04140625 0.3890625 0.01875 0.0328125
2 0.04375 0.31328125 0.01875 0.0328125
2 0.03984375 0.18984375 0.0140625 0.0296875
