1 0.0546875 0.94375 0.04296875 0.0578125
2 0.04296875 0.92578125 0.01171875 0.0171875
2 0.0984375 0.965625 0.0125 0.01796875
2 0.14453125 0.96640625 0.00859375 0.015625
2 0.21953125 0.959375 0.0125 0.01484375
2 0.4953125 0.97421875 0.0171875 0.0203125
2 0.5375 0.96796875 0.0140625 0.015625
2 0.803125 0.9734375 0.01328125 0.01484375
2 0.8375 0.97109375 0.00859375 0.01796875
2 0.88046875 0.9671875 0.01640625 0.025
2 0.91875 0.0390625 0.01328125 0.02109375
2 0.88046875 0.04765625 0.01015625 0.01484375
2 0.83203125 0.03984375 0.01484375 0.02109375
2 0.79609375 0.04453125 0.01484375 0.025
2 0.74765625 0.04453125 0.01796875 0.02109375
2 0.709375 0.0390625 0.0171875 0.0234375
2 0.66484375 0.04140625 0.015625 0.021875
2 0.58125 0.04140625 0.01640625 0.021875
2 0.53671875 0.0421875 0.01640625 0.02109375
2 0.4890625 0.04140625 0.01640625 0.01796875
2 0.4046875 0.0421875 0.01328125 0.01484375
2 0.36328125 0.04296875 0.0140625 0.01875
2 0.04140625 0.2453125 0.01328125 0.02109375
2 0.03671875 0.37890625 0.01484375 0.021875
2 0.03671875 0.4328125 0.009375 0.0296875
2 0.03828125 0.484375 0.0125 0.025
2 0.03984375 0.55546875 0.01328125 0.02421875
2 0.04140625 0.60625 0.0140625 0.02421875
2 0.0421875 0.68515625 0.01484375 0.02734375
2 0.0390625 0.73671875 0.0109375 0.0234375
2 0.040625 0.8078125 0.015625 0.025
2 0.04375 0.865625 0.0109375 0.028125
0 0.4990234375 0.9696981671874999 0.5009765625 0.9727284734375001 0.5244140625 0.9727284734375001 0.5263671875 0.9696981671874999 0.5322265625 0.9696981671874999 0.5341796875 0.966667859375 0.5361328125 0.966667859375 0.5380859375 0.963637553125 0.5400390625 0.966667859375 0.5419921875 0.966667859375 0.5439453125 0.9696981671874999 0.5458984375 0.9696981671874999 0.5478515625 0.966667859375 0.5927734375 0.966667859375 0.5947265625 0.9696981671874999 0.6162109375 0.9696981671874999 0.6181640625 0.966667859375 0.6240234375 0.966667859375 0.6259765625 0.9696981671874999 0.6318359375 0.9696981671874999 0.6337890625 0.966667859375 0.6357421875 0.966667859375 0.6376953125 0.9696981671874999 0.6474609375 0.9696981671874999 0.6494140625 0.966667859375 0.6533203125 0.966667859375 0.6552734375 0.9696981671874999 0.6748046875 0.9696981671874999 0.6767578125 0.9727284734375001 0.6943359375 0.9727284734375001 0.6962890625 0.9696981671874999 0.7080078125 0.9696981671874999 0.7099609375 0.9727284734375001 0.7236328125 0.9727284734375001 0.7255859375 0.9696981671874999 0.7294921875 0.9696981671874999 0.7314453125 0.966667859375 0.7373046875 0.966667859375 0.7392578125 0.963637553125 0.7509765625 0.963637553125 0.7529296875 0.966667859375 0.7548828125 0.966667859375 0.7568359375 0.9696981671874999 0.7646484375 0.9696981671874999 0.7666015625 0.9727284734375001 0.7685546875 0.9696981671874999 0.7998046875 0.9696981671874999 0.8017578125 0.966667859375 0.8037109375 0.966667859375 0.8056640625 0.9696981671874999 0.8134765625 0.9696981671874999 0.8154296875 0.9727284734375001 0.8232421875 0.9727284734375001 0.8251953125 0.9696981671874999 0.8349609375 0.9696981671874999 0.8369140625 0.966667859375 0.8388671875 0.9696981671874999 0.8564453125 0.9696981671874999 0.8583984375 0.9727284734375001 0.8720703125 0.9727284734375001 0.8740234375 0.9696981671874999 0.8798828125 0.9696981671874999 0.8818359375 0.966667859375 0.8876953125 0.966667859375 0.8896484375 0.9696981671874999 0.9130859375 0.9696981671874999 0.9150390625 0.966667859375 0.9189453125 0.966667859375 0.9208984375 0.9696981671874999 0.9462890625 0.9696981671874999 0.9482421875 0.966667859375 0.9541015625 0.966667859375 0.958984375 0.95909209375 0.958984375 0.9560617859375 0.9609375 0.9530314796875 0.9609375 0.9196981046875001 0.958984375 0.9166677984374999 0.958984375 0.910607184375 0.95703125 0.907576878125 0.95703125 0.904546571875 0.958984375 0.9015162640625001 0.958984375 0.874243503125 0.95703125 0.8712131968750001 0.95703125 0.85303135625 0.955078125 0.85000105 0.955078125 0.8227282890625001 0.95703125 0.81969798125 0.95703125 0.8106070609374999 0.958984375 0.8075767546874999 0.958984375 0.8045464484375 0.9609375 0.801516140625 0.9609375 0.798485834375 0.962890625 0.795455528125 0.962890625 0.7681827671875 0.96484375 0.765152459375 0.96484375 0.74091000625 0.962890625 0.7378796984375 0.962890625 0.7348493921875 0.96484375 0.7318190859375 0.96484375 0.728788778125 0.962890625 0.7257584718750001 0.962890625 0.7196978578125 0.9609375 0.7166675515625001 0.9609375 0.7106069374999999 0.962890625 0.70757663125 0.962890625 0.6772735640625 0.96484375 0.67424325625 0.96484375 0.650000803125 0.966796875 0.6469704953125001 0.966796875 0.6439401890625 0.96875 0.6409098828124999 0.96875 0.63484926875 0.966796875 0.6318189624999999 0.966796875 0.6075765078125 0.96875 0.6045462015624999 0.96875 0.59545528125 0.966796875 0.5924249734375 0.966796875 0.5712128265625 0.96875 0.5681825203125 0.96875 0.546970371875 0.970703125 0.543940065625 0.970703125 0.5409097593750001 0.96875 0.5378794515624999 0.96875 0.5257582249999999 0.970703125 0.52272791875 0.970703125 0.5166673046875 0.97265625 0.5136369984375 0.97265625 0.5015157703125 0.970703125 0.49848546406249994 0.970703125 0.4954551578125 0.97265625 0.49242485 0.970703125 0.48939454375 0.970703125 0.45606116874999997 0.97265625 0.4530308625 0.97265625 0.4287884078125 0.970703125 0.4257581015625 0.970703125 0.398485340625 0.96875 0.39545503437499996 0.96875 0.3893944203125 0.970703125 0.3863641140625 0.970703125 0.3409095109375 0.97265625 0.3378792046875 0.97265625 0.3348488984375 0.970703125 0.331818590625 0.970703125 0.3196973640625 0.97265625 0.31666705781250004 0.97265625 0.3015155234375 0.970703125 0.2984852171875 0.970703125 0.292424603125 0.97265625 0.28939429687499996 0.970703125 0.286363990625 0.970703125 0.2742427625 0.96875 0.27121245625 0.96875 0.23484877499999998 0.970703125 0.23181846875 0.970703125 0.20757601406249998 0.96875 0.20454570625000001 0.96875 0.20151539999999998 0.966796875 0.19848509375 0.966796875 0.19545478593750001 0.96875 0.1924244796875 0.96875 0.1893941734375 0.970703125 0.186363865625 0.970703125 0.15909110625 0.97265625 0.1560607984375 0.970703125 0.1530304921875 0.970703125 0.06818190156250001 0.96875 0.0651515953125 0.96875 0.056060675000000004 0.9677734375 0.054545521875 0.9658203125 0.054545521875 0.958984375 0.0439394484375 0.958984375 0.040909140625 0.9560546875 0.03636368125 0.9541015625 0.03636368125 0.9521484375 0.033333375 0.9326171875 0.033333375 0.9306640625 0.03636368125 0.9248046875 0.03636368125 0.921875 0.040909140625 0.921875 0.0439394484375 0.9189453125 0.0484849078125 0.9169921875 0.0484849078125 0.9150390625 0.0454546015625 0.9130859375 0.0454546015625 0.9072265625 0.03636368125 0.9052734375 0.0393939875 0.8974609375 0.0393939875 0.8955078125 0.0424242953125 0.8916015625 0.0424242953125 0.8896484375 0.0454546015625 0.8876953125 0.0454546015625 0.8837890625 0.051515215625 0.8779296875 0.051515215625 0.8740234375 0.0454546015625 0.8681640625 0.0454546015625 0.8662109375 0.0424242953125 0.8603515625 0.0424242953125 0.8583984375 0.0393939875 0.8544921875 0.0393939875 0.8525390625 0.03636368125 0.8447265625 0.03636368125 0.8427734375 0.0393939875 0.8408203125 0.0393939875 0.8369140625 0.0454546015625 0.8291015625 0.0454546015625 0.8251953125 0.0393939875 0.8212890625 0.0393939875 0.8193359375 0.03636368125 0.8173828125 0.03636368125 0.8154296875 0.0393939875 0.8056640625 0.0393939875 0.7978515625 0.051515215625 0.7958984375 0.051515215625 0.7939453125 0.0484849078125 0.7919921875 0.0484849078125 0.791015625 0.0469697546875 0.791015625 0.0439394484375 0.7880859375 0.0393939875 0.7724609375 0.0393939875 0.7705078125 0.03636368125 0.7685546875 0.03636368125 0.7666015625 0.0393939875 0.7646484375 0.0393939875 0.7626953125 0.0454546015625 0.7587890625 0.0454546015625 0.7548828125 0.051515215625 0.7451171875 0.051515215625 0.7392578125 0.0424242953125 0.7373046875 0.0424242953125 0.7333984375 0.03636368125 0.7197265625 0.03636368125 0.716796875 0.040909140625 0.716796875 0.0439394484375 0.7158203125 0.0454546015625 0.7099609375 0.0454546015625 0.7021484375 0.033333375 0.6767578125 0.033333375 0.6748046875 0.03636368125 0.6728515625 0.03636368125 0.669921875 0.040909140625 0.669921875 0.0469697546875 0.6689453125 0.0484849078125 0.6611328125 0.0484849078125 0.6572265625 0.0424242953125 0.6337890625 0.0424242953125 0.6318359375 0.0393939875 0.6298828125 0.0393939875 0.6279296875 0.03636368125 0.6259765625 0.03636368125 0.6240234375 0.0393939875 0.6162109375 0.0393939875 0.6142578125 0.03636368125 0.6005859375 0.03636368125 0.5986328125 0.0393939875 0.5927734375 0.0393939875 0.5869140625 0.0484849078125 0.5849609375 0.0484849078125 0.5830078125 0.051515215625 0.5810546875 0.051515215625 0.5771484375 0.0454546015625 0.5751953125 0.0454546015625 0.5712890625 0.0393939875 0.5498046875 0.0393939875 0.5478515625 0.0424242953125 0.5439453125 0.0424242953125 0.5400390625 0.0484849078125 0.5341796875 0.0484849078125 0.53125 0.0439394484375 0.53125 0.040909140625 0.5283203125 0.03636368125 0.5244140625 0.03636368125 0.5224609375 0.033333375 0.5146484375 0.033333375 0.5126953125 0.03636368125 0.5009765625 0.03636368125 0.498046875 0.040909140625 0.498046875 0.0439394484375 0.4951171875 0.0484849078125 0.4853515625 0.0484849078125 0.4814453125 0.0424242953125 0.4580078125 0.0424242953125 0.4560546875 0.0454546015625 0.4462890625 0.0454546015625 0.4443359375 0.0424242953125 0.4384765625 0.0424242953125 0.4365234375 0.0393939875 0.4228515625 0.0393939875 0.4208984375 0.0424242953125 0.4150390625 0.0424242953125 0.4111328125 0.0484849078125 0.4091796875 0.0484849078125 0.4072265625 0.051515215625 0.4033203125 0.051515215625 0.3994140625 0.0454546015625 0.3974609375 0.0454546015625 0.3955078125 0.0424242953125 0.3916015625 0.0424242953125 0.3896484375 0.0393939875 0.3779296875 0.0393939875 0.3759765625 0.0424242953125 0.3720703125 0.0424242953125 0.3662109375 0.051515215625 0.3603515625 0.051515215625 0.3564453125 0.0454546015625 0.3544921875 0.0454546015625 0.3525390625 0.0424242953125 0.3408203125 0.0424242953125 0.3388671875 0.0454546015625 0.3291015625 0.0454546015625 0.3271484375 0.0484849078125 0.3212890625 0.0484849078125 0.3193359375 0.0454546015625 0.3154296875 0.0454546015625 0.3134765625 0.0424242953125 0.3037109375 0.0424242953125 0.3017578125 0.0393939875 0.2939453125 0.0393939875 0.2919921875 0.03636368125 0.2900390625 0.0393939875 0.2861328125 0.0393939875 0.2841796875 0.0424242953125 0.2783203125 0.0424242953125 0.2763671875 0.0393939875 0.2744140625 0.0393939875 0.2724609375 0.033333375 0.2607421875 0.033333375 0.2587890625 0.03636368125 0.2470703125 0.03636368125 0.2431640625 0.0424242953125 0.2412109375 0.0424242953125 0.2392578125 0.0454546015625 0.2373046875 0.0424242953125 0.2333984375 0.0424242953125 0.2314453125 0.0393939875 0.2294921875 0.0393939875 0.2275390625 0.03636368125 0.2255859375 0.03636368125 0.2236328125 0.033333375 0.2158203125 0.033333375 0.2138671875 0.03636368125 0.2041015625 0.03636368125 0.2021484375 0.0393939875 0.1982421875 0.0393939875 0.1962890625 0.0424242953125 0.1943359375 0.0424242953125 0.1923828125 0.0454546015625 0.1904296875 0.0454546015625 0.1884765625 0.0484849078125 0.1572265625 0.0484849078125 0.1552734375 0.0454546015625 0.1513671875 0.0454546015625 0.1494140625 0.0484849078125 0.1416015625 0.0484849078125 0.1396484375 0.051515215625 0.1357421875 0.051515215625 0.1337890625 0.0484849078125 0.1123046875 0.0484849078125 0.1103515625 0.051515215625 0.1044921875 0.051515215625 0.1025390625 0.054545521875 0.0986328125 0.054545521875 0.0966796875 0.051515215625 0.0947265625 0.051515215625 0.0927734375 0.0484849078125 0.0693359375 0.0484849078125 0.0673828125 0.051515215625 0.0654296875 0.051515215625 0.0634765625 0.054545521875 0.0615234375 0.054545521875 0.0595703125 0.05757582812499999 0.0537109375 0.05757582812499999 0.0517578125 0.06060613593750001 0.0478515625 0.06060613593750001 0.046875 0.062121289062499994 0.046875 0.06818190156250001 0.044921875 0.071212209375 0.044921875 0.074242515625 0.04296875 0.0772728234375 0.04296875 0.0833334359375 0.041015625 0.08636374375 0.041015625 0.12575773125 0.037109375 0.13181834375 0.037109375 0.1348486515625 0.03515625 0.13787895781249998 0.03515625 0.1621214125 0.037109375 0.16515171875 0.037109375 0.17121233281249998 0.0390625 0.17424263906249998 0.0390625 0.180303253125 0.044921875 0.1893941734375 0.044921875 0.19848509375 0.04296875 0.20151539999999998 0.04296875 0.20454570625000001 0.041015625 0.20757601406249998 0.041015625 0.23181846875 0.04296875 0.23484877499999998 0.04296875 0.23787908125 0.044921875 0.24090938906249998 0.044921875 0.253030615625 0.041015625 0.259091228125 0.041015625 0.2621215359375 0.0390625 0.2651518421875 0.0390625 0.2742427625 0.037109375 0.27727307031250004 0.037109375 0.28939429687499996 0.0390625 0.292424603125 0.0390625 0.3075761375 0.041015625 0.31060644375 0.041015625 0.3136367515625 0.04296875 0.31666705781250004 0.04296875 0.3196973640625 0.041015625 0.322727671875 0.041015625 0.325757978125 0.037109375 0.331818590625 0.037109375 0.365151965625 0.04296875 0.3742428859375 0.04296875 0.3803035 0.037109375 0.3893944203125 0.037109375 0.398485340625 0.03515625 0.40151564687499997 0.03515625 0.41666718124999996 0.041015625 0.4257581015625 0.041015625 0.434849021875 0.037109375 0.4409096359375 0.037109375 0.46818239687499996 0.04296875 0.477273315625 0.04296875 0.4803036234375 0.044921875 0.4833339296875 0.044921875 0.4863642375 0.04296875 0.48939454375 0.04296875 0.49242485 0.041015625 0.4954551578125 0.04296875 0.49848546406249994 0.04296875 0.5015157703125 0.041015625 0.504546078125 0.041015625 0.507576384375 0.0390625 0.510606690625 0.0390625 0.5136369984375 0.041015625 0.5166673046875 0.0390625 0.5196976109375 0.0390625 0.5409097593750001 0.044921875 0.550000678125 0.044921875 0.5590916 0.0439453125 0.560606753125 0.0419921875 0.560606753125 0.0390625 0.5651522124999999 0.0390625 0.5681825203125 0.037109375 0.5712128265625 0.037109375 0.5742431328125 0.0390625 0.577273440625 0.0390625 0.5893946671875 0.041015625 0.5924249734375 0.041015625 0.5984855875 0.0419921875 0.600000740625 0.0439453125 0.600000740625 0.044921875 0.60151589375 0.044921875 0.6045462015624999 0.046875 0.6075765078125 0.046875 0.6106068140625001 0.0439453125 0.615152275 0.0400390625 0.615152275 0.0390625 0.616667428125 0.0390625 0.6196977343750001 0.037109375 0.622728040625 0.0390625 0.6257583484375 0.0390625 0.6287886546875 0.037109375 0.6318189624999999 0.037109375 0.6439401890625 0.03515625 0.6469704953125001 0.037109375 0.650000803125 0.037109375 0.6651523359375 0.0390625 0.66818264375 0.0390625 0.6712129499999999 0.044921875 0.6803038703125 0.044921875 0.6833341765625 0.046875 0.6863644843750001 0.0439453125 0.69090994375 0.0400390625 0.69090994375 0.0390625 0.692425096875 0.0390625 0.6954554046875 0.037109375 0.6984857109375 0.037109375 0.7136372453125001 0.0390625 0.7166675515625001 0.0390625 0.7257584718750001 0.04296875 0.7318190859375 0.04296875 0.7439403125 0.03515625 0.7560615390625001 0.03515625 0.765152459375 0.037109375 0.7681827671875 0.037109375 0.7924252203125 0.044921875 0.8045464484375 0.044921875 0.8075767546874999 0.0390625 0.816667675 0.0390625 0.834849515625 0.041015625 0.8378798218749999 0.041015625 0.8469707421875 0.0390625 0.85000105 0.041015625 0.85303135625 0.041015625 0.8560616624999999 0.04296875 0.8590919703125 0.04296875 0.8681828906250001 0.0390625 0.874243503125 0.0390625 0.9136374921874999 0.0400390625 0.9151526453125 0.0419921875 0.9151526453125 0.046875 0.9227284125 0.046875 0.92575871875 0.048828125 0.928789025 0.046875 0.9318193328125 0.046875 0.9378799453125 0.048828125 0.940910253125 0.048828125 0.9439405593749999 0.0537109375 0.9515163265625001 0.0556640625 0.9515163265625001 0.0595703125 0.957576940625 0.0634765625 0.957576940625 0.0654296875 0.960607246875 0.0673828125 0.960607246875 0.0712890625 0.966667859375 0.0908203125 0.966667859375 0.0947265625 0.960607246875 0.1005859375 0.960607246875 0.1044921875 0.966667859375 0.1142578125 0.966667859375 0.1162109375 0.9696981671874999 0.1376953125 0.9696981671874999 0.1396484375 0.966667859375 0.1474609375 0.966667859375 0.1494140625 0.9696981671874999 0.1669921875 0.9696981671874999 0.1689453125 0.966667859375 0.1708984375 0.966667859375 0.1728515625 0.963637553125 0.2060546875 0.963637553125 0.2080078125 0.960607246875 0.2138671875 0.960607246875 0.2158203125 0.957576940625 0.2236328125 0.957576940625 0.2255859375 0.960607246875 0.2275390625 0.960607246875 0.2294921875 0.963637553125 0.2685546875 0.963637553125 0.2705078125 0.966667859375 0.2724609375 0.966667859375 0.2744140625 0.9696981671874999 0.3076171875 0.9696981671874999 0.3095703125 0.9727284734375001 0.3388671875 0.9727284734375001 0.3408203125 0.9757587796875 0.3525390625 0.9757587796875 0.3544921875 0.9727284734375001 0.3720703125 0.9727284734375001 0.3740234375 0.9696981671874999 0.4111328125 0.9696981671874999 0.4130859375 0.966667859375 0.4150390625 0.9696981671874999 0.4189453125 0.9696981671874999 0.4208984375 0.9727284734375001 0.4560546875 0.9727284734375001 0.4580078125 0.9696981671874999 0.4638671875 0.9696981671874999 0.4658203125 0.9727284734375001 0.4736328125 0.9727284734375001 0.4755859375 0.9757587796875 0.4853515625 0.9757587796875 0.486328125 0.9742436265625001 0.4873046875 0.9727284734375001 0.4892578125 0.9727284734375001 0.4912109375 0.9696981671874999 0.4990234375 0.9696981671874999
