1 0.94296875 0.94453125 0.0671875 0.04375
2 0.865625 0.9546875 0.0234375 0.0125
2 0.25 0.9625 0.028125 0.01875
2 0.32109375 0.96484375 0.0203125 0.0140625
2 0.48828125 0.9609375 0.021875 0.015625
2 0.55625 0.96015625 0.028125 0.015625
2 0.6875 0.95625 0.028125 0.015625
2 0.74140625 0.95703125 0.034375 0.015625
2 0.8078125 0.9578125 0.025 0.015625
2 0.05 0.903125 0.0265625 0.0234375
2 0.04453125 0.86640625 0.01875 0.0125
2 0.0390625 0.8203125 0.0234375 0.015625
2 0.03359375 0.765625 0.028125 0.01875
2 0.0296875 0.7234375 0.0234375 0.0140625
2 0.03515625 0.68046875 0.0203125 0.01875
2 0.03828125 0.6390625 0.021875 0.0125
2 0.03671875 0.5984375 0.01875 0.0171875
2 0.03359375 0.55234375 0.01875 0.015625
2 0.03359375 0.2078125 0.0171875 0.015625
2 0.03046875 0.1234375 0.0171875 0.01875
2 0.97109375 0.89609375 0.025 0.0140625
2 0.95859375 0.77421875 0.021875 0.01875
2 0.97109375 0.734375 0.0234375 0.0125
2 0.96953125 0.58203125 0.01875 0.015625
2 0.96953125 0.5328125 0.0140625 0.0171875
2 0.96484375 0.3765625 0.021875 0.015625
2 0.96328125 0.2921875 0.0140625 0.015625
2 0.96171875 0.24375 0.0171875 0.015625
0 0.9727284734375001 0.6669921875 0.9696981671874999 0.6650390625 0.9696981671874999 0.6220703125 0.966667859375 0.6201171875 0.966667859375 0.6123046875 0.9696981671874999 0.6103515625 0.9696981671874999 0.5888671875 0.966667859375 0.5869140625 0.966667859375 0.5849609375 0.963637553125 0.5830078125 0.963637553125 0.5791015625 0.966667859375 0.5771484375 0.966667859375 0.5751953125 0.9696981671874999 0.5732421875 0.9696981671874999 0.5419921875 0.966667859375 0.5400390625 0.966667859375 0.5380859375 0.963637553125 0.5361328125 0.963637553125 0.5322265625 0.966667859375 0.5302734375 0.966667859375 0.5263671875 0.9696981671874999 0.5244140625 0.9696981671874999 0.5087890625 0.963637553125 0.5048828125 0.963637553125 0.4970703125 0.966667859375 0.4951171875 0.966667859375 0.4931640625 0.963637553125 0.4912109375 0.963637553125 0.4833984375 0.960607246875 0.4814453125 0.963637553125 0.4794921875 0.963637553125 0.4775390625 0.960607246875 0.4755859375 0.963637553125 0.4736328125 0.963637553125 0.4658203125 0.960607246875 0.4638671875 0.960607246875 0.4619140625 0.957576940625 0.4599609375 0.957576940625 0.4560546875 0.960607246875 0.4541015625 0.960607246875 0.4033203125 0.963637553125 0.4013671875 0.963637553125 0.3994140625 0.966667859375 0.3974609375 0.966667859375 0.3857421875 0.960607246875 0.3818359375 0.960607246875 0.3798828125 0.957576940625 0.3779296875 0.957576940625 0.3759765625 0.960607246875 0.3740234375 0.960607246875 0.3720703125 0.963637553125 0.3701171875 0.963637553125 0.3525390625 0.960607246875 0.3505859375 0.960607246875 0.3291015625 0.957576940625 0.3271484375 0.957576940625 0.3251953125 0.960607246875 0.3232421875 0.960607246875 0.3212890625 0.963637553125 0.3193359375 0.963637553125 0.2998046875 0.960607246875 0.2978515625 0.960607246875 0.2900390625 0.963637553125 0.2880859375 0.963637553125 0.2861328125 0.966667859375 0.2841796875 0.966667859375 0.2529296875 0.957576940625 0.2470703125 0.957576940625 0.2451171875 0.9545466328125001 0.2431640625 0.957576940625 0.2412109375 0.957576940625 0.2392578125 0.960607246875 0.2373046875 0.960607246875 0.2216796875 0.957576940625 0.2197265625 0.957576940625 0.2001953125 0.9545466328125001 0.1982421875 0.9545466328125001 0.1865234375 0.957576940625 0.1845703125 0.957576940625 0.1650390625 0.9545466328125001 0.1630859375 0.9545466328125001 0.1533203125 0.957576940625 0.1513671875 0.957576940625 0.1337890625 0.960607246875 0.1318359375 0.960607246875 0.1298828125 0.957576940625 0.1279296875 0.957576940625 0.1201171875 0.9484860203125001 0.1142578125 0.9484860203125001 0.1083984375 0.9515163265625001 0.1064453125 0.9515163265625001 0.0830078125 0.9484860203125001 0.0810546875 0.9484860203125001 0.0751953125 0.9515163265625001 0.0732421875 0.9515163265625001 0.0712890625 0.9545466328125001 0.0693359375 0.9545466328125001 0.0556640625 0.9515163265625001 0.0537109375 0.9515163265625001 0.0458984375 0.9484860203125001 0.0439453125 0.9484860203125001 0.0400390625 0.940910253125 0.03515625 0.9348496390625 0.03515625 0.9318193328125 0.037109375 0.9015162640625001 0.037109375 0.8984859578125001 0.0390625 0.874243503125 0.0390625 0.8712131968750001 0.041015625 0.8469707421875 0.041015625 0.8439404359375 0.04296875 0.8409101296875001 0.041015625 0.8287889015625 0.041015625 0.8257585953125 0.04296875 0.816667675 0.04296875 0.81363736875 0.041015625 0.8075767546874999 0.041015625 0.8045464484375 0.0390625 0.7863646078125 0.0390625 0.7833343 0.037109375 0.7712130734375 0.037109375 0.7681827671875 0.03515625 0.7500009265625 0.03515625 0.74697061875 0.033203125 0.74091000625 0.033203125 0.7378796984375 0.03515625 0.70757663125 0.03515625 0.704546325 0.037109375 0.692425096875 0.037109375 0.689394790625 0.03515625 0.6863644843750001 0.03515625 0.6833341765625 0.033203125 0.6257583484375 0.033203125 0.622728040625 0.03125 0.5984855875 0.03125 0.59545528125 0.033203125 0.5651522124999999 0.033203125 0.56212190625 0.03125 0.5590916 0.03125 0.5560612921875 0.033203125 0.5318188390625 0.033203125 0.52878853125 0.03125 0.507576384375 0.03125 0.504546078125 0.029296875 0.4530308625 0.029296875 0.45000055625 0.03125 0.44697024843750005 0.029296875 0.4439399421875 0.03125 0.4196974875 0.03125 0.41666718124999996 0.033203125 0.3712125796875 0.033203125 0.3681822734375 0.03125 0.365151965625 0.03125 0.36212165937499996 0.033203125 0.34393981875 0.033203125 0.3409095109375 0.03515625 0.32878828437499996 0.03515625 0.325757978125 0.033203125 0.31060644375 0.033203125 0.3075761375 0.03125 0.2621215359375 0.03125 0.259091228125 0.033203125 0.2257578546875 0.033203125 0.22272754843749998 0.03515625 0.219697240625 0.03515625 0.216666934375 0.033203125 0.213636628125 0.03515625 0.17424263906249998 0.03515625 0.17121233281249998 0.033203125 0.1166668109375 0.033203125 0.113636503125 0.03515625 0.10757589062499999 0.03515625 0.10454558437499999 0.037109375 0.0984849703125 0.037109375 0.0954546640625 0.0390625 0.0803031296875 0.0390625 0.0772728234375 0.041015625 0.074242515625 0.0390625 0.071212209375 0.0390625 0.06818190156250001 0.037109375 0.0500000609375 0.037109375 0.0469697546875 0.03515625 0.0439394484375 0.037109375 0.040909140625 0.037109375 0.0242424546875 0.0478515625 0.0242424546875 0.0751953125 0.0272727609375 0.0771484375 0.0272727609375 0.0791015625 0.030303067187499998 0.0810546875 0.030303067187499998 0.0830078125 0.033333375 0.0849609375 0.033333375 0.0888671875 0.030303067187499998 0.0908203125 0.030303067187499998 0.0927734375 0.0272727609375 0.0947265625 0.0272727609375 0.1103515625 0.030303067187499998 0.1123046875 0.030303067187499998 0.1142578125 0.03636368125 0.1181640625 0.03636368125 0.1201171875 0.0393939875 0.1220703125 0.0393939875 0.1259765625 0.030303067187499998 0.1318359375 0.030303067187499998 0.1337890625 0.0272727609375 0.1357421875 0.0272727609375 0.1396484375 0.0242424546875 0.1416015625 0.0242424546875 0.1513671875 0.0272727609375 0.1533203125 0.0272727609375 0.1572265625 0.0242424546875 0.1591796875 0.0242424546875 0.1611328125 0.033333375 0.1669921875 0.033333375 0.1728515625 0.0272727609375 0.1767578125 0.0272727609375 0.1826171875 0.030303067187499998 0.1845703125 0.030303067187499998 0.2001953125 0.0393939875 0.2060546875 0.0393939875 0.2099609375 0.030303067187499998 0.2158203125 0.030303067187499998 0.2255859375 0.0272727609375 0.2275390625 0.0272727609375 0.2392578125 0.030303067187499998 0.2412109375 0.030303067187499998 0.2451171875 0.031818221875000004 0.24609375 0.034848528125 0.24609375 0.0393939875 0.2490234375 0.0393939875 0.2568359375 0.03636368125 0.2587890625 0.03636368125 0.2607421875 0.033333375 0.2626953125 0.033333375 0.2666015625 0.030303067187499998 0.2685546875 0.030303067187499998 0.2802734375 0.033333375 0.2822265625 0.033333375 0.2861328125 0.03636368125 0.2880859375 0.03636368125 0.2958984375 0.033333375 0.2978515625 0.033333375 0.3017578125 0.030303067187499998 0.3037109375 0.033333375 0.3056640625 0.033333375 0.3271484375 0.03636368125 0.3291015625 0.03636368125 0.3330078125 0.0393939875 0.3349609375 0.0393939875 0.3408203125 0.03636368125 0.3427734375 0.03636368125 0.3447265625 0.033333375 0.3466796875 0.033333375 0.3720703125 0.030303067187499998 0.3740234375 0.033333375 0.3759765625 0.033333375 0.3876953125 0.03636368125 0.3896484375 0.03636368125 0.3994140625 0.0393939875 0.4013671875 0.0393939875 0.4169921875 0.0424242953125 0.4189453125 0.0424242953125 0.4228515625 0.0393939875 0.4248046875 0.0393939875 0.4267578125 0.033333375 0.4306640625 0.033333375 0.4462890625 0.03636368125 0.4482421875 0.03636368125 0.4599609375 0.0393939875 0.4619140625 0.0393939875 0.4638671875 0.0424242953125 0.4658203125 0.0424242953125 0.4697265625 0.0393939875 0.4716796875 0.0393939875 0.4736328125 0.03636368125 0.4755859375 0.03636368125 0.5048828125 0.0424242953125 0.5087890625 0.0424242953125 0.5166015625 0.0393939875 0.5185546875 0.0393939875 0.5205078125 0.03636368125 0.5224609375 0.03636368125 0.5263671875 0.0393939875 0.5283203125 0.0393939875 0.5380859375 0.03636368125 0.5400390625 0.03636368125 0.5439453125 0.0393939875 0.5458984375 0.0393939875 0.5556640625 0.033333375 0.5595703125 0.033333375 0.5615234375 0.030303067187499998 0.5634765625 0.030303067187499998 0.5869140625 0.033333375 0.5888671875 0.033333375 0.5908203125 0.034848528125 0.591796875 0.037878834374999996 0.591796875 0.0424242953125 0.5947265625 0.0424242953125 0.6025390625 0.03636368125 0.6064453125 0.03636368125 0.6103515625 0.033333375 0.6123046875 0.03636368125 0.6142578125 0.033333375 0.6162109375 0.033333375 0.6298828125 0.034848528125 0.630859375 0.037878834374999996 0.630859375 0.0454546015625 0.6357421875 0.0454546015625 0.6435546875 0.0424242953125 0.6455078125 0.0424242953125 0.6474609375 0.03636368125 0.6513671875 0.03636368125 0.6708984375 0.0393939875 0.6728515625 0.0393939875 0.6748046875 0.0424242953125 0.6767578125 0.0424242953125 0.6845703125 0.037878834374999996 0.6875 0.034848528125 0.6875 0.030303067187499998 0.6904296875 0.030303067187499998 0.7099609375 0.0272727609375 0.7119140625 0.0393939875 0.7197265625 0.0393939875 0.7255859375 0.033333375 0.7294921875 0.033333375 0.7353515625 0.030303067187499998 0.7373046875 0.030303067187499998 0.7470703125 0.033333375 0.7490234375 0.033333375 0.7548828125 0.0393939875 0.7587890625 0.0393939875 0.7607421875 0.0424242953125 0.7626953125 0.0424242953125 0.7646484375 0.0393939875 0.7666015625 0.0393939875 0.7685546875 0.0272727609375 0.7763671875 0.0272727609375 0.7958984375 0.030303067187499998 0.7978515625 0.030303067187499998 0.8017578125 0.033333375 0.8037109375 0.033333375 0.8076171875 0.0454546015625 0.8154296875 0.0454546015625 0.8173828125 0.0484849078125 0.8193359375 0.0484849078125 0.8232421875 0.0454546015625 0.8251953125 0.0454546015625 0.8427734375 0.0424242953125 0.8447265625 0.0424242953125 0.8544921875 0.0454546015625 0.8564453125 0.0454546015625 0.8583984375 0.0484849078125 0.8603515625 0.0484849078125 0.8740234375 0.0454546015625 0.8759765625 0.0454546015625 0.8935546875 0.054545521875 0.8994140625 0.054545521875 0.9072265625 0.0484849078125 0.9111328125 0.0484849078125 0.9130859375 0.0454546015625 0.9150390625 0.0454546015625 0.9326171875 0.0484849078125 0.9345703125 0.0484849078125 0.9365234375 0.054545521875 0.9404296875 0.054545521875 0.9423828125 0.06060613593750001 0.9462890625 0.06060613593750001 0.9541015625 0.0651515953125 0.95703125 0.06818190156250001 0.95703125 0.071212209375 0.958984375 0.074242515625 0.958984375 0.0772728234375 0.9609375 0.0803031296875 0.9609375 0.0833334359375 0.962890625 0.10757589062499999 0.962890625 0.11060619687499999 0.96484375 0.113636503125 0.96484375 0.1166668109375 0.962890625 0.11969711718750001 0.962890625 0.12272742343750001 0.9609375 0.12575773125 0.9609375 0.1287880375 0.962890625 0.13181834375 0.962890625 0.1348486515625 0.96484375 0.1681820265625 0.96484375 0.17121233281249998 0.962890625 0.180303253125 0.962890625 0.183333559375 0.9609375 0.186363865625 0.9609375 0.1893941734375 0.958984375 0.1924244796875 0.958984375 0.19545478593750001 0.95703125 0.19848509375 0.95703125 0.20151539999999998 0.958984375 0.20454570625000001 0.958984375 0.20757601406249998 0.9609375 0.22272754843749998 0.9609375 0.2257578546875 0.962890625 0.22878816093749998 0.962890625 0.23181846875 0.9609375 0.24090938906249998 0.9609375 0.24697000156249999 0.95703125 0.253030615625 0.95703125 0.25606092187499996 0.958984375 0.259091228125 0.958984375 0.2606063828125 0.9599609375 0.2606063828125 0.9619140625 0.2651518421875 0.96484375 0.2681821484375 0.96484375 0.27121245625 0.966796875 0.27727307031250004 0.966796875 0.2803033765625 0.96875 0.2954549109375 0.96875 0.2984852171875 0.966796875 0.3075761375 0.966796875 0.31666705781250004 0.9609375 0.3196973640625 0.9609375 0.322727671875 0.958984375 0.325757978125 0.9609375 0.32878828437499996 0.9609375 0.3348488984375 0.96484375 0.3560610453125 0.96484375 0.359091353125 0.962890625 0.3681822734375 0.962890625 0.3742428859375 0.958984375 0.37727319375 0.958984375 0.3803035 0.95703125 0.3863641140625 0.95703125 0.3893944203125 0.958984375 0.39545503437499996 0.958984375 0.398485340625 0.9609375 0.41666718124999996 0.9609375 0.4196974875 0.958984375 0.4409096359375 0.958984375 0.44697024843750005 0.962890625 0.46818239687499996 0.962890625 0.474243009375 0.958984375 0.477273315625 0.958984375 0.4803036234375 0.95703125 0.4954551578125 0.95703125 0.5015157703125 0.9609375 0.52878853125 0.9609375 0.5318188390625 0.962890625 0.543940065625 0.962890625 0.54545521875 0.9619140625 0.54545521875 0.9599609375 0.5530309859375 0.955078125 0.5651522124999999 0.955078125 0.5712128265625 0.958984375 0.5863643609375 0.958984375 0.5893946671875 0.95703125 0.5984855875 0.95703125 0.60151589375 0.955078125 0.6045462015624999 0.955078125 0.6075765078125 0.953125 0.6196977343750001 0.953125 0.622728040625 0.955078125 0.6287886546875 0.955078125 0.6318189624999999 0.95703125 0.653031109375 0.95703125 0.656061415625 0.958984375 0.6772735640625 0.958984375 0.6818190234375 0.9560546875 0.6818190234375 0.9541015625 0.6833341765625 0.953125 0.6954554046875 0.953125 0.704546325 0.958984375 0.7257584718750001 0.958984375 0.728788778125 0.95703125 0.7318190859375 0.95703125 0.7348493921875 0.955078125 0.7500009265625 0.955078125 0.7515160796875 0.9560546875 0.7515160796875 0.9599609375 0.7530312328125001 0.9609375 0.7772736874999999 0.9609375 0.78030399375 0.962890625 0.7833343 0.9609375 0.798485834375 0.9609375 0.8000009875 0.9599609375 0.8000009875 0.9580078125 0.8075767546874999 0.953125 0.81363736875 0.953125 0.816667675 0.955078125 0.8227282890625001 0.955078125 0.8257585953125 0.95703125 0.834849515625 0.95703125 0.8378798218749999 0.958984375 0.8409101296875001 0.958984375 0.8439404359375 0.95703125 0.8560616624999999 0.95703125 0.8621222765625 0.953125 0.874243503125 0.953125 0.8772738109375 0.955078125 0.8833344234375 0.955078125 0.8863647312499999 0.95703125 0.9166677984374999 0.95703125 0.9212132578125001 0.9541015625 0.9212132578125001 0.9521484375 0.92575871875 0.94921875 0.928789025 0.94921875 0.9318193328125 0.947265625 0.940910253125 0.947265625 0.9439405593749999 0.9453125 0.9469708656250001 0.9453125 0.9484860203125001 0.9443359375 0.9484860203125001 0.9423828125 0.9500011734375 0.94140625 0.9530314796875 0.94140625 0.957576940625 0.9384765625 0.957576940625 0.9365234375 0.960607246875 0.9345703125 0.960607246875 0.9306640625 0.966667859375 0.9267578125 0.966667859375 0.9013671875 0.963637553125 0.8994140625 0.966667859375 0.8974609375 0.966667859375 0.8955078125 0.9696981671874999 0.8935546875 0.9696981671874999 0.8916015625 0.9727284734375001 0.8896484375 0.9727284734375001 0.8701171875 0.9696981671874999 0.8681640625 0.9696981671874999 0.8583984375 0.966667859375 0.8564453125 0.966667859375 0.8486328125 0.9696981671874999 0.8466796875 0.9696981671874999 0.8447265625 0.966667859375 0.8427734375 0.966667859375 0.8251953125 0.963637553125 0.8232421875 0.963637553125 0.8173828125 0.966667859375 0.8154296875 0.966667859375 0.8017578125 0.963637553125 0.7998046875 0.963637553125 0.7919921875 0.960607246875 0.7900390625 0.960607246875 0.7822265625 0.957576940625 0.7802734375 0.957576940625 0.7724609375 0.960607246875 0.7705078125 0.960607246875 0.7685546875 0.963637553125 0.7666015625 0.963637553125 0.7607421875 0.966667859375 0.7587890625 0.966667859375 0.7412109375 0.963637553125 0.7392578125 0.963637553125 0.7333984375 0.9727284734375001 0.7275390625 0.9727284734375001 0.7216796875 0.9757587796875 0.7197265625 0.9757587796875 0.7099609375 0.9742436265625001 0.708984375 0.9727284734375001 0.7080078125 0.9727284734375001 0.7060546875 0.9696981671874999 0.7041015625 0.9696981671874999 0.6923828125 0.9727284734375001 0.6904296875 0.9727284734375001 0.6669921875
