0 0.0336117328125 0.4816687734375 0.0356488078125 0.9778761062499999 0.24444897187499998 0.992098609375 0.40741495156249996 0.9936788875 0.958443675 0.9826169406249999 0.9696475859374999 0.97471555 0.9676105109375 0.0597345125 0.958443675 0.037610618750000005 0.0692605421875 0.040771175 0.0387044203125 0.058154234375 0.0336117328125 0.4816687734375
2 0.03515625 0.89296875 0.0125 0.0265625
2 0.0375 0.76171875 0.0125 0.0375
2 0.0359375 0.52578125 0.015625 0.028125
2 0.03984375 0.32265625 0.015625 0.0328125
2 0.0375 0.275 0.0140625 0.03125
2 0.09765625 0.04375 0.021875 0.021875
2 0.2234375 0.046875 0.021875 0.028125
2 0.38203125 0.03515625 0.025 0.0234375
2 0.49375 0.0390625 0.015625 0.021875
2 0.5375 0.03828125 0.021875 0.0234375
2 0.5875 0.03984375 0.0203125 0.0234375
2 0.61875 0.0390625 0.0171875 0.028125
2 0.7484375 0.04375 0.015625 0.025
2 0.96015625 0.10625 0.015625 0.0265625
2 0.96640625 0.296875 0.01875 0.034375
2 0.96953125 0.36171875 0.01875 0.03125
2 0.10078125 0.98125 0.015625 0.01875
2 0.18203125 0.98203125 0.015625 0.0171875
2 0.23828125 0.98828125 0.0203125 0.0234375
2 0.40546875 0.984375 0.0203125 0.025
2 0.45 0.9859375 0.0171875 0.021875
2 0.48984375 0.98515625 0.01875 0.0203125
2 0.53359375 0.98671875 0.015625 0.0234375
2 0.5796875 0.98515625 0.0171875 0.0203125
2 0.63125 0.98671875 0.021875 0.0265625
2 0.66640625 0.98515625 0.015625 0.0296875
2 0.71015625 0.98125 0.01875 0.021875
2 0.7484375 0.98203125 0.01875 0.0203125
