0 0.51015625 0.48515625 0.965625 0.9453125
2 0.18515625 0.953125 0.025 0.0125
2 0.24921875 0.95 0.0203125 0.015625
2 0.3265625 0.946875 0.028125 0.015625
2 0.546875 0.946875 0.0234375 0.015625
2 0.61796875 0.94375 0.025 0.0125
2 0.8359375 0.946875 0.021875 0.0125
2 0.97578125 0.925 0.0203125 0.01875
2 0.975 0.89609375 0.01875 0.0140625
2 0.98671875 0.71328125 0.021875 0.0125
2 0.98671875 0.63125 0.0203125 0.015625
2 0.98203125 0.57578125 0.0203125 0.015625
2 0.98359375 0.39296875 0.0171875 0.0171875
2 0.984375 0.31015625 0.021875 0.0125
2 0.9828125 0.2546875 0.01875 0.015625
2 0.98203125 0.22890625 0.01875 0.0171875
2 0.9859375 0.19765625 0.0171875 0.0125
2 0.98515625 0.17421875 0.01875 0.0125
2 0.98046875 0.14453125 0.0203125 0.015625
2 0.9875 0.09453125 0.01875 0.0125
2 0.71015625 0.02578125 0.0234375 0.0125
2 0.49140625 0.021875 0.025 0.0125
2 0.43125 0.021875 0.025 0.0125
2 0.35859375 0.01953125 0.0265625 0.0109375
2 0.303125 0.0171875 0.0296875 0.0125
2 0.05859375 0.0453125 0.0265625 0.0125
2 0.053125 0.1234375 0.0234375 0.0125
2 0.0625 0.090625 0.01875 0.0171875
2 0.0609375 0.20078125 0.01875 0.015625
2 0.04921875 0.32421875 0.028125 0.015625
2 0.04375 0.36640625 0.021875 0.015625
2 0.04609375 0.40703125 0.021875 0.01875
2 0.04765625 0.4625 0.0265625 0.01875
2 0.0453125 0.50234375 0.01875 0.015625
2 0.04453125 0.54140625 0.025 0.01875
2 0.04375 0.58671875 0.01875 0.015625
2 0.0390625 0.625 0.021875 0.015625
2 0.04140625 0.79140625 0.021875 0.0171875
2 0.0390625 0.8359375 0.015625 0.0140625
