0 0.4984375 0.5125 0.975 0.946875
2 0.95078125 0.87421875 0.0296875 0.015625
2 0.64296875 0.97890625 0.0296875 0.0140625
2 0.56953125 0.97578125 0.0296875 0.0125
2 0.44453125 0.975 0.0265625 0.0109375
2 0.5125 0.9734375 0.025 0.0125
2 0.2921875 0.97109375 0.028125 0.0109375
2 0.02265625 0.84765625 0.01875 0.0140625
2 0.01953125 0.7140625 0.01875 0.015625
2 0.02265625 0.7390625 0.0171875 0.0125
2 0.02265625 0.765625 0.0203125 0.0140625
2 0.02421875 0.60234375 0.0203125 0.0171875
2 0.01953125 0.63359375 0.015625 0.0140625
2 0.02109375 0.65625 0.015625 0.015625
2 0.02265625 0.684375 0.01875 0.0125
2 0.02265625 0.49453125 0.015625 0.01875
2 0.02265625 0.52109375 0.01875 0.015625
2 0.02265625 0.5515625 0.021875 0.015625
2 0.02265625 0.36484375 0.01875 0.0125
2 0.02421875 0.228125 0.0171875 0.015625
2 0.0234375 0.2546875 0.0171875 0.0171875
2 0.02265625 0.28125 0.021875 0.0203125
2 0.02109375 0.31015625 0.015625 0.0125
2 0.0359375 0.07265625 0.0171875 0.015625
2 0.03671875 0.0984375 0.01875 0.015625
2 0.24140625 0.0484375 0.0234375 0.0125
2 0.31796875 0.0484375 0.0234375 0.0125
2 0.39765625 0.05390625 0.025 0.0125
2 0.68671875 0.05078125 0.021875 0.015625
2 0.765625 0.046875 0.025 0.01875
2 0.828125 0.04609375 0.0234375 0.0125
2 0.909375 0.04921875 0.0234375 0.01875
2 0.971875 0.28203125 0.0203125 0.015625
2 0.9640625 0.6328125 0.021875 0.0140625
2 0.9546875 0.6734375 0.0203125 0.015625
