0 0.4953125 0.4828125 0.9640625 0.95
2 0.828125 0.9421875 0.0296875 0.0125
2 0.68984375 0.9359375 0.028125 0.0171875
2 0.4671875 0.94140625 0.0265625 0.0125
2 0.39609375 0.9390625 0.0265625 0.0109375
2 0.24609375 0.9421875 0.025 0.0125
2 0.0515625 0.921875 0.015625 0.015625
2 0.034375 0.71484375 0.021875 0.0203125
2 0.0359375 0.6296875 0.01875 0.01875
2 0.03203125 0.390625 0.0234375 0.015625
2 0.03125 0.3578125 0.0203125 0.0171875
2 0.02734375 0.14140625 0.025 0.0125
2 0.93515625 0.0328125 0.028125 0.0140625
