0 0.023704171875 0.9737217359375 0.95606826875 0.9665919734375 0.970290771875 0.0437971078125 0.071112515625 0.0387044203125 0.045828065625 0.062130779687500005 0.023704171875 0.9737217359375
2 0.04609375 0.1 0.025 0.015625
2 0.0421875 0.13359375 0.0203125 0.0171875
2 0.03828125 0.1828125 0.01875 0.0125
2 0.0328125 0.23828125 0.021875 0.01875
2 0.0390625 0.32109375 0.0265625 0.0171875
2 0.0421875 0.36328125 0.0296875 0.01875
2 0.0375 0.40078125 0.0234375 0.01875
2 0.0359375 0.48828125 0.0234375 0.01875
2 0.0359375 0.534375 0.0265625 0.01875
2 0.0375 0.5796875 0.0234375 0.0171875
2 0.0359375 0.66328125 0.0234375 0.0234375
2 0.0328125 0.70859375 0.028125 0.01875
2 0.0390625 0.746875 0.0203125 0.0203125
2 0.03671875 0.7953125 0.028125 0.0171875
2 0.0375 0.87578125 0.0265625 0.021875
2 0.02734375 0.91796875 0.0234375 0.0203125
2 0.8265625 0.96015625 0.03125 0.015625
2 0.95859375 0.80625 0.0140625 0.0140625
2 0.96171875 0.75703125 0.0203125 0.0171875
2 0.9609375 0.540625 0.025 0.021875
2 0.965625 0.3828125 0.01875 0.0171875
2 0.959375 0.06484375 0.021875 0.0171875
2 0.9203125 0.04765625 0.0234375 0.01875
2 0.8609375 0.04375 0.03125 0.01875
2 0.8015625 0.04296875 0.015625 0.0234375
2 0.734375 0.04296875 0.0171875 0.015625
2 0.6828125 0.04453125 0.028125 0.015625
2 0.603125 0.04375 0.0296875 0.01875
2 0.54765625 0.04140625 0.0234375 0.015625
2 0.48203125 0.04140625 0.03125 0.01875
2 0.428125 0.0390625 0.025 0.0125
2 0.11015625 0.03828125 0.0296875 0.0109375
2 0.18515625 0.04140625 0.03125 0.015625
2 0.24140625 0.03984375 0.034375 0.021875
2 0.31015625 0.04140625 0.040625 0.025
2 0.37109375 0.040625 0.03125 0.0203125
