2 0.95546875 0.8921875 0.0140625 0.025
2 0.95546875 0.8078125 0.0125 0.025
2 0.95234375 0.7453125 0.0125 0.025
2 0.94765625 0.66953125 0.0140625 0.025
2 0.953125 0.59375 0.0171875 0.025
2 0.94609375 0.3796875 0.009375 0.025
2 0.95 0.228125 0.0125 0.021875
2 0.84296875 0.9578125 0.0125 0.0234375
2 0.8 0.9578125 0.015625 0.025
2 0.7203125 0.9578125 0.0125 0.015625
2 0.6734375 0.9640625 0.015625 0.021875
2 0.62890625 0.96171875 0.015625 0.021875
2 0.5921875 0.95703125 0.01875 0.021875
2 0.37265625 0.95703125 0.015625 0.021875
2 0.20625 0.94296875 0.01875 0.0203125
2 0.1796875 0.95078125 0.015625 0.01875
2 0.1296875 0.94765625 0.015625 0.0296875
2 0.0515625 0.94453125 0.015625 0.0171875
2 0.0203125 0.6953125 0.0125 0.03125
2 0.02265625 0.646875 0.015625 0.0296875
2 0.0265625 0.57421875 0.015625 0.028125
2 0.02578125 0.290625 0.0125 0.0265625
2 0.92421875 0.02421875 0.0125 0.01875
2 0.796875 0.01796875 0.015625 0.01875
2 0.63125 0.01328125 0.015625 0.0265625
2 0.603125 0.0125 0.01875 0.0171875
2 0.578125 0.01796875 0.0140625 0.021875
2 0.50078125 0.01640625 0.015625 0.01875
2 0.4734375 0.01796875 0.015625 0.01875
2 0.4453125 0.015625 0.0125 0.0265625
2 0.3625 0.0171875 0.0140625 0.0171875
2 0.3375 0.01328125 0.0125 0.01875
2 0.3109375 0.01484375 0.015625 0.01875
2 0.28203125 0.01640625 0.015625 0.021875
2 0.25703125 0.01953125 0.015625 0.0203125
2 0.23046875 0.02109375 0.015625 0.0265625
2 0.19921875 0.01484375 0.0140625 0.021875
2 0.17421875 0.01875 0.015625 0.021875
2 0.14765625 0.02109375 0.0125 0.0265625
2 0.11953125 0.01640625 0.01875 0.0203125
2 0.096875 0.01484375 0.0171875 0.01875
2 0.06875 0.015625 0.0125 0.015625
2 0.55 0.95703125 0.015625 0.015625
2 0.50703125 0.95234375 0.015625 0.028125
2 0.928125 0.9515625 0.0171875 0.0203125
2 0.884375 0.95625 0.015625 0.025
0 0.8134765625 0.0107387625 0.6123046875 0.0107387625 0.0556640625 0.0168453140625 0.0458984375 0.0198985890625 0.0400390625 0.0229518640625 0.03515625 0.027531778125 0.033203125 0.0336383296875 0.03125 0.04890470625 0.0234375 0.2656872609375 0.021484375 0.659559790625 0.021484375 0.8458095906249999 0.02734375 0.9465676796875 0.0302734375 0.95114759375 0.1376953125 0.9633606953125 0.6904296875 0.9664139703125001 0.8740234375 0.9633606953125 0.9462890625 0.95114759375 0.9560546875 0.9450410421875001 0.958984375 0.9404611296875001 0.9609375 0.8458095906249999 0.9609375 0.7694777046875 0.953125 0.0397448796875 0.951171875 0.030585053125 0.9423828125 0.0168453140625 0.8134765625 0.0107387625
