0 0.49765625 0.4875 0.9671875 0.946875
2 0.91484375 0.95 0.0234375 0.0125
2 0.828125 0.95078125 0.0203125 0.015625
2 0.76796875 0.95078125 0.0171875 0.01875
2 0.6953125 0.94453125 0.0265625 0.01875
2 0.5421875 0.9546875 0.0265625 0.0125
2 0.46796875 0.94765625 0.021875 0.015625
2 0.4 0.94453125 0.0296875 0.01875
2 0.31953125 0.95078125 0.0265625 0.01875
2 0.2484375 0.95078125 0.0265625 0.0125
2 0.05078125 0.928125 0.025 0.0140625
2 0.05234375 0.90078125 0.021875 0.0140625
2 0.0421875 0.84765625 0.01875 0.0125
2 0.03515625 0.79921875 0.0171875 0.0125
2 0.03125 0.771875 0.0203125 0.0140625
2 0.03203125 0.7453125 0.0171875 0.0125
2 0.03515625 0.7203125 0.021875 0.015625
2 0.034375 0.63671875 0.0234375 0.015625
2 0.03125 0.55859375 0.0203125 0.0125
2 0.0328125 0.50546875 0.01875 0.0140625
2 0.03515625 0.478125 0.0171875 0.0125
2 0.034375 0.446875 0.01875 0.015625
2 0.03359375 0.39765625 0.01875 0.0125
2 0.02890625 0.365625 0.015625 0.0125
2 0.028125 0.3390625 0.0203125 0.0140625
2 0.0296875 0.315625 0.021875 0.015625
2 0.0328125 0.23359375 0.025 0.015625
2 0.03046875 0.14921875 0.0203125 0.015625
2 0.940625 0.04375 0.028125 0.0125
2 0.946875 0.1203125 0.021875 0.0125
2 0.94375 0.08671875 0.0296875 0.021875
