2 0.059375 0.0328125 0.015625 0.0234375
2 0.10234375 0.0328125 0.015625 0.01640625
2 0.140625 0.0265625 0.01640625 0.015625
2 0.18515625 0.02890625 0.0171875 0.0140625
2 0.2390625 0.02265625 0.01875 0.021875
2 0.28125 0.021875 0.01640625 0.01953125
2 0.321875 0.02421875 0.0203125 0.01796875
2 0.36484375 0.02734375 0.0171875 0.0125
2 0.40703125 0.0265625 0.01484375 0.01328125
2 0.45234375 0.021875 0.01484375 0.01640625
2 0.49296875 0.021875 0.01640625 0.01953125
2 0.53515625 0.01953125 0.0171875 0.021875
2 0.584375 0.01953125 0.01640625 0.01796875
2 0.63203125 0.0171875 0.01953125 0.01953125
2 0.6671875 0.0203125 0.01796875 0.01875
2 0.7109375 0.01953125 0.02265625 0.0203125
2 0.74921875 0.02265625 0.01640625 0.02109375
2 0.79375 0.025 0.02109375 0.015625
2 0.83203125 0.0234375 0.0203125 0.015625
2 0.88203125 0.02265625 0.015625 0.02109375
2 0.915625 0.025 0.0140625 0.0171875
2 0.96875 0.184375 0.01015625 0.02421875
2 0.96953125 0.2515625 0.0078125 0.025
2 0.96640625 0.56875 0.01015625 0.040625
2 0.9703125 0.63828125 0.01484375 0.0375
2 0.96484375 0.696875 0.01015625 0.03203125
2 0.03984375 0.06796875 0.01015625 0.025
2 0.03359375 0.1171875 0.0140625 0.02265625
2 0.034375 0.18828125 0.0109375 0.0203125
2 0.03984375 0.246875 0.0125 0.02578125
2 0.0359375 0.3109375 0.0109375 0.02734375
2 0.03671875 0.36953125 0.00859375 0.028125
2 0.03671875 0.42421875 0.01015625 0.02109375
2 0.0390625 0.47734375 0.015625 0.02578125
2 0.0375 0.55 0.01328125 0.02578125
2 0.0390625 0.60546875 0.01484375 0.025
2 0.03984375 0.6796875 0.01484375 0.0296875
2 0.03984375 0.7328125 0.01484375 0.025
2 0.03984375 0.8015625 0.01875 0.0296875
2 0.04140625 0.86015625 0.01171875 0.02578125
2 0.0453125 0.92265625 0.01328125 0.025
2 0.0640625 0.9609375 0.0125 0.01875
2 0.0984375 0.9609375 0.01328125 0.015625
2 0.19140625 0.95234375 0.01875 0.00078125
2 0.22109375 0.95625 0.0171875 0.025
2 0.26015625 0.96484375 0.01328125 0.0265625
2 0.29765625 0.96484375 0.025 0.02734375
2 0.3328125 0.96640625 0.0203125 0.0203125
2 0.38046875 0.9625 0.01796875 0.028125
2 0.4171875 0.96640625 0.0171875 0.02421875
2 0.4625 0.9625 0.01875 0.021875
2 0.496875 0.96171875 0.0171875 0.02109375
2 0.53984375 0.9625 0.01640625 0.02265625
2 0.5890625 0.96484375 0.0171875 0.0203125
2 0.62109375 0.96171875 0.0171875 0.01796875
2 0.66796875 0.9625 0.0140625 0.01953125
2 0.70234375 0.9609375 0.01796875 0.01640625
2 0.80703125 0.95703125 0.02265625 0.0234375
2 0.8375 0.95703125 0.01796875 0.02109375
0 0.9655734359375 0.960809103125 0.9757588109374999 0.014222503124999999 0.90038704375 0.012642225000000002 0.063760440625 0.0218078375 0.0407414953125 0.0262326171875 0.0376858828125 0.027180784375 0.0356488078125 0.030341340625 0.032796903125 0.0388748421875 0.0287227546875 0.087231353125 0.032593196875 0.9134007578125001 0.0336117328125 0.9718710500000001 0.084538603125 0.9734513281250001 0.9655734359375 0.960809103125
