2 0.07734375 0.0453125 0.015625 0.015625
2 0.19765625 0.04296875 0.03125 0.01875
2 0.26796875 0.04140625 0.0265625 0.0203125
2 0.321875 0.03984375 0.028125 0.015625
2 0.396875 0.040625 0.0328125 0.0140625
2 0.45078125 0.040625 0.0296875 0.0203125
2 0.5234375 0.0375 0.03125 0.015625
2 0.575 0.0359375 0.0234375 0.0125
2 0.63515625 0.0359375 0.021875 0.015625
2 0.93984375 0.03515625 0.025 0.0125
2 0.97109375 0.05703125 0.021875 0.01875
2 0.97265625 0.1 0.0234375 0.015625
2 0.978125 0.18203125 0.01875 0.0125
2 0.98046875 0.23515625 0.015625 0.01875
2 0.98203125 0.2796875 0.01875 0.0125
2 0.98125 0.31875 0.021875 0.015625
2 0.978125 0.3625 0.01875 0.01875
2 0.98125 0.4046875 0.028125 0.015625
2 0.98515625 0.44609375 0.021875 0.01875
2 0.9859375 0.48828125 0.0234375 0.0203125
2 0.98515625 0.53046875 0.021875 0.015625
2 0.9875 0.58046875 0.021875 0.01875
2 0.98828125 0.63125 0.021875 0.0171875
2 0.98515625 0.66484375 0.025 0.025
2 0.984375 0.70703125 0.025 0.021875
2 0.98515625 0.7484375 0.01875 0.0203125
2 0.04296875 0.06328125 0.0140625 0.0171875
2 0.0453125 0.09921875 0.0125 0.0125
2 0.04765625 0.2234375 0.0171875 0.015625
2 0.040625 0.2609375 0.0203125 0.0140625
2 0.0359375 0.29609375 0.0203125 0.0171875
2 0.03359375 0.334375 0.0203125 0.021875
2 0.0375 0.38203125 0.025 0.0234375
2 0.0421875 0.41484375 0.01875 0.015625
2 0.03984375 0.4625 0.01875 0.015625
2 0.04140625 0.49609375 0.015625 0.01875
2 0.0390625 0.53984375 0.021875 0.01875
2 0.04140625 0.5890625 0.015625 0.01875
2 0.04375 0.61796875 0.01875 0.0125
2 0.0421875 0.66875 0.0140625 0.015625
0 0.5565739562500001 0.9676105109375 0.8979140328125 0.9747402734374999 0.98135271875 0.9733143203125 0.984513275 0.9706661234375 0.995575221875 0.947443471875 1 0.5589733140625001 0.9867256640625 0.073334690625 0.9854614406250001 0.0619270734375 0.976295828125 0.0433896921875 0.969974715625 0.037482175 0.9582806578125 0.0356488078125 0.9228824265625001 0.03320431875 0.109355246875 0.0407414953125 0.039823009375 0.0330006109375 0.0477244 0.872886534375 0.042351453125 0.9441841515625 0.051833121875 0.9665919734375 0.1513906453125 0.9655734359375 0.3378634640625 0.9716846609375 0.5565739562500001 0.9676105109375
