0 0.5046875 0.51484375 0.959375 0.946875
2 0.0890625 0.05546875 0.028125 0.015625
2 0.175 0.05546875 0.0265625 0.0125
2 0.31171875 0.06484375 0.03125 0.01875
2 0.60234375 0.0625 0.021875 0.0140625
2 0.7578125 0.0546875 0.021875 0.0140625
2 0.940625 0.078125 0.025 0.0125
2 0.940625 0.10703125 0.0203125 0.0125
2 0.96171875 0.2828125 0.028125 0.015625
2 0.96171875 0.36953125 0.021875 0.0140625
2 0.9625 0.44609375 0.0203125 0.015625
2 0.965625 0.771875 0.028125 0.015625
2 0.96875 0.86015625 0.021875 0.015625
2 0.978125 0.9078125 0.01875 0.015625
2 0.83828125 0.971875 0.0234375 0.0109375
2 0.771875 0.9734375 0.0265625 0.0125
2 0.06875 0.8109375 0.025 0.015625
