0 0.50625 0.49375 0.946875 0.9609375
2 0.04140625 0.89609375 0.0140625 0.0265625
2 0.0515625 0.671875 0.0140625 0.021875
2 0.04375 0.75078125 0.0140625 0.021875
2 0.0421875 0.81171875 0.0140625 0.028125
2 0.04921875 0.4546875 0.0171875 0.025
2 0.05234375 0.3828125 0.0171875 0.0296875
2 0.04921875 0.1625 0.0125 0.025
2 0.075 0.03203125 0.015625 0.0234375
2 0.10234375 0.0328125 0.015625 0.021875
2 0.15390625 0.02421875 0.015625 0.01875
2 0.36640625 0.02421875 0.015625 0.0203125
2 0.39453125 0.021875 0.0125 0.01875
2 0.42109375 0.02578125 0.015625 0.015625
2 0.44375 0.02421875 0.0125 0.0171875
2 0.49609375 0.0265625 0.015625 0.0171875
2 0.525 0.02734375 0.0125 0.01875
2 0.55546875 0.03046875 0.0125 0.01875
2 0.6046875 0.028125 0.01875 0.01875
2 0.6875 0.028125 0.0125 0.01875
2 0.76796875 0.03125 0.01875 0.01875
2 0.8234375 0.028125 0.015625 0.021875
2 0.8515625 0.03203125 0.015625 0.028125
2 0.971875 0.4546875 0.0078125 0.01875
