0 0.958443675 0.9623893812500001 0.9676105109375 0.9402654874999999 0.9696475859374999 0.025284450000000003 0.958443675 0.017383059375000003 0.40741495156249996 0.006321112500000001 0.24444897187499998 0.007901390625 0.0356488078125 0.02212389375 0.0336117328125 0.5183312265625 0.0387044203125 0.941845765625 0.0692605421875 0.959228825 0.958443675 0.9623893812500001
2 0.03515625 0.10703125 0.01328125 0.0265625
2 0.0375 0.23828125 0.01328125 0.03828125
2 0.0359375 0.47421875 0.015625 0.028125
2 0.03984375 0.67734375 0.015625 0.0328125
2 0.0375 0.725 0.0140625 0.03125
2 0.09765625 0.95625 0.02109375 0.021875
2 0.2234375 0.953125 0.02109375 0.028125
2 0.38203125 0.96484375 0.02421875 0.0234375
2 0.49375 0.9609375 0.01640625 0.021875
2 0.5375 0.96171875 0.02265625 0.0234375
2 0.5875 0.96015625 0.0203125 0.0234375
2 0.61875 0.9609375 0.0171875 0.028125
2 0.7484375 0.95625 0.01640625 0.025
2 0.96015625 0.89375 0.015625 0.0265625
2 0.96640625 0.703125 0.01796875 0.03515625
2 0.96953125 0.63828125 0.01796875 0.03125
2 0.10078125 0.01875 0.01640625 0.01875
2 0.18203125 0.01796875 0.01640625 0.0171875
2 0.23828125 0.01171875 0.0203125 0.0234375
2 0.40546875 0.015625 0.0203125 0.025
2 0.45 0.0140625 0.0171875 0.021875
2 0.48984375 0.01484375 0.01796875 0.0203125
2 0.53359375 0.01328125 0.015625 0.0234375
2 0.5796875 0.01484375 0.0171875 0.0203125
2 0.63125 0.01328125 0.02109375 0.0265625
2 0.66640625 0.01484375 0.01640625 0.0296875
2 0.71015625 0.01875 0.01796875 0.021875
2 0.7484375 0.01796875 0.01796875 0.0203125
