2 0.03125 0.93828125 0.021875 0.015625
2 0.028125 0.89921875 0.021875 0.021875
2 0.02890625 0.85859375 0.0265625 0.01875
2 0.02890625 0.81328125 0.0203125 0.0171875
2 0.02578125 0.75625 0.0234375 0.01875
2 0.0234375 0.71875 0.01875 0.015625
2 0.025 0.67265625 0.021875 0.0125
2 0.02578125 0.63515625 0.0234375 0.01875
2 0.02265625 0.54609375 0.0234375 0.0171875
2 0.02421875 0.50625 0.0203125 0.015625
2 0.02421875 0.46484375 0.0265625 0.0234375
2 0.025 0.33046875 0.025 0.0203125
2 0.0234375 0.28671875 0.01875 0.015625
2 0.02578125 0.24765625 0.0203125 0.01875
2 0.02734375 0.20078125 0.0171875 0.015625
2 0.02734375 0.115625 0.0171875 0.0171875
2 0.06015625 0.95703125 0.028125 0.0140625
2 0.1140625 0.96015625 0.03125 0.015625
2 0.1890625 0.95859375 0.0265625 0.015625
2 0.2390625 0.95859375 0.0265625 0.015625
2 0.3109375 0.9609375 0.01875 0.0125
2 0.36484375 0.95859375 0.025 0.0125
2 0.4234375 0.96015625 0.03125 0.0109375
2 0.47734375 0.95703125 0.028125 0.0109375
2 0.5453125 0.95859375 0.021875 0.0125
2 0.6015625 0.95234375 0.0265625 0.0140625
2 0.68359375 0.95234375 0.040625 0.0109375
2 0.73203125 0.95546875 0.03125 0.015625
2 0.79453125 0.95546875 0.025 0.0171875
2 0.85859375 0.9546875 0.0234375 0.0109375
2 0.9203125 0.9515625 0.0203125 0.015625
2 0.96015625 0.93125 0.0234375 0.015625
2 0.95859375 0.8984375 0.0265625 0.0171875
2 0.96171875 0.853125 0.0203125 0.0171875
2 0.96015625 0.76953125 0.0328125 0.021875
2 0.9625 0.73515625 0.025 0.01875
2 0.96796875 0.696875 0.0296875 0.0171875
2 0.96875 0.659375 0.025 0.01875
2 0.965625 0.61484375 0.01875 0.0109375
2 0.9625 0.5796875 0.01875 0.0171875
2 0.96015625 0.45546875 0.0203125 0.0171875
2 0.9640625 0.40390625 0.025 0.015625
2 0.9609375 0.32421875 0.01875 0.015625
2 0.959375 0.29296875 0.021875 0.021875
2 0.9546875 0.11015625 0.025 0.021875
2 0.95625 0.0765625 0.021875 0.015625
0 0.957576940625 0.4970703125 0.960607246875 0.4951171875 0.960607246875 0.4619140625 0.957576940625 0.4599609375 0.957576940625 0.4521484375 0.963637553125 0.4482421875 0.963637553125 0.4365234375 0.966667859375 0.4345703125 0.966667859375 0.4306640625 0.963637553125 0.4287109375 0.963637553125 0.4228515625 0.966667859375 0.4208984375 0.966667859375 0.4189453125 0.963637553125 0.4169921875 0.963637553125 0.4130859375 0.957576940625 0.4091796875 0.957576940625 0.4013671875 0.960607246875 0.3994140625 0.960607246875 0.3818359375 0.957576940625 0.3798828125 0.957576940625 0.3701171875 0.960607246875 0.3681640625 0.960607246875 0.3662109375 0.963637553125 0.3642578125 0.963637553125 0.3349609375 0.960607246875 0.3330078125 0.960607246875 0.3310546875 0.957576940625 0.3291015625 0.957576940625 0.3212890625 0.960607246875 0.3193359375 0.960607246875 0.3173828125 0.963637553125 0.3154296875 0.963637553125 0.3037109375 0.960607246875 0.3017578125 0.960607246875 0.2978515625 0.957576940625 0.2958984375 0.957576940625 0.2861328125 0.960607246875 0.2841796875 0.960607246875 0.2744140625 0.957576940625 0.2724609375 0.957576940625 0.2607421875 0.9545466328125001 0.2587890625 0.9545466328125001 0.2412109375 0.957576940625 0.2392578125 0.957576940625 0.2373046875 0.963637553125 0.2333984375 0.963637553125 0.2138671875 0.960607246875 0.2119140625 0.960607246875 0.2001953125 0.957576940625 0.1982421875 0.957576940625 0.1962890625 0.9545466328125001 0.1943359375 0.9545466328125001 0.1923828125 0.9515163265625001 0.1904296875 0.9515163265625001 0.1884765625 0.9545466328125001 0.1865234375 0.9545466328125001 0.1826171875 0.957576940625 0.1806640625 0.957576940625 0.1669921875 0.9545466328125001 0.1650390625 0.9545466328125001 0.1591796875 0.9515163265625001 0.1572265625 0.9515163265625001 0.1552734375 0.9545466328125001 0.1533203125 0.9545466328125001 0.1513671875 0.957576940625 0.1494140625 0.957576940625 0.1474609375 0.960607246875 0.1455078125 0.960607246875 0.1240234375 0.957576940625 0.1220703125 0.957576940625 0.1181640625 0.9484860203125001 0.1123046875 0.9484860203125001 0.1103515625 0.9515163265625001 0.1083984375 0.9515163265625001 0.1064453125 0.9545466328125001 0.1044921875 0.9545466328125001 0.1005859375 0.957576940625 0.0986328125 0.957576940625 0.0849609375 0.9515163265625001 0.0810546875 0.9515163265625001 0.0791015625 0.9484860203125001 0.0771484375 0.9484860203125001 0.0712890625 0.9545466328125001 0.0693359375 0.9545466328125001 0.0458984375 0.9515163265625001 0.0439453125 0.9515163265625001 0.0419921875 0.9484860203125001 0.0400390625 0.9484860203125001 0.0380859375 0.9439405593749999 0.03515625 0.9227284125 0.03515625 0.9166677984374999 0.0390625 0.904546571875 0.0390625 0.9015162640625001 0.037109375 0.8984859578125001 0.0390625 0.874243503125 0.0390625 0.8712131968750001 0.041015625 0.834849515625 0.041015625 0.831819209375 0.0390625 0.81969798125 0.0390625 0.816667675 0.037109375 0.7893949140625 0.037109375 0.7863646078125 0.03515625 0.7742433796875 0.03515625 0.7712130734375 0.033203125 0.759091846875 0.033203125 0.7560615390625001 0.03125 0.7318190859375 0.03125 0.728788778125 0.033203125 0.7196978578125 0.033203125 0.7166675515625001 0.03125 0.7136372453125001 0.03125 0.7106069374999999 0.033203125 0.6954554046875 0.033203125 0.689394790625 0.029296875 0.6075765078125 0.029296875 0.6045462015624999 0.03125 0.60151589375 0.03125 0.5984855875 0.029296875 0.59545528125 0.029296875 0.5924249734375 0.03125 0.5893946671875 0.03125 0.5863643609375 0.029296875 0.5348491453124999 0.029296875 0.5318188390625 0.02734375 0.52272791875 0.02734375 0.5196976109375 0.029296875 0.510606690625 0.029296875 0.507576384375 0.02734375 0.504546078125 0.02734375 0.5015157703125 0.025390625 0.474243009375 0.025390625 0.47121270312499997 0.02734375 0.46818239687499996 0.02734375 0.4651520890625 0.025390625 0.45909147656249993 0.025390625 0.45606116874999997 0.02734375 0.4409096359375 0.02734375 0.437879328125 0.025390625 0.434849021875 0.02734375 0.365151965625 0.02734375 0.36212165937499996 0.025390625 0.3560610453125 0.025390625 0.3530307390625 0.02734375 0.32878828437499996 0.02734375 0.325757978125 0.025390625 0.2803033765625 0.025390625 0.27727307031250004 0.02734375 0.24090938906249998 0.02734375 0.23787908125 0.029296875 0.23181846875 0.029296875 0.22878816093749998 0.03125 0.2106063203125 0.03125 0.20757601406249998 0.029296875 0.17424263906249998 0.029296875 0.17121233281249998 0.02734375 0.1348486515625 0.02734375 0.13181834375 0.029296875 0.113636503125 0.029296875 0.11060619687499999 0.03125 0.08939405 0.03125 0.08636374375 0.029296875 0.0500000609375 0.029296875 0.0469697546875 0.02734375 0.040909140625 0.02734375 0.033333375 0.0322265625 0.033333375 0.0361328125 0.030303067187499998 0.0380859375 0.030303067187499998 0.0458984375 0.0272727609375 0.0478515625 0.0272727609375 0.0732421875 0.030303067187499998 0.0751953125 0.030303067187499998 0.0830078125 0.0272727609375 0.0849609375 0.0272727609375 0.0888671875 0.0242424546875 0.0908203125 0.0242424546875 0.0927734375 0.0272727609375 0.0947265625 0.0272727609375 0.1025390625 0.030303067187499998 0.1044921875 0.030303067187499998 0.1083984375 0.033333375 0.1103515625 0.033333375 0.1181640625 0.030303067187499998 0.1201171875 0.030303067187499998 0.1220703125 0.0272727609375 0.1240234375 0.0272727609375 0.1396484375 0.030303067187499998 0.1416015625 0.030303067187499998 0.1669921875 0.0272727609375 0.1689453125 0.0272727609375 0.1904296875 0.033333375 0.1943359375 0.033333375 0.2041015625 0.0242424546875 0.2099609375 0.0242424546875 0.2158203125 0.021212146874999997 0.2177734375 0.021212146874999997 0.2216796875 0.0242424546875 0.2236328125 0.0242424546875 0.2275390625 0.021212146874999997 0.2294921875 0.021212146874999997 0.2314453125 0.0242424546875 0.2333984375 0.0242424546875 0.2353515625 0.0272727609375 0.2373046875 0.0272727609375 0.2392578125 0.033333375 0.2431640625 0.033333375 0.2509765625 0.030303067187499998 0.2529296875 0.030303067187499998 0.2548828125 0.0272727609375 0.2568359375 0.0272727609375 0.2646484375 0.030303067187499998 0.2666015625 0.030303067187499998 0.2900390625 0.028787914062499996 0.291015625 0.0257576078125 0.291015625 0.0242424546875 0.2919921875 0.0242424546875 0.2939453125 0.018181840625 0.2978515625 0.018181840625 0.3076171875 0.021212146874999997 0.3095703125 0.021212146874999997 0.3193359375 0.0242424546875 0.3212890625 0.0242424546875 0.3232421875 0.033333375 0.3291015625 0.033333375 0.3310546875 0.030303067187499998 0.3330078125 0.030303067187499998 0.3349609375 0.0242424546875 0.3388671875 0.0242424546875 0.3505859375 0.0272727609375 0.3525390625 0.0272727609375 0.3544921875 0.030303067187499998 0.3564453125 0.030303067187499998 0.3642578125 0.0272727609375 0.3662109375 0.0272727609375 0.3896484375 0.030303067187499998 0.3916015625 0.030303067187499998 0.4072265625 0.033333375 0.4091796875 0.033333375 0.4169921875 0.030303067187499998 0.4189453125 0.030303067187499998 0.4228515625 0.0272727609375 0.4248046875 0.0272727609375 0.4521484375 0.033333375 0.4541015625 0.033333375 0.4658203125 0.030303067187499998 0.4677734375 0.030303067187499998 0.4775390625 0.0272727609375 0.4794921875 0.0272727609375 0.4970703125 0.030303067187499998 0.4990234375 0.030303067187499998 0.5009765625 0.033333375 0.5029296875 0.033333375 0.5068359375 0.030303067187499998 0.5087890625 0.030303067187499998 0.5107421875 0.0272727609375 0.5126953125 0.0272727609375 0.5283203125 0.0242424546875 0.5302734375 0.0242424546875 0.5361328125 0.030303067187499998 0.5400390625 0.030303067187499998 0.5419921875 0.033333375 0.5439453125 0.033333375 0.5498046875 0.030303067187499998 0.5517578125 0.030303067187499998 0.5712890625 0.033333375 0.5732421875 0.033333375 0.5947265625 0.030303067187499998 0.5966796875 0.030303067187499998 0.5986328125 0.0272727609375 0.6005859375 0.0272727609375 0.6181640625 0.030303067187499998 0.6201171875 0.030303067187499998 0.6220703125 0.033333375 0.6240234375 0.033333375 0.6279296875 0.03636368125 0.6298828125 0.03636368125 0.6357421875 0.031818221875000004 0.638671875 0.028787914062499996 0.638671875 0.0257576078125 0.640625 0.0227273015625 0.640625 0.018181840625 0.6435546875 0.018181840625 0.6552734375 0.021212146874999997 0.6572265625 0.021212146874999997 0.6630859375 0.033333375 0.6708984375 0.033333375 0.6767578125 0.0272727609375 0.6806640625 0.0272727609375 0.6845703125 0.0242424546875 0.6865234375 0.0242424546875 0.7060546875 0.0272727609375 0.7080078125 0.0272727609375 0.7099609375 0.030303067187499998 0.7119140625 0.030303067187499998 0.7177734375 0.021212146874999997 0.7236328125 0.021212146874999997 0.7470703125 0.030303067187499998 0.7529296875 0.030303067187499998 0.7958984375 0.033333375 0.7978515625 0.033333375 0.8056640625 0.03636368125 0.8076171875 0.03636368125 0.8193359375 0.030303067187499998 0.8232421875 0.033333375 0.8251953125 0.033333375 0.8271484375 0.030303067187499998 0.8291015625 0.030303067187499998 0.8447265625 0.033333375 0.8466796875 0.033333375 0.8505859375 0.03636368125 0.8525390625 0.03636368125 0.8603515625 0.033333375 0.8623046875 0.033333375 0.8662109375 0.0272727609375 0.8701171875 0.0272727609375 0.8720703125 0.0242424546875 0.8740234375 0.0242424546875 0.8837890625 0.028787914062499996 0.88671875 0.031818221875000004 0.88671875 0.03636368125 0.8896484375 0.03636368125 0.8916015625 0.0393939875 0.8935546875 0.0393939875 0.8974609375 0.03636368125 0.8994140625 0.03636368125 0.9033203125 0.033333375 0.9052734375 0.033333375 0.9111328125 0.030303067187499998 0.9130859375 0.030303067187499998 0.9208984375 0.03636368125 0.9248046875 0.03636368125 0.9287109375 0.0393939875 0.9306640625 0.0393939875 0.9326171875 0.0424242953125 0.9345703125 0.0424242953125 0.9423828125 0.0393939875 0.9443359375 0.0393939875 0.9521484375 0.040909140625 0.953125 0.0651515953125 0.953125 0.06818190156250001 0.955078125 0.071212209375 0.955078125 0.074242515625 0.958984375 0.10454558437499999 0.958984375 0.10757589062499999 0.95703125 0.11060619687499999 0.95703125 0.113636503125 0.955078125 0.1166668109375 0.955078125 0.1287880375 0.962890625 0.1621214125 0.962890625 0.16515171875 0.9609375 0.17121233281249998 0.9609375 0.180303253125 0.955078125 0.186363865625 0.955078125 0.1893941734375 0.953125 0.1924244796875 0.955078125 0.19848509375 0.955078125 0.200000246875 0.9560546875 0.200000246875 0.9580078125 0.20454570625000001 0.9609375 0.22878816093749998 0.9609375 0.23030331406250001 0.9599609375 0.23030331406250001 0.9580078125 0.23787908125 0.953125 0.24697000156249999 0.953125 0.25454576875 0.9580078125 0.25454576875 0.9599609375 0.259091228125 0.962890625 0.28939429687499996 0.962890625 0.292424603125 0.9609375 0.2984852171875 0.9609375 0.3075761375 0.955078125 0.3196973640625 0.955078125 0.32878828437499996 0.9609375 0.3560610453125 0.9609375 0.3681822734375 0.953125 0.3742428859375 0.953125 0.37727319375 0.955078125 0.3803035 0.955078125 0.3863641140625 0.958984375 0.3893944203125 0.958984375 0.3924247265625 0.9609375 0.39545503437499996 0.958984375 0.40757626093750005 0.958984375 0.4106065671875 0.95703125 0.4136368734375 0.95703125 0.41666718124999996 0.955078125 0.434849021875 0.955078125 0.437879328125 0.95703125 0.44697024843750005 0.95703125 0.45000055625 0.958984375 0.4530308625 0.958984375 0.45606116874999997 0.95703125 0.46212178281250005 0.95703125 0.46818239687499996 0.953125 0.474243009375 0.953125 0.477273315625 0.951171875 0.4803036234375 0.951171875 0.4833339296875 0.953125 0.4863642375 0.953125 0.49242485 0.95703125 0.52878853125 0.95703125 0.5318188390625 0.955078125 0.5378794515624999 0.955078125 0.5409097593750001 0.953125 0.5560612921875 0.953125 0.56212190625 0.95703125 0.5651522124999999 0.95703125 0.5681825203125 0.958984375 0.5742431328125 0.958984375 0.577273440625 0.95703125 0.583334053125 0.95703125 0.5863643609375 0.955078125 0.5893946671875 0.955078125 0.5924249734375 0.953125 0.59545528125 0.953125 0.5984855875 0.951171875 0.6106068140625001 0.951171875 0.616667428125 0.955078125 0.6196977343750001 0.955078125 0.622728040625 0.95703125 0.6287886546875 0.95703125 0.6318189624999999 0.958984375 0.6590917234375 0.958984375 0.6621220296875 0.95703125 0.6651523359375 0.95703125 0.6772735640625 0.94921875 0.6863644843750001 0.94921875 0.69090994375 0.9521484375 0.69090994375 0.9541015625 0.692425096875 0.955078125 0.7166675515625001 0.955078125 0.7196978578125 0.953125 0.7257584718750001 0.953125 0.728788778125 0.951171875 0.7348493921875 0.951171875 0.7378796984375 0.953125 0.74091000625 0.953125 0.7439403125 0.955078125 0.7500009265625 0.955078125 0.7530312328125001 0.95703125 0.762122153125 0.95703125 0.765152459375 0.955078125 0.7863646078125 0.955078125 0.7924252203125 0.951171875 0.798485834375 0.951171875 0.801516140625 0.94921875 0.8045464484375 0.951171875 0.8075767546874999 0.951171875 0.81363736875 0.955078125 0.8409101296875001 0.955078125 0.8439404359375 0.953125 0.85000105 0.953125 0.85303135625 0.951171875 0.8560616624999999 0.951171875 0.8590919703125 0.94921875 0.8621222765625 0.951171875 0.8651525828125 0.951171875 0.8681828906250001 0.953125 0.8712131968750001 0.953125 0.874243503125 0.955078125 0.8833344234375 0.955078125 0.8863647312499999 0.95703125 0.89242534375 0.95703125 0.8954556515625001 0.955078125 0.907576878125 0.955078125 0.910607184375 0.953125 0.9136374921874999 0.953125 0.9227284125 0.947265625 0.92575871875 0.947265625 0.9348496390625 0.953125 0.9651527062499999 0.953125 0.966667859375 0.9521484375 0.966667859375 0.9423828125 0.963637553125 0.9404296875 0.963637553125 0.9384765625 0.957576940625 0.9345703125 0.957576940625 0.9267578125 0.960607246875 0.9248046875 0.960607246875 0.9052734375 0.957576940625 0.9033203125 0.957576940625 0.8994140625 0.9545466328125001 0.8974609375 0.9545466328125001 0.8935546875 0.960607246875 0.8896484375 0.960607246875 0.8544921875 0.957576940625 0.8525390625 0.957576940625 0.8466796875 0.960607246875 0.8447265625 0.960607246875 0.8232421875 0.957576940625 0.8212890625 0.957576940625 0.8115234375 0.960607246875 0.8095703125 0.960607246875 0.7939453125 0.957576940625 0.7919921875 0.957576940625 0.7861328125 0.9545466328125001 0.7841796875 0.9545466328125001 0.7783203125 0.9515163265625001 0.7763671875 0.9515163265625001 0.7685546875 0.9530314796875 0.767578125 0.9560617859375 0.767578125 0.95909209375 0.765625 0.9621223999999999 0.765625 0.963637553125 0.7646484375 0.963637553125 0.7607421875 0.966667859375 0.7587890625 0.966667859375 0.7470703125 0.963637553125 0.7451171875 0.963637553125 0.7412109375 0.957576940625 0.7392578125 0.957576940625 0.7294921875 0.9621223999999999 0.7265625 0.9651527062499999 0.7265625 0.966667859375 0.7255859375 0.966667859375 0.7060546875 0.960607246875 0.7021484375 0.960607246875 0.6943359375 0.966667859375 0.6904296875 0.966667859375 0.6728515625 0.9696981671874999 0.6708984375 0.9696981671874999 0.6689453125 0.966667859375 0.6669921875 0.966667859375 0.6630859375 0.963637553125 0.6611328125 0.963637553125 0.6552734375 0.966667859375 0.6533203125 0.966667859375 0.6474609375 0.9696981671874999 0.6455078125 0.9696981671874999 0.6220703125 0.9651527062499999 0.619140625 0.9621223999999999 0.619140625 0.960607246875 0.6181640625 0.960607246875 0.6103515625 0.966667859375 0.6064453125 0.966667859375 0.6044921875 0.9696981671874999 0.6025390625 0.9696981671874999 0.6005859375 0.966667859375 0.5986328125 0.966667859375 0.5947265625 0.9696981671874999 0.5927734375 0.9696981671874999 0.5888671875 0.966667859375 0.5869140625 0.966667859375 0.5849609375 0.960607246875 0.5830078125 0.960607246875 0.5751953125 0.966667859375 0.5712890625 0.966667859375 0.5693359375 0.9696981671874999 0.5673828125 0.9696981671874999 0.5419921875 0.9681830140625 0.541015625 0.960607246875 0.5361328125 0.960607246875 0.5341796875 0.957576940625 0.5322265625 0.957576940625 0.5302734375 0.960607246875 0.5283203125 0.960607246875 0.5048828125 0.957576940625 0.5029296875 0.957576940625 0.4970703125
