2 0.10234375 0.1734375 0.01171875 0.025
2 0.10390625 0.2296875 0.0203125 0.02265625
2 0.1046875 0.278125 0.01328125 0.0234375
2 0.10078125 0.3296875 0.01640625 0.0265625
2 0.1015625 0.378125 0.01640625 0.0265625
2 0.0984375 0.42109375 0.0125 0.02734375
2 0.103125 0.46328125 0.01015625 0.0234375
2 0.10390625 0.5140625 0.009375 0.02265625
2 0.10625 0.5609375 0.01953125 0.02265625
2 0.10703125 0.6234375 0.0171875 0.02109375
2 0.1015625 0.6625 0.0125 0.01484375
2 0.103125 0.71875 0.0140625 0.02265625
2 0.10234375 0.76796875 0.01328125 0.0265625
2 0.10703125 0.81015625 0.0109375 0.025
2 0.1203125 0.84296875 0.0125 0.0234375
2 0.46875 0.85078125 0.0125 0.01875
2 0.50625 0.8484375 0.0171875 0.0171875
2 0.54921875 0.8484375 0.01484375 0.01875
2 0.571875 0.8484375 0.01328125 0.01875
2 0.6171875 0.853125 0.0125 0.01640625
2 0.85859375 0.1234375 0.02265625 0.02265625
2 0.8515625 0.74609375 0.01171875 0.0203125
2 0.75390625 0.1234375 0.0125 0.0140625
2 0.7234375 0.1265625 0.0171875 0.0296875
2 0.684375 0.1265625 0.01328125 0.02265625
2 0.61328125 0.12421875 0.01171875 0.0140625
2 0.15234375 0.121875 0.01796875 0.02109375
2 0.18203125 0.11953125 0.01640625 0.0234375
2 0.4015625 0.12109375 0.0125 0.02265625
2 0.36796875 0.1234375 0.0109375 0.02265625
2 0.78984375 0.125 0.01328125 0.0203125
2 0.82109375 0.12265625 0.01953125 0.01484375
0 0.7841796875 0.8525390625 0.7861328125 0.849609375 0.7978515625 0.849609375 0.7998046875 0.8466796875 0.8115234375 0.8466796875 0.8154296875 0.8525390625 0.8173828125 0.849609375 0.8271484375 0.849609375 0.8291015625 0.8466796875 0.8486328125 0.8466796875 0.8505859375 0.84375 0.8544921875 0.84375 0.85546875 0.84228515625 0.85546875 0.83935546875 0.857421875 0.83642578125 0.857421875 0.81884765625 0.85546875 0.81591796875 0.85546875 0.81005859375 0.853515625 0.80712890625 0.853515625 0.79541015625 0.85546875 0.79248046875 0.85546875 0.77490234375 0.8515625 0.76904296875 0.8515625 0.76025390625 0.849609375 0.75732421875 0.849609375 0.75439453125 0.84765625 0.75146484375 0.84765625 0.74267578125 0.849609375 0.73974609375 0.849609375 0.73681640625 0.8515625 0.73388671875 0.8515625 0.72216796875 0.853515625 0.71923828125 0.853515625 0.71337890625 0.85546875 0.71044921875 0.85546875 0.70458984375 0.857421875 0.70166015625 0.857421875 0.65771484375 0.85546875 0.65478515625 0.85546875 0.64599609375 0.857421875 0.64306640625 0.857421875 0.63134765625 0.859375 0.62841796875 0.859375 0.59912109375 0.861328125 0.59619140625 0.861328125 0.59033203125 0.859375 0.58740234375 0.859375 0.57861328125 0.861328125 0.57568359375 0.861328125 0.56689453125 0.859375 0.56396484375 0.859375 0.54638671875 0.861328125 0.54345703125 0.861328125 0.53466796875 0.86328125 0.53173828125 0.86328125 0.51123046875 0.865234375 0.50830078125 0.865234375 0.49658203125 0.86328125 0.49365234375 0.86328125 0.46435546875 0.865234375 0.46142578125 0.865234375 0.44677734375 0.86328125 0.44384765625 0.86328125 0.43505859375 0.861328125 0.43212890625 0.861328125 0.42626953125 0.86328125 0.42333984375 0.86328125 0.35302734375 0.865234375 0.35009765625 0.865234375 0.34130859375 0.8671875 0.33837890625 0.8671875 0.33251953125 0.865234375 0.32958984375 0.865234375 0.26220703125 0.86328125 0.25927734375 0.86328125 0.24169921875 0.861328125 0.23876953125 0.86328125 0.23583984375 0.86328125 0.23291015625 0.865234375 0.22998046875 0.865234375 0.19189453125 0.86328125 0.18896484375 0.86328125 0.16552734375 0.865234375 0.16259765625 0.865234375 0.14501953125 0.86328125 0.14208984375 0.86328125 0.13916015625 0.8525390625 0.123046875 0.8291015625 0.123046875 0.8271484375 0.1259765625 0.8173828125 0.1259765625 0.8154296875 0.123046875 0.8037109375 0.123046875 0.8017578125 0.1259765625 0.7978515625 0.1259765625 0.7958984375 0.12890625 0.7939453125 0.12890625 0.7919921875 0.1318359375 0.7880859375 0.1318359375 0.7861328125 0.12890625 0.7783203125 0.12890625 0.7763671875 0.1259765625 0.7568359375 0.1259765625 0.7548828125 0.12890625 0.7529296875 0.12890625 0.7509765625 0.1259765625 0.7490234375 0.1259765625 0.7470703125 0.123046875 0.7314453125 0.123046875 0.7275390625 0.12890625 0.7255859375 0.12890625 0.7236328125 0.1318359375 0.7197265625 0.1318359375 0.71875 0.13037109375 0.71875 0.12744140625 0.7158203125 0.123046875 0.7001953125 0.123046875 0.6982421875 0.1259765625 0.6962890625 0.1259765625 0.6943359375 0.123046875 0.6904296875 0.123046875 0.689453125 0.12451171875 0.689453125 0.13037109375 0.6865234375 0.134765625 0.6826171875 0.134765625 0.6796875 0.13037109375 0.6796875 0.12744140625 0.6787109375 0.1259765625 0.6767578125 0.1259765625 0.6748046875 0.123046875 0.6650390625 0.123046875 0.6630859375 0.1259765625 0.6552734375 0.1259765625 0.6533203125 0.12890625 0.6513671875 0.12890625 0.6494140625 0.1259765625 0.6474609375 0.1259765625 0.6455078125 0.123046875 0.6240234375 0.123046875 0.6220703125 0.1259765625 0.6201171875 0.1259765625 0.6162109375 0.1318359375 0.6123046875 0.1318359375 0.6064453125 0.123046875 0.5947265625 0.123046875 0.5927734375 0.1201171875 0.5615234375 0.1201171875 0.5595703125 0.123046875 0.5556640625 0.123046875 0.5537109375 0.1259765625 0.5517578125 0.1259765625 0.5498046875 0.12890625 0.5439453125 0.12890625 0.5419921875 0.1259765625 0.5166015625 0.1259765625 0.5146484375 0.12890625 0.5068359375 0.12890625 0.5029296875 0.123046875 0.4794921875 0.123046875 0.4775390625 0.1259765625 0.4755859375 0.1259765625 0.4736328125 0.12890625 0.4697265625 0.12890625 0.4677734375 0.1259765625 0.4658203125 0.1259765625 0.4638671875 0.123046875 0.4404296875 0.123046875 0.4384765625 0.1259765625 0.4365234375 0.123046875 0.4326171875 0.123046875 0.4306640625 0.1201171875 0.4130859375 0.1201171875 0.4111328125 0.123046875 0.4072265625 0.123046875 0.40625 0.12451171875 0.40625 0.12744140625 0.4052734375 0.12890625 0.3974609375 0.12890625 0.3955078125 0.1259765625 0.3857421875 0.1259765625 0.3837890625 0.123046875 0.3779296875 0.123046875 0.3759765625 0.1259765625 0.3720703125 0.1259765625 0.3701171875 0.12890625 0.3623046875 0.12890625 0.3603515625 0.1259765625 0.3310546875 0.1259765625 0.3291015625 0.123046875 0.3134765625 0.123046875 0.3115234375 0.1201171875 0.2998046875 0.1201171875 0.2978515625 0.1171875 0.2919921875 0.1171875 0.2900390625 0.1142578125 0.2822265625 0.1142578125 0.2802734375 0.1171875 0.2724609375 0.1171875 0.2705078125 0.1201171875 0.2626953125 0.1201171875 0.2607421875 0.1171875 0.2333984375 0.1171875 0.2314453125 0.1201171875 0.2275390625 0.1201171875 0.2255859375 0.123046875 0.2236328125 0.123046875 0.2216796875 0.1259765625 0.2177734375 0.1259765625 0.2158203125 0.12890625 0.2138671875 0.12890625 0.2119140625 0.1259765625 0.2041015625 0.1259765625 0.2021484375 0.123046875 0.1865234375 0.123046875 0.1845703125 0.1259765625 0.1787109375 0.1259765625 0.1767578125 0.123046875 0.1748046875 0.123046875 0.1728515625 0.1201171875 0.1708984375 0.1201171875 0.1689453125 0.1171875 0.1650390625 0.1171875 0.1630859375 0.1201171875 0.1611328125 0.1201171875 0.1572265625 0.1259765625 0.1552734375 0.1259765625 0.1533203125 0.12890625 0.1494140625 0.12890625 0.1474609375 0.1259765625 0.1455078125 0.1259765625 0.1435546875 0.123046875 0.1298828125 0.123046875 0.1279296875 0.1259765625 0.1220703125 0.1259765625 0.1181640625 0.1318359375 0.1142578125 0.1318359375 0.1123046875 0.134765625 0.1103515625 0.134765625 0.1064453125 0.140625 0.1044921875 0.140625 0.103515625 0.14208984375 0.103515625 0.14794921875 0.1015625 0.15087890625 0.1015625 0.15966796875 0.103515625 0.16259765625 0.103515625 0.16845703125 0.10546875 0.17138671875 0.10546875 0.17724609375 0.103515625 0.18017578125 0.103515625 0.18310546875 0.1015625 0.18603515625 0.1015625 0.18896484375 0.099609375 0.19189453125 0.1015625 0.19482421875 0.1015625 0.21240234375 0.1044921875 0.216796875 0.1064453125 0.216796875 0.107421875 0.21826171875 0.107421875 0.22412109375 0.109375 0.22705078125 0.109375 0.23291015625 0.107421875 0.23583984375 0.107421875 0.23876953125 0.10546875 0.24169921875 0.10546875 0.25927734375 0.107421875 0.26220703125 0.107421875 0.26806640625 0.109375 0.27099609375 0.109375 0.27685546875 0.1064453125 0.28125 0.1044921875 0.28125 0.099609375 0.28857421875 0.099609375 0.31494140625 0.103515625 0.32080078125 0.103515625 0.32373046875 0.10546875 0.32666015625 0.10546875 0.33251953125 0.1015625 0.33837890625 0.1015625 0.36767578125 0.1025390625 0.369140625 0.1044921875 0.369140625 0.10546875 0.37060546875 0.10546875 0.37353515625 0.107421875 0.37646484375 0.107421875 0.37939453125 0.1044921875 0.3837890625 0.1005859375 0.3837890625 0.099609375 0.38525390625 0.099609375 0.40283203125 0.09765625 0.40576171875 0.103515625 0.41455078125 0.103515625 0.42333984375 0.1015625 0.42626953125 0.1015625 0.42919921875 0.099609375 0.43212890625 0.099609375 0.44091796875 0.1015625 0.44384765625 0.1015625 0.44970703125 0.10546875 0.45556640625 0.10546875 0.46728515625 0.1044921875 0.46875 0.1025390625 0.46875 0.1015625 0.47021484375 0.1015625 0.49072265625 0.099609375 0.49365234375 0.099609375 0.49658203125 0.1015625 0.49951171875 0.1015625 0.50537109375 0.1025390625 0.5068359375 0.1044921875 0.5068359375 0.107421875 0.51123046875 0.107421875 0.51708984375 0.1044921875 0.521484375 0.1005859375 0.521484375 0.099609375 0.52294921875 0.099609375 0.54931640625 0.1025390625 0.5537109375 0.1083984375 0.5537109375 0.109375 0.55517578125 0.109375 0.56103515625 0.1083984375 0.5625 0.1005859375 0.5625 0.099609375 0.56396484375 0.099609375 0.56982421875 0.09765625 0.57275390625 0.09765625 0.57861328125 0.099609375 0.58154296875 0.099609375 0.60498046875 0.1015625 0.60791015625 0.099609375 0.61083984375 0.099609375 0.61376953125 0.1005859375 0.615234375 0.1064453125 0.615234375 0.109375 0.61962890625 0.109375 0.62548828125 0.1083984375 0.626953125 0.1025390625 0.626953125 0.1015625 0.62841796875 0.1015625 0.63134765625 0.099609375 0.63427734375 0.099609375 0.64892578125 0.1015625 0.65185546875 0.1015625 0.65478515625 0.103515625 0.65771484375 0.103515625 0.66650390625 0.1025390625 0.66796875 0.1005859375 0.66796875 0.099609375 0.66943359375 0.099609375 0.67529296875 0.09765625 0.67822265625 0.09765625 0.68994140625 0.099609375 0.69287109375 0.099609375 0.70751953125 0.1005859375 0.708984375 0.1025390625 0.708984375 0.10546875 0.71337890625 0.10546875 0.72216796875 0.1044921875 0.7236328125 0.1005859375 0.7236328125 0.099609375 0.72509765625 0.099609375 0.75146484375 0.1015625 0.75439453125 0.1015625 0.75732421875 0.103515625 0.76025390625 0.103515625 0.76904296875 0.099609375 0.77490234375 0.099609375 0.78076171875 0.1015625 0.78369140625 0.1015625 0.80419921875 0.103515625 0.80712890625 0.1015625 0.81005859375 0.1015625 0.81884765625 0.099609375 0.82177734375 0.099609375 0.82470703125 0.1015625 0.82763671875 0.1015625 0.83935546875 0.1044921875 0.84375 0.1142578125 0.84375 0.1162109375 0.8408203125 0.1767578125 0.8408203125 0.1787109375 0.84375 0.2060546875 0.84375 0.2080078125 0.8408203125 0.2236328125 0.8408203125 0.2255859375 0.837890625 0.2294921875 0.837890625 0.2314453125 0.8349609375 0.2509765625 0.8349609375 0.2548828125 0.8408203125 0.2763671875 0.8408203125 0.2783203125 0.84375 0.2841796875 0.84375 0.2861328125 0.8466796875 0.2958984375 0.8466796875 0.2978515625 0.849609375 0.3056640625 0.849609375 0.3076171875 0.8466796875 0.3095703125 0.849609375 0.3115234375 0.849609375 0.3125 0.85107421875 0.3125 0.85400390625 0.3134765625 0.85546875 0.3388671875 0.85546875 0.3408203125 0.8525390625 0.3466796875 0.8525390625 0.3486328125 0.85546875 0.3583984375 0.85546875 0.3603515625 0.8525390625 0.3720703125 0.8525390625 0.3740234375 0.849609375 0.3759765625 0.849609375 0.3779296875 0.8466796875 0.3798828125 0.849609375 0.3857421875 0.849609375 0.3876953125 0.8525390625 0.3955078125 0.8525390625 0.3974609375 0.849609375 0.4033203125 0.849609375 0.4052734375 0.8466796875 0.4072265625 0.8466796875 0.4091796875 0.849609375 0.4208984375 0.849609375 0.4228515625 0.8466796875 0.4248046875 0.849609375 0.4462890625 0.849609375 0.4482421875 0.8525390625 0.4541015625 0.8525390625 0.4560546875 0.85546875 0.4580078125 0.8525390625 0.4658203125 0.8525390625 0.4677734375 0.849609375 0.4755859375 0.849609375 0.4775390625 0.8525390625 0.4892578125 0.8525390625 0.4912109375 0.849609375 0.5009765625 0.849609375 0.5029296875 0.8466796875 0.5107421875 0.8466796875 0.5146484375 0.8525390625 0.5400390625 0.8525390625 0.5419921875 0.849609375 0.5458984375 0.849609375 0.5478515625 0.8466796875 0.5517578125 0.8466796875 0.5556640625 0.8525390625 0.5654296875 0.8525390625 0.5673828125 0.849609375 0.5693359375 0.849609375 0.5712890625 0.8466796875 0.5751953125 0.8466796875 0.5771484375 0.849609375 0.5791015625 0.849609375 0.5810546875 0.8525390625 0.6201171875 0.8525390625 0.6220703125 0.85546875 0.6396484375 0.85546875 0.6416015625 0.8525390625 0.6455078125 0.8525390625 0.6474609375 0.85546875 0.6533203125 0.85546875 0.6552734375 0.8525390625 0.6728515625 0.8525390625 0.6748046875 0.849609375 0.6904296875 0.849609375 0.6923828125 0.8525390625 0.7099609375 0.8525390625 0.7119140625 0.85546875 0.7158203125 0.85546875 0.7177734375 0.8525390625 0.7275390625 0.8525390625 0.7294921875 0.85546875 0.7314453125 0.85546875 0.7333984375 0.8583984375 0.7431640625 0.8583984375 0.744140625 0.85693359375 0.7451171875 0.85546875 0.7685546875 0.85546875 0.7705078125 0.8525390625 0.7841796875 0.8525390625
