0 0.51328125 0.49765625 0.9453125 0.978125
1 0.953125 0.953125 0.05703125 0.0640625
2 0.153125 0.02578125 0.01171875 0.0171875
2 0.1984375 0.025 0.01328125 0.01796875
2 0.40390625 0.025 0.0140625 0.02265625
2 0.66640625 0.03046875 0.015625 0.0203125
2 0.865625 0.03203125 0.015625 0.01796875
2 0.9 0.034375 0.01171875 0.01875
2 0.97734375 0.0625 0.01328125 0.02265625
2 0.9796875 0.284375 0.01015625 0.02265625
2 0.97734375 0.33984375 0.01484375 0.02109375
2 0.9734375 0.69140625 0.0078125 0.0265625
2 0.97421875 0.74609375 0.009375 0.02578125
2 0.9734375 0.81796875 0.00859375 0.0234375
2 0.85078125 0.9703125 0.01328125 0.01875
2 0.8796875 0.971875 0.01328125 0.015625
2 0.57890625 0.9734375 0.01328125 0.0171875
2 0.60703125 0.9734375 0.01328125 0.0171875
2 0.6375 0.97421875 0.01328125 0.0171875
2 0.66171875 0.97421875 0.0125 0.015625
2 0.6875 0.9734375 0.01328125 0.01484375
2 0.7171875 0.971875 0.0125 0.0140625
2 0.74296875 0.97265625 0.01328125 0.01484375
2 0.76953125 0.9703125 0.01328125 0.0171875
2 0.446875 0.97734375 0.01328125 0.015625
2 0.36796875 0.97578125 0.01484375 0.01796875
2 0.15390625 0.97578125 0.01484375 0.0203125
2 0.04921875 0.68515625 0.01171875 0.02265625
2 0.04921875 0.60859375 0.01484375 0.02109375
