0 0.0499367890625 0.7372173562500001 0.056257901562500004 0.9592585046875 0.944690265625 0.9643511921875 0.966814159375 0.9337950703125 0.9778761062499999 0.72805051875 0.9683944375 0.03951925 0.9494311 0.024241189062499998 0.0515170671875 0.0364636375 0.040455120312499995 0.070075371875 0.030973451562499997 0.6740680390625 0.040455120312499995 0.713790996875 0.0499367890625 0.7372173562500001
2 0.89609375 0.96171875 0.03125 0.015625
2 0.8234375 0.95625 0.0375 0.015625
2 0.7703125 0.95625 0.0328125 0.0265625
2 0.7015625 0.96171875 0.04375 0.01875
2 0.63984375 0.96015625 0.046875 0.0171875
2 0.53671875 0.959375 0.028125 0.021875
2 0.47265625 0.95859375 0.03125 0.015625
2 0.4109375 0.95625 0.040625 0.028125
2 0.3359375 0.9578125 0.04375 0.0234375
2 0.21328125 0.9609375 0.0375 0.021875
2 0.096875 0.95546875 0.0359375 0.01875
2 0.171875 0.04140625 0.034375 0.01875
2 0.9625 0.896875 0.03125 0.025
2 0.96875 0.8625 0.025 0.015625
2 0.965625 0.590625 0.0265625 0.0234375
2 0.96484375 0.4140625 0.025 0.021875
2 0.9609375 0.334375 0.028125 0.021875
2 0.9609375 0.25078125 0.03125 0.0171875
2 0.9640625 0.20390625 0.03125 0.021875
2 0.9625 0.121875 0.0234375 0.021875
