2 0.0453125 0.92265625 0.01640625 0.01484375
2 0.04296875 0.80234375 0.01796875 0.03046875
2 0.04140625 0.73203125 0.0203125 0.0265625
2 0.03984375 0.678125 0.01640625 0.02734375
2 0.040625 0.603125 0.0140625 0.0328125
2 0.040625 0.54921875 0.0203125 0.0296875
2 0.0375 0.4765625 0.015625 0.03046875
2 0.0359375 0.425 0.01171875 0.0234375
2 0.0359375 0.36484375 0.01484375 0.02265625
2 0.03515625 0.06015625 0.01171875 0.02421875
2 0.05703125 0.02890625 0.01875 0.021875
2 0.1 0.02734375 0.01640625 0.0234375
2 0.18203125 0.021875 0.01328125 0.01875
2 0.23515625 0.01953125 0.01875 0.015625
2 0.2796875 0.01796875 0.0125 0.01875
2 0.31875 0.01875 0.01640625 0.02265625
2 0.3625 0.021875 0.01953125 0.01875
2 0.4046875 0.01875 0.01640625 0.02734375
2 0.44609375 0.01484375 0.01953125 0.02109375
2 0.48828125 0.0140625 0.0203125 0.0234375
2 0.53046875 0.01484375 0.01640625 0.02109375
2 0.58046875 0.0125 0.01875 0.02265625
2 0.63125 0.01171875 0.0171875 0.02109375
2 0.66484375 0.01484375 0.025 0.02578125
2 0.70703125 0.015625 0.02109375 0.025
2 0.7484375 0.01484375 0.0203125 0.01875
2 0.06328125 0.95703125 0.0171875 0.0140625
2 0.09921875 0.9546875 0.01328125 0.01328125
2 0.2234375 0.95234375 0.015625 0.0171875
2 0.2609375 0.959375 0.0140625 0.0203125
2 0.29609375 0.9640625 0.0171875 0.0203125
2 0.334375 0.96640625 0.02265625 0.0203125
2 0.38203125 0.9625 0.0234375 0.025
2 0.41484375 0.9578125 0.015625 0.01953125
2 0.4625 0.96015625 0.01640625 0.01796875
2 0.49609375 0.95859375 0.01875 0.01640625
2 0.53984375 0.9609375 0.01796875 0.02109375
2 0.5890625 0.95859375 0.01875 0.01640625
2 0.61796875 0.95625 0.0125 0.01953125
2 0.66875 0.9578125 0.015625 0.0140625
0 0.9441841515625 0.957648546875 0.9665919734375 0.9481668781250001 0.9655734359375 0.8486093546875001 0.9716846609375 0.6621365359375 0.9676105109375 0.44342604375 0.9747402734374999 0.1020859671875 0.9733143203125 0.01864728125 0.9706661234375 0.015486725000000002 0.947443471875 0.004424778125 0.5589733140625001 0 0.073334690625 0.013274335937500001 0.0619270734375 0.014538559375 0.0433896921875 0.023704171875 0.037482175 0.030025284375 0.0356488078125 0.0417193421875 0.03320431875 0.0771175734375 0.0407414953125 0.890644753125 0.0330006109375 0.9601769906250001 0.872886534375 0.9522755999999999 0.9441841515625 0.957648546875
