2 0.15546875 0.121875 0.01796875 0.021875
2 0.1828125 0.1171875 0.0140625 0.021875
2 0.403125 0.12578125 0.0140625 0.0140625
2 0.47265625 0.12578125 0.01640625 0.01328125
2 0.5125 0.12890625 0.01796875 0.015625
2 0.5484375 0.12890625 0.01796875 0.0171875
2 0.615625 0.1296875 0.015625 0.0140625
2 0.653125 0.12890625 0.0140625 0.0140625
2 0.68515625 0.13203125 0.01640625 0.01640625
2 0.72421875 0.13359375 0.01796875 0.0203125
2 0.86171875 0.13046875 0.01328125 0.01953125
2 0.82578125 0.1296875 0.01640625 0.0171875
2 0.84921875 0.75546875 0.00859375 0.01796875
2 0.85390625 0.8109375 0.01171875 0.01953125
2 0.10390625 0.80703125 0.0140625 0.02109375
2 0.09921875 0.76015625 0.01015625 0.02109375
2 0.1 0.71171875 0.0125 0.01953125
2 0.09921875 0.659375 0.0140625 0.021875
2 0.103125 0.61796875 0.01640625 0.0171875
2 0.103125 0.5546875 0.015625 0.021875
2 0.10234375 0.50859375 0.01328125 0.02109375
2 0.10234375 0.4578125 0.01015625 0.02265625
2 0.103125 0.37265625 0.0125 0.02109375
2 0.103125 0.32265625 0.0125 0.021875
2 0.10625 0.27265625 0.0140625 0.0203125
2 0.10625 0.22890625 0.01015625 0.01953125
2 0.10390625 0.17109375 0.0109375 0.0265625
0 0.8447265625 0.85546875 0.8466796875 0.8525390625 0.8486328125 0.8525390625 0.8515625 0.84814453125 0.8515625 0.84521484375 0.853515625 0.84228515625 0.853515625 0.83349609375 0.85546875 0.83056640625 0.85546875 0.82470703125 0.8515625 0.81884765625 0.8515625 0.81591796875 0.849609375 0.81298828125 0.849609375 0.80712890625 0.8515625 0.80419921875 0.8515625 0.77490234375 0.8505859375 0.7734375 0.8486328125 0.7734375 0.845703125 0.76904296875 0.845703125 0.75146484375 0.849609375 0.74560546875 0.849609375 0.73095703125 0.8515625 0.72802734375 0.8515625 0.71630859375 0.853515625 0.71337890625 0.853515625 0.70458984375 0.85546875 0.70166015625 0.85546875 0.66943359375 0.853515625 0.66650390625 0.853515625 0.65185546875 0.85546875 0.64892578125 0.85546875 0.64306640625 0.857421875 0.64013671875 0.857421875 0.62841796875 0.859375 0.62548828125 0.859375 0.61669921875 0.857421875 0.61376953125 0.857421875 0.60791015625 0.859375 0.60498046875 0.859375 0.56689453125 0.857421875 0.56396484375 0.857421875 0.55517578125 0.859375 0.55224609375 0.859375 0.54931640625 0.861328125 0.54638671875 0.861328125 0.53466796875 0.86328125 0.53173828125 0.86328125 0.51123046875 0.865234375 0.50830078125 0.865234375 0.49951171875 0.86328125 0.49658203125 0.86328125 0.44384765625 0.861328125 0.44091796875 0.861328125 0.42919921875 0.86328125 0.42626953125 0.86328125 0.39990234375 0.865234375 0.39697265625 0.865234375 0.39111328125 0.86328125 0.38818359375 0.86328125 0.35888671875 0.865234375 0.35595703125 0.865234375 0.35302734375 0.8671875 0.35009765625 0.8671875 0.33251953125 0.865234375 0.32958984375 0.865234375 0.30029296875 0.8671875 0.29736328125 0.8671875 0.28271484375 0.865234375 0.27978515625 0.865234375 0.25927734375 0.86328125 0.25634765625 0.86328125 0.24462890625 0.865234375 0.24169921875 0.865234375 0.17138671875 0.8671875 0.16845703125 0.8671875 0.14794921875 0.865234375 0.14501953125 0.865234375 0.14208984375 0.8642578125 0.140625 0.8603515625 0.140625 0.859375 0.13916015625 0.859375 0.13623046875 0.8544921875 0.12890625 0.8525390625 0.12890625 0.8505859375 0.1259765625 0.8466796875 0.1259765625 0.8447265625 0.12890625 0.8330078125 0.12890625 0.8291015625 0.134765625 0.8232421875 0.134765625 0.8193359375 0.12890625 0.8095703125 0.12890625 0.8076171875 0.1318359375 0.7978515625 0.1318359375 0.796875 0.13330078125 0.796875 0.13623046875 0.7958984375 0.1376953125 0.7802734375 0.1376953125 0.7783203125 0.134765625 0.7529296875 0.134765625 0.7490234375 0.12890625 0.7294921875 0.12890625 0.7255859375 0.134765625 0.7216796875 0.134765625 0.7177734375 0.12890625 0.6982421875 0.12890625 0.6962890625 0.1318359375 0.6943359375 0.1318359375 0.693359375 0.13330078125 0.693359375 0.13623046875 0.6923828125 0.1376953125 0.6806640625 0.1376953125 0.6796875 0.13623046875 0.6796875 0.13037109375 0.6787109375 0.12890625 0.6611328125 0.12890625 0.6591796875 0.1318359375 0.6494140625 0.1318359375 0.6474609375 0.12890625 0.6240234375 0.12890625 0.6220703125 0.1318359375 0.6201171875 0.1318359375 0.6181640625 0.134765625 0.6162109375 0.134765625 0.6142578125 0.1318359375 0.6123046875 0.1318359375 0.6103515625 0.12890625 0.6083984375 0.12890625 0.6064453125 0.1259765625 0.5927734375 0.1259765625 0.5908203125 0.123046875 0.5712890625 0.123046875 0.5693359375 0.1259765625 0.5615234375 0.1259765625 0.5595703125 0.12890625 0.5556640625 0.12890625 0.5537109375 0.1318359375 0.5439453125 0.1318359375 0.5419921875 0.12890625 0.5185546875 0.12890625 0.5166015625 0.1318359375 0.5087890625 0.1318359375 0.5068359375 0.12890625 0.5009765625 0.12890625 0.4990234375 0.1259765625 0.4794921875 0.1259765625 0.4775390625 0.12890625 0.4755859375 0.12890625 0.4736328125 0.1318359375 0.4716796875 0.12890625 0.4697265625 0.12890625 0.4677734375 0.1259765625 0.4111328125 0.1259765625 0.4091796875 0.12890625 0.4072265625 0.12890625 0.4052734375 0.1318359375 0.4013671875 0.1318359375 0.3994140625 0.12890625 0.3955078125 0.12890625 0.3935546875 0.1259765625 0.3798828125 0.1259765625 0.3779296875 0.12890625 0.3740234375 0.12890625 0.3720703125 0.1318359375 0.3681640625 0.1318359375 0.3662109375 0.12890625 0.3583984375 0.12890625 0.3564453125 0.1259765625 0.3408203125 0.1259765625 0.3388671875 0.12890625 0.3369140625 0.1259765625 0.3310546875 0.1259765625 0.3291015625 0.123046875 0.3134765625 0.123046875 0.3115234375 0.1201171875 0.3037109375 0.1201171875 0.3017578125 0.1171875 0.2958984375 0.1171875 0.2939453125 0.1142578125 0.2822265625 0.1142578125 0.2802734375 0.1171875 0.2724609375 0.1171875 0.2705078125 0.1201171875 0.2666015625 0.1201171875 0.2646484375 0.1171875 0.2314453125 0.1171875 0.2294921875 0.1201171875 0.2275390625 0.1201171875 0.2255859375 0.123046875 0.2041015625 0.123046875 0.2021484375 0.1201171875 0.1943359375 0.1201171875 0.1923828125 0.123046875 0.1806640625 0.123046875 0.1787109375 0.1201171875 0.1767578125 0.1201171875 0.1748046875 0.1171875 0.1611328125 0.1171875 0.158203125 0.12158203125 0.158203125 0.12451171875 0.1572265625 0.1259765625 0.1513671875 0.1259765625 0.1474609375 0.1201171875 0.1396484375 0.1201171875 0.1376953125 0.123046875 0.1259765625 0.123046875 0.1240234375 0.1259765625 0.1220703125 0.1259765625 0.1201171875 0.12890625 0.1142578125 0.12890625 0.1103515625 0.134765625 0.1083984375 0.134765625 0.103515625 0.14208984375 0.103515625 0.15087890625 0.1015625 0.15380859375 0.1015625 0.15673828125 0.103515625 0.15966796875 0.103515625 0.16259765625 0.10546875 0.16552734375 0.10546875 0.17724609375 0.1015625 0.18310546875 0.1015625 0.18603515625 0.099609375 0.18896484375 0.099609375 0.19482421875 0.1015625 0.19775390625 0.099609375 0.20068359375 0.1015625 0.20361328125 0.1015625 0.20654296875 0.103515625 0.20947265625 0.103515625 0.21240234375 0.107421875 0.21826171875 0.107421875 0.22119140625 0.109375 0.22412109375 0.109375 0.23291015625 0.107421875 0.23583984375 0.107421875 0.23876953125 0.10546875 0.24169921875 0.10546875 0.25927734375 0.107421875 0.26220703125 0.107421875 0.26513671875 0.109375 0.26806640625 0.109375 0.27099609375 0.107421875 0.27392578125 0.107421875 0.27685546875 0.1064453125 0.2783203125 0.1044921875 0.2783203125 0.1015625 0.28271484375 0.1015625 0.29736328125 0.099609375 0.30029296875 0.099609375 0.30322265625 0.1015625 0.30615234375 0.1015625 0.31494140625 0.10546875 0.32080078125 0.10546875 0.32958984375 0.1015625 0.33544921875 0.1015625 0.35888671875 0.103515625 0.36181640625 0.103515625 0.36474609375 0.107421875 0.37060546875 0.107421875 0.37646484375 0.1044921875 0.380859375 0.1025390625 0.380859375 0.099609375 0.38525390625 0.099609375 0.40869140625 0.103515625 0.41455078125 0.1015625 0.41748046875 0.1015625 0.44677734375 0.103515625 0.44970703125 0.103515625 0.45263671875 0.10546875 0.45556640625 0.10546875 0.46142578125 0.103515625 0.46435546875 0.103515625 0.46728515625 0.1015625 0.47021484375 0.1015625 0.47314453125 0.099609375 0.47607421875 0.099609375 0.49365234375 0.1015625 0.49658203125 0.1015625 0.49951171875 0.10546875 0.50537109375 0.10546875 0.50830078125 0.107421875 0.51123046875 0.1025390625 0.5185546875 0.1005859375 0.5185546875 0.099609375 0.52001953125 0.099609375 0.54052734375 0.1044921875 0.5478515625 0.1064453125 0.5478515625 0.107421875 0.54931640625 0.107421875 0.55224609375 0.109375 0.55517578125 0.1044921875 0.5625 0.1005859375 0.5625 0.09765625 0.56689453125 0.09765625 0.59912109375 0.099609375 0.60205078125 0.099609375 0.60498046875 0.1044921875 0.6123046875 0.1064453125 0.6123046875 0.107421875 0.61376953125 0.107421875 0.62255859375 0.1064453125 0.6240234375 0.1044921875 0.6240234375 0.1025390625 0.626953125 0.1005859375 0.626953125 0.099609375 0.62841796875 0.099609375 0.63134765625 0.09765625 0.63427734375 0.09765625 0.64599609375 0.099609375 0.64892578125 0.099609375 0.65185546875 0.1015625 0.65478515625 0.1015625 0.65771484375 0.103515625 0.66064453125 0.1005859375 0.6650390625 0.0986328125 0.6650390625 0.095703125 0.66943359375 0.095703125 0.69287109375 0.09765625 0.69580078125 0.09765625 0.70166015625 0.1015625 0.70751953125 0.1015625 0.71630859375 0.099609375 0.71923828125 0.099609375 0.72216796875 0.09765625 0.72509765625 0.09765625 0.74853515625 0.099609375 0.75146484375 0.099609375 0.75439453125 0.1015625 0.75732421875 0.1015625 0.76318359375 0.099609375 0.76611328125 0.099609375 0.77197265625 0.09765625 0.77490234375 0.09765625 0.77783203125 0.099609375 0.78076171875 0.099609375 0.80126953125 0.1015625 0.80419921875 0.099609375 0.80712890625 0.099609375 0.81005859375 0.09765625 0.81298828125 0.09765625 0.83935546875 0.1005859375 0.84375 0.1064453125 0.84375 0.1083984375 0.8408203125 0.1103515625 0.8408203125 0.1123046875 0.837890625 0.1748046875 0.837890625 0.1767578125 0.8408203125 0.2138671875 0.8408203125 0.2158203125 0.837890625 0.2314453125 0.837890625 0.2333984375 0.8349609375 0.2392578125 0.8349609375 0.2412109375 0.83203125 0.2470703125 0.83203125 0.2509765625 0.837890625 0.2607421875 0.837890625 0.2626953125 0.8408203125 0.2744140625 0.8408203125 0.2763671875 0.84375 0.2841796875 0.84375 0.2861328125 0.8466796875 0.3056640625 0.8466796875 0.3095703125 0.8525390625 0.3115234375 0.8525390625 0.3134765625 0.85546875 0.3330078125 0.85546875 0.3349609375 0.8525390625 0.3408203125 0.8525390625 0.3427734375 0.85546875 0.3564453125 0.85546875 0.3583984375 0.8525390625 0.3603515625 0.85546875 0.3623046875 0.8525390625 0.3701171875 0.8525390625 0.3720703125 0.849609375 0.3798828125 0.849609375 0.3818359375 0.8525390625 0.3974609375 0.8525390625 0.3994140625 0.849609375 0.4287109375 0.849609375 0.4306640625 0.8525390625 0.4443359375 0.8525390625 0.4462890625 0.85546875 0.4619140625 0.85546875 0.4638671875 0.8525390625 0.4697265625 0.8525390625 0.4716796875 0.85546875 0.4892578125 0.85546875 0.4912109375 0.8525390625 0.4990234375 0.8525390625 0.5009765625 0.849609375 0.5068359375 0.849609375 0.5107421875 0.85546875 0.5400390625 0.85546875 0.5419921875 0.8525390625 0.5498046875 0.8525390625 0.5517578125 0.85546875 0.5654296875 0.85546875 0.5673828125 0.8525390625 0.5732421875 0.8525390625 0.5751953125 0.85546875 0.5791015625 0.85546875 0.5810546875 0.8583984375 0.6083984375 0.8583984375 0.6103515625 0.85546875 0.6162109375 0.85546875 0.6181640625 0.8583984375 0.6474609375 0.8583984375 0.6494140625 0.861328125 0.6513671875 0.861328125 0.6533203125 0.8583984375 0.6669921875 0.8583984375 0.6689453125 0.85546875 0.6865234375 0.85546875 0.6884765625 0.8583984375 0.7021484375 0.8583984375 0.7041015625 0.861328125 0.7119140625 0.861328125 0.7138671875 0.8583984375 0.7294921875 0.8583984375 0.7314453125 0.861328125 0.7451171875 0.861328125 0.7470703125 0.8583984375 0.7822265625 0.8583984375 0.7841796875 0.85546875 0.8095703125 0.85546875 0.8115234375 0.8583984375 0.8193359375 0.8583984375 0.8212890625 0.861328125 0.8232421875 0.861328125 0.82421875 0.85986328125 0.8251953125 0.8583984375 0.8330078125 0.8583984375 0.8349609375 0.85546875 0.8447265625 0.85546875
