0 0.5046875 0.5171875 0.9640625 0.95
2 0.171875 0.0578125 0.0296875 0.0125
2 0.31015625 0.0640625 0.028125 0.0171875
2 0.5328125 0.05859375 0.0265625 0.0125
2 0.60390625 0.0609375 0.0265625 0.0109375
2 0.75390625 0.0578125 0.025 0.0125
2 0.9484375 0.078125 0.015625 0.015625
2 0.965625 0.28515625 0.021875 0.0203125
2 0.9640625 0.3703125 0.01875 0.01875
2 0.96796875 0.609375 0.0234375 0.015625
2 0.96875 0.6421875 0.0203125 0.0171875
2 0.97265625 0.85859375 0.025 0.0125
2 0.06484375 0.9671875 0.028125 0.0140625
