0 0.5125 0.5015625 0.946875 0.97578125
2 0.87421875 0.04921875 0.01640625 0.0296875
2 0.97890625 0.35703125 0.01328125 0.0296875
2 0.97578125 0.43046875 0.01171875 0.0296875
2 0.975 0.55546875 0.0109375 0.0265625
2 0.9734375 0.4875 0.01328125 0.02578125
2 0.97109375 0.7078125 0.0109375 0.02734375
2 0.84765625 0.97734375 0.0140625 0.01875
2 0.7140625 0.98046875 0.015625 0.01796875
2 0.7390625 0.97734375 0.01328125 0.0171875
2 0.765625 0.97734375 0.0140625 0.0203125
2 0.60234375 0.97578125 0.01640625 0.0203125
2 0.63359375 0.98046875 0.0140625 0.015625
2 0.65625 0.97890625 0.01640625 0.01484375
2 0.684375 0.97734375 0.01328125 0.01875
2 0.49453125 0.97734375 0.01796875 0.015625
2 0.52109375 0.97734375 0.01484375 0.01796875
2 0.5515625 0.97734375 0.015625 0.02109375
2 0.36484375 0.97734375 0.0125 0.01796875
2 0.228125 0.97578125 0.015625 0.0171875
2 0.2546875 0.9765625 0.0171875 0.0171875
2 0.28125 0.97734375 0.0203125 0.02265625
2 0.31015625 0.97890625 0.0125 0.015625
2 0.07265625 0.9640625 0.01484375 0.0171875
2 0.0984375 0.96328125 0.01640625 0.01796875
2 0.0484375 0.75859375 0.01328125 0.0234375
2 0.0484375 0.68203125 0.0125 0.0234375
2 0.05390625 0.60234375 0.01328125 0.02578125
2 0.05078125 0.31328125 0.01484375 0.02265625
2 0.046875 0.234375 0.01796875 0.02421875
2 0.04609375 0.171875 0.01328125 0.0234375
2 0.04921875 0.090625 0.01875 0.0234375
2 0.28203125 0.028125 0.015625 0.0203125
2 0.6328125 0.0359375 0.0140625 0.02109375
2 0.6734375 0.0453125 0.01484375 0.0203125
