1 0.9375 0.05703125 0.0703125 0.05
2 0.87890625 0.03828125 0.03125 0.01875
2 0.81015625 0.03984375 0.034375 0.01875
2 0.75078125 0.03984375 0.028125 0.0203125
2 0.68125 0.0390625 0.034375 0.0140625
2 0.62421875 0.03984375 0.025 0.015625
2 0.5703125 0.03984375 0.034375 0.0140625
2 0.51796875 0.0421875 0.034375 0.015625
2 0.31953125 0.04609375 0.03125 0.015625
2 0.2609375 0.04453125 0.0359375 0.0171875
2 0.19765625 0.04453125 0.028125 0.01875
2 0.13515625 0.0453125 0.0375 0.009375
2 0.0734375 0.0484375 0.0203125 0.0171875
2 0.03359375 0.06796875 0.021875 0.0125
2 0.03515625 0.1046875 0.021875 0.01875
2 0.03984375 0.2265625 0.025 0.0125
2 0.03125 0.2671875 0.021875 0.0203125
2 0.03125 0.30390625 0.021875 0.021875
2 0.03359375 0.3859375 0.021875 0.01875
2 0.0375 0.54296875 0.021875 0.0203125
2 0.03203125 0.46796875 0.0203125 0.01875
2 0.03828125 0.59296875 0.0203125 0.0140625
2 0.03515625 0.62421875 0.028125 0.0203125
2 0.0375 0.675 0.025 0.015625
2 0.0390625 0.70625 0.01875 0.015625
2 0.0421875 0.75703125 0.028125 0.015625
2 0.04375 0.8109375 0.021875 0.0234375
2 0.0453125 0.84296875 0.01875 0.0125
2 0.046875 0.890625 0.0203125 0.01875
2 0.96015625 0.1015625 0.021875 0.015625
2 0.9640625 0.1359375 0.0234375 0.0125
2 0.971875 0.23984375 0.025 0.015625
2 0.96328125 0.184375 0.025 0.021875
2 0.97109375 0.2828125 0.025 0.0171875
2 0.96875 0.3234375 0.021875 0.015625
2 0.96484375 0.365625 0.025 0.0234375
2 0.96796875 0.40703125 0.021875 0.0234375
2 0.97421875 0.534375 0.0265625 0.01875
2 0.96875 0.490625 0.015625 0.015625
2 0.96953125 0.45 0.021875 0.01875
2 0.97109375 0.58046875 0.0359375 0.015625
2 0.9703125 0.665625 0.0171875 0.01875
2 0.97265625 0.71015625 0.021875 0.021875
2 0.9734375 0.74921875 0.021875 0.0171875
2 0.9734375 0.79453125 0.0203125 0.01875
2 0.978125 0.83203125 0.025 0.015625
2 0.971875 0.88125 0.0234375 0.015625
2 0.97890625 0.9125 0.021875 0.0140625
0 0 0 0 0.9812589125000001 0.0025284453124999997 1 0.5641592921874999 1 0.8603034140625001 0.9832959875 0.9623893812500001 0.9716846609375 0.9725031609375 0.968221634375 0.982932996875 0.9600733343750001 0.9873577750000001 0.9500916687500001 0.9873577750000001 0.9394988796874999 0.9797724406249999 0.2161336328125 0.9639696593749999 0.075168059375 0.9541719343749999 0.058871460937499995 0.93994943125 0.0450193515625 0.9326801515625001 0.0411489109375 0.9260429828125 0.038908128125000004 0.9149810359374999 0.03727846875 0.8533501890625 0.03320431875 0.033501896875 0 0 0
