0 0.95703125 0.13892403125 0.951171875 0.0625921453125 0.9462890625 0.0549589578125 0.9384765625 0.04885240625 0.9287109375 0.04579913125 0.8896484375 0.03969258125 0.7529296875 0.0366393046875 0.5888671875 0.042745856250000006 0.0439453125 0.070225334375 0.0263671875 0.0915982625 0.021484375 0.09923145156249999 0.015625 0.13281748124999998 0.02734375 0.8045380734375 0.033203125 0.9419354671875 0.0390625 0.9663616703125 0.0439453125 0.9739948593750001 0.0478515625 0.9770481359375 0.0634765625 0.9862079609375 0.0712890625 0.9892612375000001 0.1064453125 0.9923145124999999 0.2216796875 0.9923145124999999 0.7021484375 0.9831546859375001 0.9521484375 0.9617817578125001 0.955078125 0.9572018453125001 0.95703125 0.9510952937500001 0.95703125 0.13892403125
2 0.94609375 0.09453125 0.015625 0.028125
2 0.93671875 0.31796875 0.01875 0.034375
2 0.94296875 0.54140625 0.0125 0.0234375
2 0.93984375 0.609375 0.01875 0.028125
2 0.9484375 0.6890625 0.0125 0.0265625
2 0.94921875 0.7625 0.015625 0.0265625
2 0.63359375 0.9703125 0.015625 0.025
2 0.5015625 0.9703125 0.015625 0.0203125
2 0.4765625 0.9703125 0.0125 0.01875
2 0.44453125 0.97109375 0.0125 0.01875
2 0.39609375 0.971875 0.0171875 0.01875
2 0.41953125 0.971875 0.015625 0.015625
2 0.3625 0.97578125 0.0125 0.01875
2 0.3140625 0.9734375 0.0125 0.0171875
2 0.25859375 0.975 0.0109375 0.021875
2 0.23125 0.97578125 0.009375 0.021875
2 0.1953125 0.9859375 0.0140625 0.0171875
2 0.17421875 0.9828125 0.0171875 0.01875
2 0.1453125 0.9796875 0.0140625 0.021875
2 0.09609375 0.9890625 0.0140625 0.015625
2 0.034375 0.9015625 0.0109375 0.025
2 0.03046875 0.8484375 0.0109375 0.021875
2 0.02734375 0.78046875 0.009375 0.021875
2 0.03046875 0.71953125 0.009375 0.0234375
2 0.0265625 0.44140625 0.0109375 0.0234375
2 0.07890625 0.08125 0.0203125 0.01875
2 0.190625 0.07734375 0.015625 0.01875
