2 0.84921875 0.128125 0.0125 0.0171875
2 0.82109375 0.12421875 0.0125 0.0140625
2 0.7796875 0.12421875 0.009375 0.01875
2 0.63359375 0.12890625 0.0125 0.0140625
2 0.6 0.12890625 0.0125 0.0140625
2 0.53046875 0.1265625 0.015625 0.0125
2 0.4546875 0.1265625 0.0109375 0.0109375
2 0.38671875 0.12734375 0.0125 0.015625
2 0.3171875 0.12890625 0.0125 0.0171875
2 0.278125 0.1265625 0.0125 0.0171875
2 0.2125 0.128125 0.0109375 0.01875
2 0.89921875 0.1796875 0.0109375 0.015625
2 0.8953125 0.23515625 0.0125 0.021875
2 0.89609375 0.278125 0.0109375 0.0171875
2 0.8984375 0.3328125 0.0125 0.025
2 0.89921875 0.38046875 0.0109375 0.01875
2 0.9 0.421875 0.009375 0.0171875
2 0.8984375 0.4640625 0.009375 0.0234375
2 0.896875 0.515625 0.0109375 0.015625
2 0.8953125 0.5609375 0.009375 0.0171875
2 0.8953125 0.625 0.0125 0.015625
2 0.9 0.66328125 0.009375 0.015625
2 0.89921875 0.71953125 0.009375 0.01875
2 0.89765625 0.76796875 0.0109375 0.0203125
2 0.89453125 0.81328125 0.0125 0.015625
2 0.7515625 0.83984375 0.0109375 0.0140625
2 0.4921875 0.85078125 0.0140625 0.015625
2 0.4515625 0.8515625 0.0109375 0.0125
2 0.42578125 0.853125 0.0125 0.015625
2 0.1484375 0.74921875 0.0078125 0.0203125
2 0.14296875 0.80390625 0.009375 0.0203125
2 0.14296875 0.65078125 0.00625 0.015625
2 0.13828125 0.55078125 0.0078125 0.0203125
2 0.1765625 0.1234375 0.009375 0.0140625
2 0.14140625 0.1234375 0.0109375 0.015625
0 0.2529296875 0.8525390625 0.25390625 0.85400390625 0.2548828125 0.85546875 0.2646484375 0.85546875 0.2666015625 0.8525390625 0.3076171875 0.8525390625 0.3095703125 0.849609375 0.3193359375 0.849609375 0.3212890625 0.8525390625 0.3349609375 0.8525390625 0.3369140625 0.85546875 0.3544921875 0.85546875 0.3564453125 0.8525390625 0.3583984375 0.85546875 0.3779296875 0.85546875 0.3798828125 0.8525390625 0.3857421875 0.8525390625 0.3876953125 0.85546875 0.4189453125 0.85546875 0.4228515625 0.849609375 0.4287109375 0.849609375 0.4306640625 0.8525390625 0.4345703125 0.8525390625 0.4365234375 0.85546875 0.4384765625 0.8525390625 0.4404296875 0.8525390625 0.4423828125 0.85546875 0.4443359375 0.8525390625 0.4462890625 0.8525390625 0.4482421875 0.849609375 0.4521484375 0.849609375 0.4541015625 0.8525390625 0.4560546875 0.8525390625 0.4580078125 0.85546875 0.4677734375 0.85546875 0.4697265625 0.8525390625 0.4873046875 0.8525390625 0.4912109375 0.8466796875 0.4931640625 0.8466796875 0.4951171875 0.849609375 0.4970703125 0.849609375 0.4990234375 0.8525390625 0.5107421875 0.8525390625 0.5126953125 0.849609375 0.5283203125 0.849609375 0.5302734375 0.8525390625 0.5400390625 0.8525390625 0.5419921875 0.85546875 0.5458984375 0.85546875 0.5478515625 0.8525390625 0.5712890625 0.8525390625 0.5732421875 0.849609375 0.5966796875 0.849609375 0.5986328125 0.8525390625 0.6005859375 0.8525390625 0.6025390625 0.85546875 0.6142578125 0.85546875 0.6162109375 0.8525390625 0.6181640625 0.8525390625 0.6201171875 0.849609375 0.6240234375 0.849609375 0.6259765625 0.8525390625 0.6337890625 0.8525390625 0.6357421875 0.85546875 0.6865234375 0.85546875 0.6884765625 0.8525390625 0.6904296875 0.8525390625 0.6923828125 0.849609375 0.6943359375 0.8525390625 0.7021484375 0.8525390625 0.7041015625 0.849609375 0.7119140625 0.849609375 0.7138671875 0.8466796875 0.7177734375 0.8466796875 0.7197265625 0.84375 0.7294921875 0.84375 0.7314453125 0.8408203125 0.7412109375 0.8408203125 0.7431640625 0.84375 0.7451171875 0.84375 0.7490234375 0.837890625 0.7548828125 0.837890625 0.7587890625 0.84375 0.8857421875 0.84375 0.8876953125 0.8466796875 0.8974609375 0.8466796875 0.900390625 0.84228515625 0.900390625 0.82177734375 0.8984375 0.81884765625 0.8984375 0.77490234375 0.896484375 0.77197265625 0.896484375 0.76318359375 0.90234375 0.75439453125 0.90234375 0.73974609375 0.900390625 0.73681640625 0.900390625 0.72802734375 0.8994140625 0.7265625 0.8974609375 0.7265625 0.89453125 0.72216796875 0.89453125 0.71630859375 0.8955078125 0.71484375 0.8974609375 0.71484375 0.900390625 0.71044921875 0.900390625 0.69873046875 0.90234375 0.69580078125 0.90234375 0.69287109375 0.900390625 0.68994140625 0.900390625 0.67529296875 0.896484375 0.66943359375 0.896484375 0.66357421875 0.900390625 0.65771484375 0.900390625 0.65185546875 0.90234375 0.64892578125 0.90234375 0.63427734375 0.8974609375 0.626953125 0.8955078125 0.6298828125 0.8916015625 0.6298828125 0.890625 0.62841796875 0.890625 0.62255859375 0.8916015625 0.62109375 0.8974609375 0.62109375 0.8984375 0.61962890625 0.8984375 0.61669921875 0.900390625 0.61376953125 0.900390625 0.60205078125 0.90234375 0.59912109375 0.90234375 0.56689453125 0.900390625 0.56396484375 0.900390625 0.55810546875 0.90234375 0.55517578125 0.90234375 0.55224609375 0.900390625 0.54931640625 0.900390625 0.54345703125 0.90234375 0.54052734375 0.900390625 0.53759765625 0.900390625 0.52587890625 0.8994140625 0.5244140625 0.8974609375 0.5244140625 0.892578125 0.51708984375 0.892578125 0.51416015625 0.8955078125 0.509765625 0.8974609375 0.509765625 0.8984375 0.50830078125 0.8984375 0.50244140625 0.900390625 0.49951171875 0.900390625 0.47607421875 0.89453125 0.46728515625 0.89453125 0.46142578125 0.8984375 0.45556640625 0.8984375 0.44970703125 0.900390625 0.44677734375 0.900390625 0.43212890625 0.8984375 0.42919921875 0.8984375 0.41748046875 0.900390625 0.41455078125 0.900390625 0.41162109375 0.90234375 0.40869140625 0.90234375 0.39111328125 0.8994140625 0.38671875 0.8955078125 0.38671875 0.89453125 0.38525390625 0.89453125 0.37939453125 0.8984375 0.37353515625 0.8984375 0.36767578125 0.900390625 0.36474609375 0.900390625 0.35009765625 0.8984375 0.34716796875 0.8984375 0.34130859375 0.896484375 0.33837890625 0.896484375 0.33544921875 0.89453125 0.33251953125 0.896484375 0.32958984375 0.896484375 0.32666015625 0.900390625 0.32080078125 0.900390625 0.29150390625 0.8974609375 0.287109375 0.8955078125 0.287109375 0.892578125 0.28271484375 0.892578125 0.27099609375 0.896484375 0.26513671875 0.896484375 0.24755859375 0.892578125 0.24169921875 0.892578125 0.23291015625 0.8955078125 0.228515625 0.8974609375 0.228515625 0.900390625 0.22412109375 0.900390625 0.21240234375 0.90234375 0.20947265625 0.90234375 0.19189453125 0.8984375 0.18603515625 0.8984375 0.18310546875 0.896484375 0.18017578125 0.896484375 0.17431640625 0.8984375 0.17138671875 0.8984375 0.16845703125 0.900390625 0.16552734375 0.8984375 0.16259765625 0.8984375 0.15966796875 0.900390625 0.15673828125 0.900390625 0.15380859375 0.8984375 0.15087890625 0.8984375 0.14501953125 0.8974609375 0.1435546875 0.8955078125 0.1435546875 0.8916015625 0.1376953125 0.8896484375 0.1376953125 0.8876953125 0.134765625 0.8818359375 0.134765625 0.8779296875 0.12890625 0.8701171875 0.12890625 0.8681640625 0.1259765625 0.8564453125 0.1259765625 0.8525390625 0.1318359375 0.8466796875 0.1318359375 0.8447265625 0.12890625 0.8427734375 0.12890625 0.8408203125 0.1259765625 0.8388671875 0.1259765625 0.8369140625 0.123046875 0.8271484375 0.123046875 0.8232421875 0.12890625 0.8173828125 0.12890625 0.8154296875 0.1259765625 0.7978515625 0.1259765625 0.7958984375 0.12890625 0.7783203125 0.12890625 0.7763671875 0.1259765625 0.7744140625 0.1259765625 0.7724609375 0.123046875 0.7705078125 0.123046875 0.7685546875 0.1201171875 0.7412109375 0.1201171875 0.7392578125 0.123046875 0.7333984375 0.123046875 0.7314453125 0.1201171875 0.7255859375 0.1201171875 0.7236328125 0.1171875 0.7080078125 0.1171875 0.7060546875 0.1201171875 0.6962890625 0.1201171875 0.6943359375 0.123046875 0.6865234375 0.123046875 0.6845703125 0.1259765625 0.6689453125 0.1259765625 0.6669921875 0.12890625 0.6591796875 0.12890625 0.6572265625 0.1259765625 0.6552734375 0.12890625 0.6396484375 0.12890625 0.6376953125 0.1318359375 0.6318359375 0.1318359375 0.6298828125 0.12890625 0.6279296875 0.12890625 0.6259765625 0.1259765625 0.6123046875 0.1259765625 0.6103515625 0.12890625 0.6044921875 0.12890625 0.6025390625 0.1318359375 0.5966796875 0.1318359375 0.5947265625 0.12890625 0.5712890625 0.12890625 0.5693359375 0.1259765625 0.5673828125 0.1259765625 0.5654296875 0.12890625 0.5615234375 0.12890625 0.5595703125 0.1259765625 0.5361328125 0.1259765625 0.5341796875 0.12890625 0.5263671875 0.12890625 0.5244140625 0.1259765625 0.5185546875 0.1259765625 0.5166015625 0.123046875 0.5068359375 0.123046875 0.5048828125 0.1259765625 0.4970703125 0.1259765625 0.4951171875 0.12890625 0.4931640625 0.12890625 0.4912109375 0.1318359375 0.4892578125 0.1318359375 0.4873046875 0.12890625 0.4833984375 0.12890625 0.4814453125 0.1259765625 0.4619140625 0.1259765625 0.4599609375 0.12890625 0.4580078125 0.12890625 0.4560546875 0.1318359375 0.4541015625 0.1318359375 0.4521484375 0.12890625 0.4501953125 0.12890625 0.4482421875 0.1259765625 0.4423828125 0.1259765625 0.4404296875 0.123046875 0.4306640625 0.123046875 0.4287109375 0.1201171875 0.4130859375 0.1201171875 0.4111328125 0.123046875 0.3974609375 0.123046875 0.3955078125 0.1259765625 0.3935546875 0.1259765625 0.3896484375 0.1318359375 0.3837890625 0.1318359375 0.3818359375 0.12890625 0.3798828125 0.12890625 0.3779296875 0.1259765625 0.3544921875 0.1259765625 0.3525390625 0.12890625 0.3427734375 0.12890625 0.3408203125 0.1259765625 0.3251953125 0.1259765625 0.3193359375 0.134765625 0.3134765625 0.134765625 0.3125 0.13330078125 0.3125 0.13037109375 0.3095703125 0.1259765625 0.3076171875 0.1259765625 0.3056640625 0.123046875 0.2861328125 0.123046875 0.283203125 0.12744140625 0.283203125 0.13037109375 0.2822265625 0.1318359375 0.2744140625 0.1318359375 0.2705078125 0.1259765625 0.2509765625 0.1259765625 0.2490234375 0.12890625 0.2177734375 0.12890625 0.2158203125 0.1318359375 0.2099609375 0.1318359375 0.2080078125 0.12890625 0.2060546875 0.12890625 0.2021484375 0.123046875 0.1845703125 0.123046875 0.1826171875 0.1259765625 0.1728515625 0.1259765625 0.1689453125 0.1201171875 0.1611328125 0.1201171875 0.1591796875 0.1171875 0.1494140625 0.1171875 0.146484375 0.12158203125 0.146484375 0.12451171875 0.13671875 0.13916015625 0.13671875 0.15673828125 0.138671875 0.15966796875 0.138671875 0.16259765625 0.13671875 0.16552734375 0.13671875 0.18603515625 0.134765625 0.18896484375 0.134765625 0.19189453125 0.13671875 0.19482421875 0.13671875 0.22412109375 0.138671875 0.22705078125 0.138671875 0.25048828125 0.13671875 0.25341796875 0.13671875 0.26513671875 0.134765625 0.26806640625 0.134765625 0.29443359375 0.13671875 0.29736328125 0.13671875 0.32080078125 0.134765625 0.32373046875 0.134765625 0.34716796875 0.13671875 0.35009765625 0.13671875 0.41455078125 0.138671875 0.41748046875 0.138671875 0.43798828125 0.13671875 0.44091796875 0.13671875 0.48193359375 0.134765625 0.48486328125 0.134765625 0.50244140625 0.13671875 0.50537109375 0.13671875 0.52880859375 0.138671875 0.53173828125 0.138671875 0.54052734375 0.140625 0.54345703125 0.140625 0.54638671875 0.142578125 0.54931640625 0.142578125 0.55224609375 0.140625 0.55517578125 0.140625 0.55810546875 0.138671875 0.56103515625 0.138671875 0.59619140625 0.140625 0.59912109375 0.140625 0.62548828125 0.142578125 0.62841796875 0.142578125 0.64306640625 0.14453125 0.64599609375 0.14453125 0.65478515625 0.142578125 0.65771484375 0.142578125 0.66357421875 0.140625 0.66650390625 0.140625 0.67236328125 0.142578125 0.67529296875 0.142578125 0.70751953125 0.14453125 0.71044921875 0.14453125 0.71923828125 0.146484375 0.72216796875 0.146484375 0.72802734375 0.1484375 0.73095703125 0.1484375 0.73388671875 0.150390625 0.73681640625 0.150390625 0.74267578125 0.15234375 0.74560546875 0.15234375 0.75146484375 0.1484375 0.75732421875 0.1484375 0.76318359375 0.146484375 0.76611328125 0.146484375 0.77197265625 0.14453125 0.77490234375 0.14453125 0.78662109375 0.146484375 0.78955078125 0.146484375 0.79833984375 0.1484375 0.80126953125 0.1484375 0.80419921875 0.146484375 0.80712890625 0.146484375 0.81005859375 0.14453125 0.81298828125 0.14453125 0.81591796875 0.142578125 0.81884765625 0.142578125 0.83642578125 0.14453125 0.83935546875 0.14453125 0.84228515625 0.1455078125 0.84375 0.1474609375 0.84375 0.1494140625 0.8466796875 0.1533203125 0.8466796875 0.1552734375 0.849609375 0.1650390625 0.849609375 0.1669921875 0.8525390625 0.1865234375 0.8525390625 0.1884765625 0.849609375 0.2138671875 0.849609375 0.2158203125 0.8525390625 0.2529296875 0.8525390625
