0 0.50390625 0.48828125 0.971875 0.946875
2 0.03203125 0.7953125 0.025 0.0140625
2 0.03203125 0.71640625 0.021875 0.01875
2 0.040625 0.36953125 0.01875 0.015625
2 0.046875 0.32734375 0.01875 0.0125
2 0.05625 0.20390625 0.01875 0.0125
2 0.05078125 0.175 0.01875 0.0125
2 0.04921875 0.12734375 0.021875 0.0140625
2 0.05625 0.0921875 0.021875 0.009375
2 0.359375 0.021875 0.028125 0.0125
2 0.43046875 0.025 0.0234375 0.0140625
2 0.48984375 0.025 0.025 0.0078125
2 0.70859375 0.02890625 0.0265625 0.009375
2 0.76484375 0.028125 0.021875 0.0125
2 0.98203125 0.15390625 0.01875 0.015625
2 0.98046875 0.2328125 0.015625 0.0125
2 0.97890625 0.39765625 0.0171875 0.0140625
2 0.98046875 0.5046875 0.0171875 0.0140625
2 0.98046875 0.47734375 0.01875 0.015625
2 0.97890625 0.4484375 0.015625 0.0125
2 0.6828125 0.95078125 0.0203125 0.0125
2 0.60703125 0.9484375 0.021875 0.0109375
2 0.31640625 0.9484375 0.0265625 0.0125
2 0.2390625 0.953125 0.0234375 0.0140625
2 0.17578125 0.95390625 0.025 0.0140625
2 0.09375 0.95 0.021875 0.009375
