2 0.8828125 0.9640625 0.028125 0.0109375
2 0.81015625 0.96015625 0.025 0.015625
2 0.75546875 0.96015625 0.025 0.0140625
2 0.68828125 0.96484375 0.021875 0.01875
2 0.62734375 0.96171875 0.028125 0.0171875
2 0.57421875 0.9640625 0.028125 0.0171875
2 0.52109375 0.96015625 0.028125 0.01875
2 0.45078125 0.95859375 0.028125 0.021875
2 0.3984375 0.95625 0.03125 0.01875
2 0.31640625 0.95546875 0.028125 0.01875
2 0.26640625 0.96015625 0.025 0.0171875
2 0.196875 0.95859375 0.028125 0.0125
2 0.0796875 0.95390625 0.01875 0.015625
2 0.03828125 0.93359375 0.021875 0.0171875
2 0.04375 0.77890625 0.0296875 0.015625
2 0.034375 0.73671875 0.021875 0.015625
2 0.040625 0.46015625 0.0171875 0.0125
2 0.9734375 0.084375 0.0171875 0.01875
2 0.97109375 0.12578125 0.0203125 0.0109375
2 0.96484375 0.2078125 0.0171875 0.01875
2 0.965625 0.2546875 0.015625 0.0125
2 0.9671875 0.29375 0.0140625 0.015625
2 0.96640625 0.3390625 0.01875 0.0140625
2 0.96328125 0.421875 0.01875 0.0125
2 0.9625 0.4671875 0.0203125 0.015625
2 0.95859375 0.63984375 0.0140625 0.015625
2 0.95859375 0.81953125 0.0125 0.015625
0 0.033332140625 0.7138671875 0.0318169859375 0.71484375 0.030301832812500002 0.7158203125 0.030301832812500002 0.7275390625 0.03484729375 0.73046875 0.0378776 0.73046875 0.039392753125 0.7314453125 0.039392753125 0.7333984375 0.042423059375 0.7353515625 0.042423059375 0.7412109375 0.036362446874999996 0.7451171875 0.036362446874999996 0.7529296875 0.039392753125 0.7548828125 0.039392753125 0.7666015625 0.042423059375 0.7685546875 0.042423059375 0.7705078125 0.043938214062499995 0.771484375 0.0469685203125 0.771484375 0.0515139796875 0.7744140625 0.0515139796875 0.7841796875 0.0484836734375 0.7861328125 0.0484836734375 0.8017578125 0.045453367187499996 0.8037109375 0.045453367187499996 0.8173828125 0.042423059375 0.8193359375 0.042423059375 0.8251953125 0.039392753125 0.8271484375 0.039392753125 0.8310546875 0.036362446874999996 0.8330078125 0.036362446874999996 0.8466796875 0.039392753125 0.8486328125 0.039392753125 0.8564453125 0.033332140625 0.8603515625 0.033332140625 0.8759765625 0.036362446874999996 0.8779296875 0.036362446874999996 0.8876953125 0.039392753125 0.8896484375 0.039392753125 0.8955078125 0.042423059375 0.8974609375 0.042423059375 0.9052734375 0.039392753125 0.9072265625 0.039392753125 0.9189453125 0.036362446874999996 0.9208984375 0.036362446874999996 0.9267578125 0.039392753125 0.9287109375 0.039392753125 0.9306640625 0.042423059375 0.9326171875 0.042423059375 0.9384765625 0.04090790625 0.939453125 0.0378776 0.939453125 0.030301832812500002 0.9443359375 0.030301832812500002 0.9521484375 0.03484729375 0.955078125 0.043938214062499995 0.955078125 0.0469685203125 0.95703125 0.0499988265625 0.95703125 0.053029134374999995 0.955078125 0.0681806671875 0.955078125 0.069695821875 0.9541015625 0.069695821875 0.9521484375 0.07424128125 0.94921875 0.08030189531250001 0.94921875 0.089392815625 0.955078125 0.09848373593750001 0.955078125 0.1015140421875 0.95703125 0.12575649687499998 0.95703125 0.128786803125 0.955078125 0.1439383375 0.955078125 0.14696864375000002 0.95703125 0.1530292578125 0.95703125 0.1560595640625 0.958984375 0.165150484375 0.958984375 0.168180790625 0.9609375 0.1742414046875 0.9609375 0.1772717109375 0.962890625 0.18030201875000001 0.962890625 0.18333232500000002 0.9609375 0.18636263125000002 0.9609375 0.1909080921875 0.9580078125 0.1909080921875 0.9560546875 0.1924232453125 0.955078125 0.201514165625 0.955078125 0.20302931875 0.9560546875 0.20302931875 0.9580078125 0.2106050859375 0.962890625 0.2499990734375 0.962890625 0.2621203015625 0.955078125 0.271211221875 0.955078125 0.27727183437499997 0.958984375 0.2833324484375 0.958984375 0.2863627546875 0.9609375 0.28939306249999996 0.958984375 0.29545367499999997 0.958984375 0.2984839828125 0.95703125 0.3015142890625 0.95703125 0.307574903125 0.953125 0.31060520937499997 0.953125 0.313635515625 0.951171875 0.3196961296875 0.951171875 0.3227264359375 0.953125 0.32575674375 0.953125 0.327271896875 0.9541015625 0.327271896875 0.9560546875 0.32878704999999997 0.95703125 0.3348476640625 0.95703125 0.3409082765625 0.9609375 0.349999196875 0.9609375 0.3530295046875 0.962890625 0.3560598109375 0.962890625 0.3590901171875 0.9609375 0.36515073125 0.9609375 0.3681810375 0.958984375 0.377271959375 0.958984375 0.380302265625 0.95703125 0.38333257187499997 0.95703125 0.3924234921875 0.951171875 0.39848410625 0.951171875 0.4015144125 0.953125 0.40454471875 0.953125 0.4106053328125 0.95703125 0.4409084 0.95703125 0.4439387078125 0.955078125 0.459090240625 0.955078125 0.46212054843750006 0.958984375 0.4681811609375 0.958984375 0.47121146875 0.9609375 0.47727208125000004 0.9609375 0.4803023890625 0.962890625 0.48939330937500003 0.962890625 0.49242361562500003 0.9609375 0.495453921875 0.9609375 0.49848422968749995 0.962890625 0.5015145359375001 0.9609375 0.50757515 0.9609375 0.5136357625 0.95703125 0.5166660703125 0.95703125 0.5196963765625 0.955078125 0.522726684375 0.95703125 0.5257569906249999 0.95703125 0.5348479109375 0.962890625 0.5409085234375001 0.962890625 0.54393883125 0.96484375 0.5590903640625 0.96484375 0.5651509781249999 0.9609375 0.5803025125 0.9609375 0.5863631265625 0.96484375 0.5924237390625 0.96484375 0.595454046875 0.966796875 0.601514659375 0.966796875 0.6045449656249999 0.96484375 0.6136358859375 0.96484375 0.6181813468749999 0.9619140625 0.6181813468749999 0.9599609375 0.62272680625 0.95703125 0.6287874203125 0.95703125 0.637878340625 0.962890625 0.640908646875 0.962890625 0.6439389546875 0.96484375 0.6712117156249999 0.96484375 0.6803026359375 0.958984375 0.6924238625 0.958984375 0.6984844765625 0.962890625 0.7015147828125 0.962890625 0.7045450890625 0.96484375 0.740908771875 0.96484375 0.74545423125 0.9619140625 0.74545423125 0.9580078125 0.7499996906249999 0.955078125 0.76212091875 0.955078125 0.76818153125 0.958984375 0.7742421453125 0.958984375 0.7772724515625 0.9609375 0.7924239859375 0.9609375 0.7984846 0.95703125 0.8015149062500001 0.95703125 0.8045452140625 0.955078125 0.8106058265625 0.955078125 0.813636134375 0.95703125 0.8166664406249999 0.95703125 0.81818159375 0.9580078125 0.81818159375 0.9599609375 0.8196967468749999 0.9609375 0.8257573609375 0.9609375 0.8287876671875001 0.962890625 0.8378785875 0.962890625 0.84090889375 0.96484375 0.86818165625 0.96484375 0.87424226875 0.9609375 0.886363496875 0.9609375 0.889393803125 0.962890625 0.892424109375 0.962890625 0.8954544156249999 0.96484375 0.91363625625 0.96484375 0.9166665640625 0.962890625 0.9227271765625 0.962890625 0.9272726375 0.9599609375 0.9272726375 0.9580078125 0.9393938640625 0.9501953125 0.9393938640625 0.9462890625 0.942424171875 0.9443359375 0.942424171875 0.9423828125 0.948484784375 0.9384765625 0.948484784375 0.9287109375 0.9515150921875 0.9267578125 0.9515150921875 0.9169921875 0.948484784375 0.9150390625 0.948484784375 0.9111328125 0.945454478125 0.9091796875 0.945454478125 0.8994140625 0.948484784375 0.8974609375 0.948484784375 0.8955078125 0.9515150921875 0.8935546875 0.9515150921875 0.8818359375 0.9545453984375 0.8798828125 0.9515150921875 0.8779296875 0.9515150921875 0.8720703125 0.948484784375 0.8701171875 0.948484784375 0.8662109375 0.9515150921875 0.8642578125 0.9515150921875 0.8623046875 0.9545453984375 0.8603515625 0.9545453984375 0.8251953125 0.9515150921875 0.8232421875 0.9515150921875 0.8193359375 0.9545453984375 0.8173828125 0.9545453984375 0.8154296875 0.9606060125000001 0.8115234375 0.9606060125000001 0.8095703125 0.9636363187500001 0.8076171875 0.9636363187500001 0.8017578125 0.9606060125000001 0.7998046875 0.9606060125000001 0.7705078125 0.9575757046875 0.7685546875 0.9575757046875 0.7607421875 0.966666625 0.7548828125 0.966666625 0.7392578125 0.9696969328125 0.7373046875 0.9696969328125 0.7353515625 0.966666625 0.7333984375 0.966666625 0.7314453125 0.9636363187500001 0.7294921875 0.9636363187500001 0.7275390625 0.9606060125000001 0.7255859375 0.9606060125000001 0.6884765625 0.9575757046875 0.6865234375 0.9575757046875 0.6845703125 0.9545453984375 0.6826171875 0.9545453984375 0.6748046875 0.9575757046875 0.6728515625 0.9575757046875 0.6494140625 0.9515150921875 0.6455078125 0.9515150921875 0.6357421875 0.9606060125000001 0.6298828125 0.9606060125000001 0.6103515625 0.9545453984375 0.6083984375 0.9545453984375 0.6025390625 0.9515150921875 0.6005859375 0.9515150921875 0.5966796875 0.9545453984375 0.5947265625 0.9545453984375 0.5888671875 0.9606060125000001 0.5849609375 0.9606060125000001 0.5810546875 0.9636363187500001 0.5791015625 0.9636363187500001 0.5595703125 0.9606060125000001 0.5576171875 0.9606060125000001 0.5556640625 0.9575757046875 0.5537109375 0.9575757046875 0.5517578125 0.9606060125000001 0.5498046875 0.9606060125000001 0.5458984375 0.9636363187500001 0.5439453125 0.9636363187500001 0.5400390625 0.9606060125000001 0.5380859375 0.9606060125000001 0.5205078125 0.9575757046875 0.5185546875 0.9575757046875 0.5146484375 0.9545453984375 0.5126953125 0.9545453984375 0.5107421875 0.9636363187500001 0.5048828125 0.9636363187500001 0.5009765625 0.966666625 0.4990234375 0.966666625 0.4775390625 0.9636363187500001 0.4755859375 0.9636363187500001 0.4736328125 0.962121165625 0.47265625 0.9590908593749999 0.47265625 0.9575757046875 0.4716796875 0.9575757046875 0.4677734375 0.9545453984375 0.4658203125 0.9575757046875 0.4638671875 0.9575757046875 0.4619140625 0.9636363187500001 0.4580078125 0.9636363187500001 0.4560546875 0.966666625 0.4541015625 0.966666625 0.4306640625 0.9575757046875 0.4248046875 0.9575757046875 0.4169921875 0.9636363187500001 0.4130859375 0.9636363187500001 0.4111328125 0.966666625 0.4091796875 0.966666625 0.3720703125 0.9696969328125 0.3701171875 0.9696969328125 0.3681640625 0.966666625 0.3662109375 0.966666625 0.3486328125 0.9636363187500001 0.3466796875 0.9636363187500001 0.3447265625 0.9575757046875 0.3408203125 0.9575757046875 0.3369140625 0.9606060125000001 0.3349609375 0.9606060125000001 0.3330078125 0.966666625 0.3291015625 0.966666625 0.3017578125 0.9636363187500001 0.2998046875 0.9636363187500001 0.2958984375 0.9606060125000001 0.2939453125 0.9606060125000001 0.2919921875 0.9636363187500001 0.2900390625 0.9636363187500001 0.2880859375 0.966666625 0.2861328125 0.966666625 0.2841796875 0.9696969328125 0.2822265625 0.9696969328125 0.2646484375 0.965151471875 0.26171875 0.962121165625 0.26171875 0.9545453984375 0.2568359375 0.9545453984375 0.2509765625 0.962121165625 0.24609375 0.965151471875 0.24609375 0.966666625 0.2451171875 0.966666625 0.2392578125 0.9696969328125 0.2373046875 0.9696969328125 0.2236328125 0.966666625 0.2216796875 0.966666625 0.2138671875 0.965151471875 0.212890625 0.962121165625 0.212890625 0.9575757046875 0.2099609375 0.9575757046875 0.2041015625 0.9636363187500001 0.2001953125 0.9636363187500001 0.1982421875 0.966666625 0.1962890625 0.966666625 0.1728515625 0.9636363187500001 0.1708984375 0.9636363187500001 0.1669921875 0.966666625 0.1650390625 0.966666625 0.1494140625 0.9696969328125 0.1474609375 0.9696969328125 0.1337890625 0.9636363187500001 0.1298828125 0.9636363187500001 0.1279296875 0.9606060125000001 0.1259765625 0.9606060125000001 0.1240234375 0.9636363187500001 0.1220703125 0.9636363187500001 0.1201171875 0.9681817781250001 0.1171875 0.9742423921875 0.1171875 0.9757575453125 0.1162109375 0.9757575453125 0.0947265625 0.966666625 0.0888671875 0.966666625 0.0810546875 0.9712120859375 0.078125 0.9742423921875 0.078125 0.9757575453125 0.0771484375 0.9757575453125 0.0478515625 0.9575757046875 0.0361328125 0.9575757046875 0.0341796875 0.9560605515624999 0.033203125 0.9530302453124999 0.033203125 0.9499999390625 0.03125 0.8621210421875001 0.03125 0.859090734375 0.029296875 0.856060428125 0.029296875 0.8530301218749999 0.03125 0.8499998140624999 0.03125 0.8469695078124999 0.029296875 0.8439392015625 0.029296875 0.84090889375 0.03125 0.8318179734375001 0.03125 0.8287876671875001 0.033203125 0.8257573609375 0.033203125 0.8227270531249999 0.03515625 0.8196967468749999 0.03515625 0.8166664406249999 0.033203125 0.8015149062500001 0.033203125 0.7984846 0.03125 0.7893936796875 0.03125 0.786363371875 0.029296875 0.7590906109375 0.029296875 0.7560603046875001 0.03125 0.743939078125 0.03125 0.740908771875 0.029296875 0.7045450890625 0.029296875 0.7015147828125 0.02734375 0.6984844765625 0.02734375 0.69545416875 0.029296875 0.6924238625 0.029296875 0.68939355625 0.02734375 0.6651511015625 0.02734375 0.6621207953125 0.029296875 0.637878340625 0.029296875 0.634848034375 0.03125 0.5863631265625 0.03125 0.58333281875 0.029296875 0.54393883125 0.029296875 0.5409085234375001 0.03125 0.50757515 0.03125 0.5045448421875001 0.029296875 0.456059934375 0.029296875 0.45302962812500003 0.03125 0.4409084 0.03125 0.43787809375000003 0.033203125 0.40757502656250005 0.033203125 0.40454471875 0.03125 0.377271959375 0.03125 0.3742416515625 0.033203125 0.3590901171875 0.033203125 0.3560598109375 0.03125 0.3409082765625 0.03125 0.3378779703125 0.033203125 0.32575674375 0.033203125 0.3227264359375 0.03515625 0.313635515625 0.03515625 0.31060520937499997 0.037109375 0.3045445953125 0.037109375 0.3015142890625 0.0390625 0.2984839828125 0.037109375 0.29545367499999997 0.037109375 0.29242336875 0.03515625 0.2287869265625 0.03515625 0.22575662031250002 0.037109375 0.20454447187499997 0.037109375 0.201514165625 0.0390625 0.1954535515625 0.0390625 0.18636263125000002 0.044921875 0.168180790625 0.044921875 0.165150484375 0.04296875 0.128786803125 0.04296875 0.12272618906249999 0.0390625 0.1045443484375 0.0390625 0.1015140421875 0.037109375 0.08030189531250001 0.037109375 0.0772715875 0.03515625 0.0681806671875 0.03515625 0.0651503609375 0.037109375 0.059089746875 0.037109375 0.05757459375 0.0380859375 0.05757459375 0.0439453125 0.0545442875 0.0458984375 0.0545442875 0.0654296875 0.0515139796875 0.0673828125 0.0515139796875 0.1181640625 0.0484836734375 0.1201171875 0.0484836734375 0.1376953125 0.045453367187499996 0.1396484375 0.045453367187499996 0.1650390625 0.042423059375 0.1669921875 0.042423059375 0.1865234375 0.045453367187499996 0.1884765625 0.045453367187499996 0.2001953125 0.042423059375 0.2021484375 0.042423059375 0.2373046875 0.045453367187499996 0.2392578125 0.045453367187499996 0.2490234375 0.042423059375 0.2509765625 0.042423059375 0.3232421875 0.045453367187499996 0.3251953125 0.045453367187499996 0.3291015625 0.042423059375 0.3310546875 0.042423059375 0.3388671875 0.039392753125 0.3408203125 0.039392753125 0.3701171875 0.045453367187499996 0.3740234375 0.045453367187499996 0.3759765625 0.0484836734375 0.3779296875 0.0484836734375 0.3798828125 0.045453367187499996 0.3818359375 0.045453367187499996 0.3837890625 0.042423059375 0.3857421875 0.042423059375 0.3896484375 0.045453367187499996 0.3916015625 0.045453367187499996 0.3935546875 0.042423059375 0.3955078125 0.042423059375 0.4013671875 0.045453367187499996 0.4033203125 0.045453367187499996 0.4111328125 0.042423059375 0.4130859375 0.042423059375 0.4150390625 0.039392753125 0.4169921875 0.039392753125 0.4365234375 0.042423059375 0.4384765625 0.042423059375 0.4404296875 0.039392753125 0.4423828125 0.039392753125 0.4501953125 0.042423059375 0.4521484375 0.042423059375 0.4560546875 0.045453367187499996 0.4580078125 0.045453367187499996 0.4599609375 0.042423059375 0.4619140625 0.042423059375 0.4638671875 0.036362446874999996 0.4677734375 0.036362446874999996 0.4716796875 0.033332140625 0.4736328125 0.033332140625 0.4951171875 0.036362446874999996 0.4970703125 0.036362446874999996 0.4990234375 0.042423059375 0.5029296875 0.042423059375 0.5048828125 0.039392753125 0.5068359375 0.039392753125 0.5087890625 0.036362446874999996 0.5107421875 0.036362446874999996 0.5126953125 0.033332140625 0.5146484375 0.036362446874999996 0.5166015625 0.036362446874999996 0.5302734375 0.039392753125 0.5322265625 0.039392753125 0.5986328125 0.036362446874999996 0.6005859375 0.036362446874999996 0.6083984375 0.033332140625 0.6103515625 0.039392753125 0.6142578125 0.039392753125 0.6220703125 0.036362446874999996 0.6240234375 0.036362446874999996 0.6279296875 0.033332140625 0.6298828125 0.033332140625 0.6982421875 0.036362446874999996 0.7001953125 0.036362446874999996 0.7060546875 0.033332140625 0.7080078125 0.033332140625 0.7138671875
