0 0.1474609375 0.2197265625 0.14599609375 0.220703125 0.14453125 0.2216796875 0.14453125 0.2451171875 0.1474609375 0.2470703125 0.1474609375 0.3076171875 0.150390625 0.3095703125 0.150390625 0.3115234375 0.1533203125 0.3134765625 0.1533203125 0.3193359375 0.150390625 0.3212890625 0.150390625 0.3232421875 0.1474609375 0.3251953125 0.1474609375 0.3271484375 0.14453125 0.3291015625 0.14453125 0.3564453125 0.1474609375 0.3583984375 0.1474609375 0.3759765625 0.1533203125 0.3798828125 0.1533203125 0.3837890625 0.150390625 0.3857421875 0.150390625 0.4365234375 0.1474609375 0.4384765625 0.1474609375 0.4560546875 0.150390625 0.4580078125 0.150390625 0.4951171875 0.1533203125 0.4970703125 0.1533203125 0.4990234375 0.15625 0.5009765625 0.15625 0.5068359375 0.1533203125 0.5087890625 0.1533203125 0.5224609375 0.150390625 0.5244140625 0.150390625 0.5302734375 0.1474609375 0.5322265625 0.1474609375 0.5517578125 0.150390625 0.5537109375 0.150390625 0.5576171875 0.1533203125 0.5595703125 0.1533203125 0.5673828125 0.150390625 0.5693359375 0.150390625 0.6201171875 0.15625 0.6240234375 0.15625 0.6396484375 0.1533203125 0.6416015625 0.1533203125 0.6748046875 0.15625 0.6767578125 0.15625 0.6826171875 0.1591796875 0.6845703125 0.1591796875 0.6865234375 0.162109375 0.6884765625 0.162109375 0.6923828125 0.1591796875 0.6943359375 0.1591796875 0.6982421875 0.15625 0.7001953125 0.15625 0.7275390625 0.1591796875 0.7294921875 0.1591796875 0.7490234375 0.162109375 0.7509765625 0.162109375 0.7568359375 0.1591796875 0.7587890625 0.1591796875 0.7958984375 0.162109375 0.7978515625 0.162109375 0.8076171875 0.1591796875 0.8095703125 0.1591796875 0.8271484375 0.162109375 0.8291015625 0.162109375 0.8447265625 0.1650390625 0.8466796875 0.1650390625 0.8896484375 0.16943359375 0.892578125 0.28955078125 0.892578125 0.29248046875 0.89453125 0.29833984375 0.89453125 0.30126953125 0.892578125 0.30419921875 0.89453125 0.35986328125 0.89453125 0.36279296875 0.896484375 0.59130859375 0.896484375 0.59423828125 0.8984375 0.60595703125 0.8984375 0.60888671875 0.900390625 0.62353515625 0.900390625 0.62646484375 0.8984375 0.62939453125 0.8984375 0.63232421875 0.900390625 0.63525390625 0.900390625 0.63818359375 0.8984375 0.64697265625 0.8984375 0.64990234375 0.896484375 0.66455078125 0.896484375 0.66748046875 0.8984375 0.68798828125 0.8984375 0.69091796875 0.900390625 0.72607421875 0.900390625 0.72900390625 0.8984375 0.82275390625 0.8984375 0.82568359375 0.896484375 0.83154296875 0.896484375 0.83447265625 0.8984375 0.83740234375 0.896484375 0.84033203125 0.896484375 0.84326171875 0.8984375 0.86376953125 0.8984375 0.86669921875 0.900390625 0.89306640625 0.900390625 0.89599609375 0.8984375 0.95166015625 0.8984375 0.953125 0.8974609375 0.953125 0.8955078125 0.9560546875 0.8935546875 0.9560546875 0.8916015625 0.95751953125 0.890625 0.96044921875 0.890625 0.9619140625 0.8896484375 0.9619140625 0.8427734375 0.958984375 0.8408203125 0.958984375 0.7900390625 0.9560546875 0.7880859375 0.9560546875 0.7158203125 0.953125 0.7138671875 0.953125 0.6025390625 0.9501953125 0.6005859375 0.9501953125 0.5986328125 0.953125 0.5966796875 0.953125 0.5947265625 0.9501953125 0.5927734375 0.9501953125 0.5224609375 0.947265625 0.5205078125 0.947265625 0.4619140625 0.9443359375 0.4599609375 0.9443359375 0.3994140625 0.94140625 0.3974609375 0.94140625 0.3369140625 0.9384765625 0.3349609375 0.9384765625 0.2880859375 0.935546875 0.2861328125 0.935546875 0.2509765625 0.9326171875 0.2490234375 0.9326171875 0.2138671875 0.9296875 0.2119140625 0.9296875 0.1357421875 0.9267578125 0.1337890625 0.9267578125 0.1298828125 0.923828125 0.1279296875 0.923828125 0.1259765625 0.92236328125 0.125 0.90478515625 0.125 0.90185546875 0.123046875 0.89599609375 0.123046875 0.89306640625 0.12109375 0.84033203125 0.12109375 0.83740234375 0.119140625 0.82861328125 0.119140625 0.82568359375 0.12109375 0.81689453125 0.12109375 0.81396484375 0.119140625 0.79931640625 0.119140625 0.79638671875 0.12109375 0.79345703125 0.12109375 0.79052734375 0.123046875 0.78466796875 0.123046875 0.78173828125 0.12109375 0.75537109375 0.12109375 0.75244140625 0.123046875 0.69384765625 0.123046875 0.69091796875 0.125 0.63525390625 0.125 0.63232421875 0.126953125 0.62939453125 0.126953125 0.62646484375 0.12890625 0.61767578125 0.12890625 0.61474609375 0.126953125 0.61181640625 0.126953125 0.60888671875 0.125 0.53271484375 0.125 0.52978515625 0.126953125 0.51806640625 0.126953125 0.51513671875 0.125 0.46533203125 0.125 0.46240234375 0.126953125 0.45947265625 0.126953125 0.45654296875 0.12890625 0.45068359375 0.12890625 0.44775390625 0.126953125 0.37451171875 0.126953125 0.37158203125 0.12890625 0.36279296875 0.12890625 0.35693359375 0.1328125 0.35400390625 0.1328125 0.35107421875 0.134765625 0.34814453125 0.134765625 0.34228515625 0.130859375 0.30712890625 0.130859375 0.30419921875 0.1328125 0.26611328125 0.1328125 0.26318359375 0.134765625 0.25439453125 0.134765625 0.25146484375 0.13671875 0.24853515625 0.134765625 0.22802734375 0.134765625 0.22509765625 0.1328125 0.22216796875 0.1328125 0.21923828125 0.134765625 0.19873046875 0.134765625 0.19580078125 0.13671875 0.19287109375 0.134765625 0.18701171875 0.134765625 0.18408203125 0.13671875 0.16064453125 0.13671875 0.150390625 0.1435546875 0.150390625 0.1455078125 0.1474609375 0.1474609375 0.1474609375 0.1513671875 0.150390625 0.1533203125 0.150390625 0.1669921875 0.1533203125 0.1689453125 0.1533203125 0.1982421875 0.150390625 0.2001953125 0.150390625 0.2060546875 0.1474609375 0.2080078125 0.1474609375 0.2197265625
2 0.90703125 0.12109375 0.021875 0.015625
2 0.6234375 0.1265625 0.021875 0.0125
2 0.3546875 0.13203125 0.0203125 0.015625
2 0.1484375 0.31640625 0.01875 0.015625
2 0.14765625 0.3828125 0.0171875 0.01875
2 0.153125 0.50390625 0.0234375 0.015625
2 0.153125 0.62734375 0.01875 0.015625
2 0.1578125 0.690625 0.0234375 0.015625
2 0.16015625 0.75390625 0.0171875 0.0140625
