0 0.49296875 0.50703125 0.94375 0.959375
2 0.95703125 0.190625 0.01875 0.025
2 0.95625 0.2515625 0.0125 0.01875
2 0.94765625 0.328125 0.0171875 0.0234375
2 0.95 0.55 0.0125 0.025
2 0.94609375 0.61875 0.015625 0.021875
2 0.95078125 0.69609375 0.0125 0.025
2 0.9515625 0.840625 0.015625 0.028125
2 0.925 0.96875 0.0125 0.021875
2 0.8984375 0.9671875 0.0140625 0.0203125
2 0.8453125 0.97734375 0.0125 0.0203125
2 0.63359375 0.97578125 0.0140625 0.021875
2 0.55390625 0.97734375 0.01875 0.01875
2 0.50234375 0.97421875 0.015625 0.0203125
2 0.47421875 0.97421875 0.015625 0.01875
2 0.44375 0.971875 0.0140625 0.0203125
2 0.36171875 0.97421875 0.0125 0.0203125
2 0.31171875 0.9734375 0.015625 0.01875
2 0.14765625 0.9671875 0.0125 0.0234375
2 0.05078125 0.0515625 0.0140625 0.021875
2 0.09609375 0.05703125 0.0140625 0.021875
