0 0.48828125 0.48515625 0.94375 0.94375
2 0.89921875 0.94453125 0.025 0.0125
2 0.67578125 0.93203125 0.0234375 0.0140625
2 0.453125 0.940625 0.028125 0.015625
2 0.3875 0.934375 0.0328125 0.015625
2 0.23203125 0.94375 0.0234375 0.015625
2 0.1625 0.94453125 0.025 0.01875
2 0.05078125 0.890625 0.021875 0.015625
2 0.03203125 0.7125 0.01875 0.01875
2 0.03515625 0.6265625 0.021875 0.0125
2 0.03515625 0.3078125 0.01875 0.015625
2 0.034375 0.225 0.01875 0.015625
2 0.03203125 0.13671875 0.021875 0.01875
2 0.10390625 0.0296875 0.0234375 0.0140625
