0 0.51484375 0.51015625 0.9453125 0.96640625
2 0.046875 0.18515625 0.01171875 0.02421875
2 0.05 0.24921875 0.01640625 0.0203125
2 0.053125 0.3265625 0.015625 0.02734375
2 0.053125 0.546875 0.01484375 0.0234375
2 0.05625 0.61796875 0.01328125 0.02421875
2 0.053125 0.8359375 0.01328125 0.02265625
2 0.075 0.97578125 0.01875 0.0203125
2 0.10390625 0.975 0.01328125 0.01796875
2 0.28671875 0.98671875 0.01171875 0.02265625
2 0.36875 0.98671875 0.01484375 0.0203125
2 0.42421875 0.98203125 0.01484375 0.0203125
2 0.60703125 0.98359375 0.0171875 0.0171875
2 0.68984375 0.984375 0.0125 0.02265625
2 0.7453125 0.9828125 0.015625 0.01875
2 0.77109375 0.98203125 0.0171875 0.01875
2 0.80234375 0.9859375 0.01328125 0.0171875
2 0.82578125 0.98515625 0.01328125 0.01875
2 0.85546875 0.98046875 0.015625 0.0203125
2 0.90546875 0.9875 0.01328125 0.01875
2 0.97421875 0.71015625 0.01171875 0.0234375
2 0.978125 0.49140625 0.0125 0.02421875
2 0.978125 0.43125 0.01328125 0.02578125
2 0.98046875 0.35859375 0.0109375 0.0265625
2 0.9828125 0.303125 0.01328125 0.0296875
2 0.9546875 0.05859375 0.01328125 0.0265625
2 0.8765625 0.053125 0.01328125 0.0234375
2 0.909375 0.0625 0.0171875 0.01796875
2 0.79921875 0.0609375 0.015625 0.01796875
2 0.67578125 0.04921875 0.015625 0.02734375
2 0.63359375 0.04375 0.015625 0.02265625
2 0.59296875 0.04609375 0.01953125 0.02265625
2 0.5375 0.04765625 0.01796875 0.0265625
2 0.49765625 0.0453125 0.015625 0.01796875
2 0.45859375 0.04453125 0.01796875 0.02578125
2 0.41328125 0.04375 0.01640625 0.01875
2 0.375 0.0390625 0.01640625 0.02265625
2 0.20859375 0.04140625 0.0171875 0.02109375
2 0.1640625 0.0390625 0.0140625 0.015625
