1 0.05546875 0.94296875 0.04296875 0.0671875
2 0.0453125 0.865625 0.01328125 0.0234375
2 0.0375 0.25 0.01796875 0.02734375
2 0.03515625 0.32109375 0.0140625 0.0203125
2 0.0390625 0.48828125 0.01640625 0.021875
2 0.03984375 0.55625 0.015625 0.02734375
2 0.04375 0.6875 0.01484375 0.028125
2 0.04296875 0.74140625 0.015625 0.03359375
2 0.0421875 0.8078125 0.015625 0.02421875
2 0.096875 0.05 0.02265625 0.0265625
2 0.13359375 0.04453125 0.0125 0.01796875
2 0.1796875 0.0390625 0.015625 0.0234375
2 0.234375 0.03359375 0.01796875 0.02734375
2 0.2765625 0.0296875 0.0140625 0.0234375
2 0.31953125 0.03515625 0.01796875 0.0203125
2 0.3609375 0.03828125 0.0125 0.02109375
2 0.4015625 0.03671875 0.01640625 0.01796875
2 0.44765625 0.03359375 0.01484375 0.01875
2 0.7921875 0.03359375 0.015625 0.0171875
2 0.8765625 0.03046875 0.01953125 0.0171875
2 0.10390625 0.97109375 0.0140625 0.02421875
2 0.22578125 0.95859375 0.01796875 0.02109375
2 0.265625 0.97109375 0.01328125 0.0234375
2 0.41796875 0.96953125 0.01484375 0.01796875
2 0.4671875 0.96953125 0.0171875 0.0140625
2 0.6234375 0.96484375 0.01640625 0.02109375
2 0.7078125 0.96328125 0.01640625 0.0140625
2 0.75625 0.96171875 0.01484375 0.0171875
0 0.3076171875 0.9696981671874999 0.3095703125 0.9727284734375001 0.3330078125 0.9727284734375001 0.3349609375 0.9696981671874999 0.3779296875 0.9696981671874999 0.3798828125 0.966667859375 0.3876953125 0.966667859375 0.3896484375 0.9696981671874999 0.4111328125 0.9696981671874999 0.4130859375 0.966667859375 0.4150390625 0.966667859375 0.4169921875 0.963637553125 0.4208984375 0.963637553125 0.4228515625 0.966667859375 0.4248046875 0.966667859375 0.4267578125 0.9696981671874999 0.4580078125 0.9696981671874999 0.4599609375 0.966667859375 0.4619140625 0.966667859375 0.4638671875 0.963637553125 0.4677734375 0.963637553125 0.4697265625 0.966667859375 0.4736328125 0.966667859375 0.4755859375 0.9696981671874999 0.4912109375 0.9696981671874999 0.4951171875 0.963637553125 0.5029296875 0.963637553125 0.5048828125 0.966667859375 0.5068359375 0.966667859375 0.5087890625 0.963637553125 0.5166015625 0.963637553125 0.5185546875 0.960607246875 0.5205078125 0.963637553125 0.5224609375 0.963637553125 0.5244140625 0.960607246875 0.5263671875 0.963637553125 0.5341796875 0.963637553125 0.5361328125 0.960607246875 0.5380859375 0.960607246875 0.5400390625 0.957576940625 0.5439453125 0.957576940625 0.5458984375 0.960607246875 0.5966796875 0.960607246875 0.5986328125 0.963637553125 0.6005859375 0.963637553125 0.6025390625 0.966667859375 0.6142578125 0.966667859375 0.6181640625 0.960607246875 0.6201171875 0.960607246875 0.6220703125 0.957576940625 0.6240234375 0.957576940625 0.6259765625 0.960607246875 0.6279296875 0.960607246875 0.6298828125 0.963637553125 0.6474609375 0.963637553125 0.6494140625 0.960607246875 0.6708984375 0.960607246875 0.6728515625 0.957576940625 0.6748046875 0.957576940625 0.6767578125 0.960607246875 0.6787109375 0.960607246875 0.6806640625 0.963637553125 0.7001953125 0.963637553125 0.7021484375 0.960607246875 0.7099609375 0.960607246875 0.7119140625 0.963637553125 0.7138671875 0.963637553125 0.7158203125 0.966667859375 0.7470703125 0.966667859375 0.7529296875 0.957576940625 0.7548828125 0.957576940625 0.7568359375 0.9545466328125001 0.7587890625 0.957576940625 0.7607421875 0.957576940625 0.7626953125 0.960607246875 0.7783203125 0.960607246875 0.7802734375 0.957576940625 0.7998046875 0.957576940625 0.8017578125 0.9545466328125001 0.8134765625 0.9545466328125001 0.8154296875 0.957576940625 0.8349609375 0.957576940625 0.8369140625 0.9545466328125001 0.8466796875 0.9545466328125001 0.8486328125 0.957576940625 0.8662109375 0.957576940625 0.8681640625 0.960607246875 0.8701171875 0.960607246875 0.8720703125 0.957576940625 0.8798828125 0.957576940625 0.8857421875 0.9484860203125001 0.8916015625 0.9484860203125001 0.8935546875 0.9515163265625001 0.9169921875 0.9515163265625001 0.9189453125 0.9484860203125001 0.9248046875 0.9484860203125001 0.9267578125 0.9515163265625001 0.9287109375 0.9515163265625001 0.9306640625 0.9545466328125001 0.9443359375 0.9545466328125001 0.9462890625 0.9515163265625001 0.9541015625 0.9515163265625001 0.9560546875 0.9484860203125001 0.9599609375 0.9484860203125001 0.96484375 0.940910253125 0.96484375 0.9348496390625 0.962890625 0.9318193328125 0.962890625 0.9015162640625001 0.9609375 0.8984859578125001 0.9609375 0.874243503125 0.958984375 0.8712131968750001 0.958984375 0.8469707421875 0.95703125 0.8439404359375 0.958984375 0.8409101296875001 0.958984375 0.8287889015625 0.95703125 0.8257585953125 0.95703125 0.816667675 0.958984375 0.81363736875 0.958984375 0.8075767546874999 0.9609375 0.8045464484375 0.9609375 0.7863646078125 0.962890625 0.7833343 0.962890625 0.7712130734375 0.96484375 0.7681827671875 0.96484375 0.7500009265625 0.966796875 0.74697061875 0.966796875 0.74091000625 0.96484375 0.7378796984375 0.96484375 0.70757663125 0.962890625 0.704546325 0.962890625 0.692425096875 0.96484375 0.689394790625 0.96484375 0.6863644843750001 0.966796875 0.6833341765625 0.966796875 0.6257583484375 0.96875 0.622728040625 0.96875 0.5984855875 0.966796875 0.59545528125 0.966796875 0.5651522124999999 0.96875 0.56212190625 0.96875 0.5590916 0.966796875 0.5560612921875 0.966796875 0.5318188390625 0.96875 0.52878853125 0.96875 0.507576384375 0.970703125 0.504546078125 0.970703125 0.4530308625 0.96875 0.45000055625 0.970703125 0.44697024843750005 0.96875 0.4439399421875 0.96875 0.4196974875 0.966796875 0.41666718124999996 0.966796875 0.3712125796875 0.96875 0.3681822734375 0.96875 0.365151965625 0.966796875 0.36212165937499996 0.966796875 0.34393981875 0.96484375 0.3409095109375 0.96484375 0.32878828437499996 0.966796875 0.325757978125 0.966796875 0.31060644375 0.96875 0.3075761375 0.96875 0.2621215359375 0.966796875 0.259091228125 0.966796875 0.2257578546875 0.96484375 0.22272754843749998 0.96484375 0.219697240625 0.966796875 0.216666934375 0.96484375 0.213636628125 0.96484375 0.17424263906249998 0.966796875 0.17121233281249998 0.966796875 0.1166668109375 0.96484375 0.113636503125 0.96484375 0.10757589062499999 0.962890625 0.10454558437499999 0.962890625 0.0984849703125 0.9609375 0.0954546640625 0.9609375 0.0803031296875 0.958984375 0.0772728234375 0.9609375 0.074242515625 0.9609375 0.071212209375 0.962890625 0.06818190156250001 0.962890625 0.0500000609375 0.96484375 0.0469697546875 0.962890625 0.0439394484375 0.962890625 0.040909140625 0.9521484375 0.0242424546875 0.9248046875 0.0242424546875 0.9228515625 0.0272727609375 0.9208984375 0.0272727609375 0.9189453125 0.030303067187499998 0.9169921875 0.030303067187499998 0.9150390625 0.033333375 0.9111328125 0.033333375 0.9091796875 0.030303067187499998 0.9072265625 0.030303067187499998 0.9052734375 0.0272727609375 0.8896484375 0.0272727609375 0.8876953125 0.030303067187499998 0.8857421875 0.030303067187499998 0.8818359375 0.03636368125 0.8798828125 0.03636368125 0.8779296875 0.0393939875 0.8740234375 0.0393939875 0.8681640625 0.030303067187499998 0.8662109375 0.030303067187499998 0.8642578125 0.0272727609375 0.8603515625 0.0272727609375 0.8583984375 0.0242424546875 0.8486328125 0.0242424546875 0.8466796875 0.0272727609375 0.8427734375 0.0272727609375 0.8408203125 0.0242424546875 0.8388671875 0.0242424546875 0.8330078125 0.033333375 0.8271484375 0.033333375 0.8232421875 0.0272727609375 0.8173828125 0.0272727609375 0.8154296875 0.030303067187499998 0.7998046875 0.030303067187499998 0.7939453125 0.0393939875 0.7900390625 0.0393939875 0.7841796875 0.030303067187499998 0.7744140625 0.030303067187499998 0.7724609375 0.0272727609375 0.7607421875 0.0272727609375 0.7587890625 0.030303067187499998 0.7548828125 0.030303067187499998 0.75390625 0.031818221875000004 0.75390625 0.034848528125 0.7509765625 0.0393939875 0.7431640625 0.0393939875 0.7412109375 0.03636368125 0.7392578125 0.03636368125 0.7373046875 0.033333375 0.7333984375 0.033333375 0.7314453125 0.030303067187499998 0.7197265625 0.030303067187499998 0.7177734375 0.033333375 0.7138671875 0.033333375 0.7119140625 0.03636368125 0.7041015625 0.03636368125 0.7021484375 0.033333375 0.6982421875 0.033333375 0.6962890625 0.030303067187499998 0.6943359375 0.033333375 0.6728515625 0.033333375 0.6708984375 0.03636368125 0.6669921875 0.03636368125 0.6650390625 0.0393939875 0.6591796875 0.0393939875 0.6572265625 0.03636368125 0.6552734375 0.03636368125 0.6533203125 0.033333375 0.6279296875 0.033333375 0.6259765625 0.030303067187499998 0.6240234375 0.033333375 0.6123046875 0.033333375 0.6103515625 0.03636368125 0.6005859375 0.03636368125 0.5986328125 0.0393939875 0.5830078125 0.0393939875 0.5810546875 0.0424242953125 0.5771484375 0.0424242953125 0.5751953125 0.0393939875 0.5732421875 0.0393939875 0.5693359375 0.033333375 0.5537109375 0.033333375 0.5517578125 0.03636368125 0.5400390625 0.03636368125 0.5380859375 0.0393939875 0.5361328125 0.0393939875 0.5341796875 0.0424242953125 0.5302734375 0.0424242953125 0.5283203125 0.0393939875 0.5263671875 0.0393939875 0.5244140625 0.03636368125 0.4951171875 0.03636368125 0.4912109375 0.0424242953125 0.4833984375 0.0424242953125 0.4814453125 0.0393939875 0.4794921875 0.0393939875 0.4775390625 0.03636368125 0.4736328125 0.03636368125 0.4716796875 0.0393939875 0.4619140625 0.0393939875 0.4599609375 0.03636368125 0.4560546875 0.03636368125 0.4541015625 0.0393939875 0.4443359375 0.0393939875 0.4404296875 0.033333375 0.4384765625 0.033333375 0.4365234375 0.030303067187499998 0.4130859375 0.030303067187499998 0.4111328125 0.033333375 0.4091796875 0.033333375 0.408203125 0.034848528125 0.408203125 0.037878834374999996 0.4052734375 0.0424242953125 0.3974609375 0.0424242953125 0.3935546875 0.03636368125 0.3896484375 0.03636368125 0.3876953125 0.033333375 0.3857421875 0.03636368125 0.3837890625 0.033333375 0.3701171875 0.033333375 0.369140625 0.034848528125 0.369140625 0.037878834374999996 0.3642578125 0.0454546015625 0.3564453125 0.0454546015625 0.3544921875 0.0424242953125 0.3525390625 0.0424242953125 0.3486328125 0.03636368125 0.3291015625 0.03636368125 0.3271484375 0.0393939875 0.3251953125 0.0393939875 0.3232421875 0.0424242953125 0.3154296875 0.0424242953125 0.3125 0.037878834374999996 0.3125 0.034848528125 0.3095703125 0.030303067187499998 0.2900390625 0.030303067187499998 0.2880859375 0.0272727609375 0.2802734375 0.0393939875 0.2744140625 0.0393939875 0.2705078125 0.033333375 0.2646484375 0.033333375 0.2626953125 0.030303067187499998 0.2529296875 0.030303067187499998 0.2509765625 0.033333375 0.2451171875 0.033333375 0.2412109375 0.0393939875 0.2392578125 0.0393939875 0.2373046875 0.0424242953125 0.2353515625 0.0424242953125 0.2333984375 0.0393939875 0.2314453125 0.0393939875 0.2236328125 0.0272727609375 0.2041015625 0.0272727609375 0.2021484375 0.030303067187499998 0.1982421875 0.030303067187499998 0.1962890625 0.033333375 0.1923828125 0.033333375 0.1845703125 0.0454546015625 0.1826171875 0.0454546015625 0.1806640625 0.0484849078125 0.1767578125 0.0484849078125 0.1748046875 0.0454546015625 0.1572265625 0.0454546015625 0.1552734375 0.0424242953125 0.1455078125 0.0424242953125 0.1435546875 0.0454546015625 0.1416015625 0.0454546015625 0.1396484375 0.0484849078125 0.1259765625 0.0484849078125 0.1240234375 0.0454546015625 0.1064453125 0.0454546015625 0.1005859375 0.054545521875 0.0927734375 0.054545521875 0.0888671875 0.0484849078125 0.0869140625 0.0484849078125 0.0849609375 0.0454546015625 0.0673828125 0.0454546015625 0.0654296875 0.0484849078125 0.0634765625 0.0484849078125 0.0595703125 0.054545521875 0.0576171875 0.054545521875 0.0537109375 0.06060613593750001 0.0458984375 0.06060613593750001 0.04296875 0.0651515953125 0.04296875 0.06818190156250001 0.041015625 0.071212209375 0.041015625 0.074242515625 0.0390625 0.0772728234375 0.0390625 0.0803031296875 0.037109375 0.0833334359375 0.037109375 0.10757589062499999 0.03515625 0.11060619687499999 0.03515625 0.113636503125 0.037109375 0.1166668109375 0.037109375 0.11969711718750001 0.0390625 0.12272742343750001 0.0390625 0.12575773125 0.037109375 0.1287880375 0.037109375 0.13181834375 0.03515625 0.1348486515625 0.03515625 0.1681820265625 0.037109375 0.17121233281249998 0.037109375 0.180303253125 0.0390625 0.183333559375 0.0390625 0.186363865625 0.041015625 0.1893941734375 0.041015625 0.1924244796875 0.04296875 0.19545478593750001 0.04296875 0.19848509375 0.041015625 0.20151539999999998 0.041015625 0.20454570625000001 0.0390625 0.20757601406249998 0.0390625 0.22272754843749998 0.037109375 0.2257578546875 0.037109375 0.22878816093749998 0.0390625 0.23181846875 0.0390625 0.24090938906249998 0.04296875 0.24697000156249999 0.04296875 0.253030615625 0.041015625 0.25606092187499996 0.041015625 0.259091228125 0.0400390625 0.2606063828125 0.0380859375 0.2606063828125 0.03515625 0.2651518421875 0.03515625 0.2681821484375 0.033203125 0.27121245625 0.033203125 0.27727307031250004 0.03125 0.2803033765625 0.03125 0.2954549109375 0.033203125 0.2984852171875 0.033203125 0.3075761375 0.0390625 0.31666705781250004 0.0390625 0.3196973640625 0.041015625 0.322727671875 0.0390625 0.325757978125 0.0390625 0.32878828437499996 0.03515625 0.3348488984375 0.03515625 0.3560610453125 0.037109375 0.359091353125 0.037109375 0.3681822734375 0.041015625 0.3742428859375 0.041015625 0.37727319375 0.04296875 0.3803035 0.04296875 0.3863641140625 0.041015625 0.3893944203125 0.041015625 0.39545503437499996 0.0390625 0.398485340625 0.0390625 0.41666718124999996 0.041015625 0.4196974875 0.041015625 0.4409096359375 0.037109375 0.44697024843750005 0.037109375 0.46818239687499996 0.041015625 0.474243009375 0.041015625 0.477273315625 0.04296875 0.4803036234375 0.04296875 0.4954551578125 0.0390625 0.5015157703125 0.0390625 0.52878853125 0.037109375 0.5318188390625 0.037109375 0.543940065625 0.0380859375 0.54545521875 0.0400390625 0.54545521875 0.044921875 0.5530309859375 0.044921875 0.5651522124999999 0.041015625 0.5712128265625 0.041015625 0.5863643609375 0.04296875 0.5893946671875 0.04296875 0.5984855875 0.044921875 0.60151589375 0.044921875 0.6045462015624999 0.046875 0.6075765078125 0.046875 0.6196977343750001 0.044921875 0.622728040625 0.044921875 0.6287886546875 0.04296875 0.6318189624999999 0.04296875 0.653031109375 0.041015625 0.656061415625 0.041015625 0.6772735640625 0.0439453125 0.6818190234375 0.0458984375 0.6818190234375 0.046875 0.6833341765625 0.046875 0.6954554046875 0.041015625 0.704546325 0.041015625 0.7257584718750001 0.04296875 0.728788778125 0.04296875 0.7318190859375 0.044921875 0.7348493921875 0.044921875 0.7500009265625 0.0439453125 0.7515160796875 0.0400390625 0.7515160796875 0.0390625 0.7530312328125001 0.0390625 0.7772736874999999 0.037109375 0.78030399375 0.0390625 0.7833343 0.0390625 0.798485834375 0.0400390625 0.8000009875 0.0419921875 0.8000009875 0.046875 0.8075767546874999 0.046875 0.81363736875 0.044921875 0.816667675 0.044921875 0.8227282890625001 0.04296875 0.8257585953125 0.04296875 0.834849515625 0.041015625 0.8378798218749999 0.041015625 0.8409101296875001 0.04296875 0.8439404359375 0.04296875 0.8560616624999999 0.046875 0.8621222765625 0.046875 0.874243503125 0.044921875 0.8772738109375 0.044921875 0.8833344234375 0.04296875 0.8863647312499999 0.04296875 0.9166677984374999 0.0458984375 0.9212132578125001 0.0478515625 0.9212132578125001 0.05078125 0.92575871875 0.05078125 0.928789025 0.052734375 0.9318193328125 0.052734375 0.940910253125 0.0546875 0.9439405593749999 0.0546875 0.9469708656250001 0.0556640625 0.9484860203125001 0.0576171875 0.9484860203125001 0.05859375 0.9500011734375 0.05859375 0.9530314796875 0.0615234375 0.957576940625 0.0634765625 0.957576940625 0.0654296875 0.960607246875 0.0693359375 0.960607246875 0.0732421875 0.966667859375 0.0986328125 0.966667859375 0.1005859375 0.963637553125 0.1025390625 0.966667859375 0.1044921875 0.966667859375 0.1064453125 0.9696981671874999 0.1083984375 0.9696981671874999 0.1103515625 0.9727284734375001 0.1298828125 0.9727284734375001 0.1318359375 0.9696981671874999 0.1416015625 0.9696981671874999 0.1435546875 0.966667859375 0.1513671875 0.966667859375 0.1533203125 0.9696981671874999 0.1552734375 0.9696981671874999 0.1572265625 0.966667859375 0.1748046875 0.966667859375 0.1767578125 0.963637553125 0.1826171875 0.963637553125 0.1845703125 0.966667859375 0.1982421875 0.966667859375 0.2001953125 0.963637553125 0.2080078125 0.963637553125 0.2099609375 0.960607246875 0.2177734375 0.960607246875 0.2197265625 0.957576940625 0.2275390625 0.957576940625 0.2294921875 0.960607246875 0.2314453125 0.960607246875 0.2333984375 0.963637553125 0.2392578125 0.963637553125 0.2412109375 0.966667859375 0.2587890625 0.966667859375 0.2607421875 0.963637553125 0.2666015625 0.963637553125 0.2724609375 0.9727284734375001 0.2783203125 0.9727284734375001 0.2802734375 0.9757587796875 0.2900390625 0.9757587796875 0.291015625 0.9742436265625001 0.2919921875 0.9727284734375001 0.2939453125 0.9727284734375001 0.2958984375 0.9696981671874999 0.3076171875 0.9696981671874999
