1 0.04765625 0.06875 0.04296875 0.0515625
2 0.0359375 0.12890625 0.01640625 0.034375
2 0.0390625 0.19765625 0.01796875 0.03203125
2 0.03828125 0.25625 0.0171875 0.0328125
2 0.03671875 0.321875 0.0171875 0.028125
2 0.03828125 0.38046875 0.0171875 0.025
2 0.03515625 0.4328125 0.01875 0.02109375
2 0.0390625 0.48515625 0.015625 0.03515625
2 0.040625 0.553125 0.01796875 0.03125
2 0.0421875 0.61171875 0.021875 0.03203125
2 0.04296875 0.68828125 0.02109375 0.02734375
2 0.03984375 0.74140625 0.01875 0.03203125
2 0.040625 0.80703125 0.02421875 0.02421875
2 0.03984375 0.871875 0.0234375 0.0265625
2 0.0453125 0.9296875 0.01015625 0.0359375
2 0.06796875 0.97109375 0.01484375 0.0171875
2 0.1015625 0.96953125 0.02109375 0.0234375
2 0.146875 0.97265625 0.02421875 0.0234375
2 0.26328125 0.96875 0.01328125 0.02265625
2 0.540625 0.96484375 0.0140625 0.0296875
2 0.58984375 0.96953125 0.021875 0.0265625
2 0.61953125 0.9640625 0.02109375 0.0234375
2 0.67421875 0.96953125 0.0265625 0.0265625
2 0.1 0.05390625 0.025 0.025
2 0.1359375 0.05 0.02265625 0.0203125
2 0.18203125 0.0453125 0.02109375 0.0234375
2 0.27578125 0.03828125 0.01796875 0.02265625
2 0.32109375 0.04453125 0.01796875 0.0234375
2 0.36015625 0.04609375 0.01640625 0.02890625
2 0.39921875 0.0453125 0.0234375 0.021875
2 0.44453125 0.03984375 0.01953125 0.01875
2 0.4859375 0.04296875 0.021875 0.02890625
2 0.53359375 0.0453125 0.025 0.0234375
2 0.57734375 0.04140625 0.0203125 0.02265625
2 0.66171875 0.040625 0.01953125 0.028125
2 0.709375 0.03984375 0.02109375 0.03203125
2 0.7953125 0.0421875 0.015625 0.03046875
2 0.875 0.0453125 0.02265625 0.0359375
2 0.9140625 0.03515625 0.0171875 0.03203125
0 0.056426970312500005 0.9567003796875 0.0578529234375 0.960809103125 0.061723365625000005 0.96523388125 0.075168059375 0.97471555 0.1150947234375 0.98135271875 0.41902627812500004 0.9968394437500001 0.6642900796875 0.9883059421875 0.6822163375 0.986093553125 0.9645548984375001 0.9718710500000001 0.9594622125000001 0.8881163078125001 0.9672030968750001 0.7885587859375 0.969443878125 0.5180151703125 0.9676105109375 0.137800253125 0.96679568125 0.11188369218750001 0.9623141171875 0.06637168125000001 0.954776940625 0.05088495625 0.9462212265625001 0.0388748421875 0.9368506828125 0.0338179515625 0.22733754374999998 0.0451959546875 0.11244652656250001 0.0496207328125 0.07374210625 0.0534134 0.0594825828125 0.057206068750000005 0.0405377875 0.0739570171875 0.0350376859375 0.08501896406250001 0.0334080265625 0.0945006328125 0.0350376859375 0.5331858406250001 0.039926665625 0.7714917828125001 0.048074964062499996 0.909924146875 0.056426970312500005 0.9567003796875
