2 0.94765625 0.87734375 0.0265625 0.015625
2 0.94140625 0.91015625 0.025 0.0140625
2 0.03125 0.8546875 0.021875 0.015625
2 0.03125 0.6046875 0.01875 0.0125
2 0.0296875 0.6375 0.021875 0.015625
2 0.02578125 0.6625 0.015625 0.0125
2 0.02890625 0.6875 0.021875 0.021875
2 0.03046875 0.55625 0.0203125 0.015625
2 0.0296875 0.49765625 0.01875 0.0171875
2 0.02734375 0.44375 0.01875 0.0171875
2 0.0296875 0.36640625 0.0203125 0.015625
2 0.0265625 0.28125 0.01875 0.01875
2 0.31015625 0.04921875 0.0234375 0.015625
2 0.38984375 0.05546875 0.025 0.015625
2 0.45625 0.053125 0.025 0.015625
2 0.678125 0.05625 0.021875 0.0140625
