0 0.8017578125 0.1533203125 0.80078125 0.15185546875 0.7998046875 0.150390625 0.7763671875 0.150390625 0.7744140625 0.1533203125 0.7607421875 0.1533203125 0.7587890625 0.15625 0.7470703125 0.15625 0.7451171875 0.1533203125 0.7412109375 0.1533203125 0.7392578125 0.150390625 0.7314453125 0.150390625 0.7294921875 0.1533203125 0.7060546875 0.1533203125 0.7041015625 0.15625 0.6884765625 0.15625 0.6865234375 0.1533203125 0.6748046875 0.1533203125 0.6728515625 0.150390625 0.6650390625 0.150390625 0.6630859375 0.1533203125 0.6533203125 0.1533203125 0.6513671875 0.15625 0.6298828125 0.15625 0.6279296875 0.1591796875 0.6259765625 0.15625 0.6201171875 0.15625 0.6181640625 0.1591796875 0.6044921875 0.1591796875 0.6025390625 0.15625 0.5751953125 0.15625 0.5732421875 0.1533203125 0.5576171875 0.1533203125 0.5556640625 0.150390625 0.5380859375 0.150390625 0.5361328125 0.1533203125 0.5146484375 0.1533203125 0.5126953125 0.15625 0.4853515625 0.15625 0.4833984375 0.1533203125 0.4404296875 0.1533203125 0.4384765625 0.150390625 0.4072265625 0.150390625 0.4052734375 0.1533203125 0.3916015625 0.1533203125 0.3896484375 0.15625 0.3798828125 0.15625 0.3779296875 0.1533203125 0.3759765625 0.1533203125 0.3740234375 0.150390625 0.3681640625 0.150390625 0.3662109375 0.1533203125 0.3408203125 0.1533203125 0.3388671875 0.15625 0.3291015625 0.15625 0.3271484375 0.1591796875 0.3193359375 0.1591796875 0.3173828125 0.15625 0.2978515625 0.15625 0.2958984375 0.1533203125 0.2763671875 0.1533203125 0.2744140625 0.15625 0.2626953125 0.15625 0.2607421875 0.1591796875 0.2568359375 0.1591796875 0.2548828125 0.15625 0.2509765625 0.15625 0.2490234375 0.1533203125 0.2353515625 0.1533203125 0.2333984375 0.15625 0.2138671875 0.15625 0.2119140625 0.1591796875 0.2041015625 0.1591796875 0.2021484375 0.15625 0.1767578125 0.15625 0.1748046875 0.1591796875 0.1689453125 0.1591796875 0.1669921875 0.15625 0.1513671875 0.15625 0.1494140625 0.1591796875 0.1259765625 0.1591796875 0.1240234375 0.162109375 0.1181640625 0.162109375 0.1171875 0.16357421875 0.1171875 0.17236328125 0.115234375 0.17529296875 0.115234375 0.22802734375 0.11328125 0.23095703125 0.11328125 0.28955078125 0.111328125 0.29248046875 0.111328125 0.36279296875 0.109375 0.36572265625 0.109375 0.47998046875 0.107421875 0.48291015625 0.107421875 0.60009765625 0.10546875 0.60302734375 0.10546875 0.68505859375 0.103515625 0.68798828125 0.103515625 0.69970703125 0.10546875 0.70263671875 0.103515625 0.70556640625 0.103515625 0.80517578125 0.1015625 0.80810546875 0.1015625 0.81103515625 0.103515625 0.81396484375 0.103515625 0.84912109375 0.1015625 0.85205078125 0.1015625 0.93994140625 0.103515625 0.94287109375 0.103515625 0.94580078125 0.1064453125 0.9501953125 0.1083984375 0.9501953125 0.1103515625 0.953125 0.3017578125 0.953125 0.3037109375 0.9501953125 0.3466796875 0.9501953125 0.3486328125 0.953125 0.3505859375 0.953125 0.3525390625 0.9501953125 0.3544921875 0.9501953125 0.3564453125 0.953125 0.3583984375 0.953125 0.3603515625 0.9501953125 0.3623046875 0.9501953125 0.3642578125 0.953125 0.3662109375 0.953125 0.3681640625 0.9501953125 0.4951171875 0.9501953125 0.4970703125 0.947265625 0.5927734375 0.947265625 0.5947265625 0.9443359375 0.7099609375 0.9443359375 0.7119140625 0.94140625 0.7880859375 0.94140625 0.7900390625 0.9384765625 0.8056640625 0.9384765625 0.8076171875 0.94140625 0.8095703125 0.94140625 0.8115234375 0.9384765625 0.8642578125 0.9384765625 0.8662109375 0.935546875 0.8720703125 0.935546875 0.875 0.93115234375 0.875 0.91357421875 0.876953125 0.91064453125 0.876953125 0.90771484375 0.87890625 0.90478515625 0.87890625 0.74658203125 0.880859375 0.74365234375 0.880859375 0.70849609375 0.87890625 0.70556640625 0.87890625 0.70263671875 0.876953125 0.69970703125 0.876953125 0.68798828125 0.87890625 0.68505859375 0.87890625 0.65576171875 0.876953125 0.65283203125 0.876953125 0.63818359375 0.875 0.63525390625 0.875 0.63232421875 0.873046875 0.62939453125 0.873046875 0.62353515625 0.875 0.62060546875 0.875 0.61767578125 0.876953125 0.61474609375 0.876953125 0.55908203125 0.87890625 0.55615234375 0.87890625 0.54150390625 0.876953125 0.53857421875 0.876953125 0.52978515625 0.875 0.52685546875 0.876953125 0.52392578125 0.876953125 0.52099609375 0.87890625 0.51806640625 0.87890625 0.46826171875 0.876953125 0.46533203125 0.876953125 0.38037109375 0.875 0.37744140625 0.875 0.36865234375 0.873046875 0.36572265625 0.873046875 0.36279296875 0.87109375 0.35986328125 0.87109375 0.35693359375 0.873046875 0.35400390625 0.873046875 0.34521484375 0.875 0.34228515625 0.875 0.31591796875 0.873046875 0.31298828125 0.873046875 0.26904296875 0.87109375 0.26611328125 0.87109375 0.25146484375 0.873046875 0.24853515625 0.873046875 0.21337890625 0.87109375 0.21044921875 0.87109375 0.19873046875 0.873046875 0.19580078125 0.873046875 0.16650390625 0.87109375 0.16357421875 0.87109375 0.16064453125 0.8701171875 0.1591796875 0.8681640625 0.1591796875 0.8662109375 0.15625 0.8564453125 0.15625 0.8544921875 0.1533203125 0.8525390625 0.1533203125 0.8505859375 0.15625 0.8251953125 0.15625 0.8232421875 0.1591796875 0.8173828125 0.1591796875 0.8154296875 0.15625 0.8134765625 0.15625 0.8115234375 0.1533203125 0.8017578125 0.1533203125
2 0.87890625 0.69453125 0.009375 0.01875
2 0.87734375 0.6265625 0.009375 0.021875
2 0.8734375 0.2578125 0.0078125 0.021875
2 0.8171875 0.153125 0.009375 0.021875
2 0.6921875 0.1546875 0.0140625 0.0140625
2 0.50703125 0.15546875 0.0125 0.015625
2 0.38359375 0.1546875 0.0109375 0.015625
2 0.25703125 0.15703125 0.0125 0.0140625
2 0.32109375 0.15546875 0.0125 0.01875
