0 0.0397229578125 0.9127686468749999 0.0682420046875 0.9601769906250001 0.9635363625 0.960809103125 0.9747402734374999 0.030025284375 0.0662049296875 0.027812895312500002 0.0366673453125 0.0720606828125 0.0397229578125 0.9127686468749999
2 0.04296875 0.18828125 0.015625 0.028125
2 0.0421875 0.2421875 0.01484375 0.028125
2 0.04140625 0.3703125 0.01640625 0.028125
2 0.0421875 0.475 0.01171875 0.0296875
2 0.04375 0.54453125 0.0109375 0.03046875
2 0.04609375 0.67578125 0.0171875 0.02578125
2 0.0390625 0.72421875 0.01484375 0.0328125
2 0.0453125 0.79296875 0.01875 0.03125
2 0.1046875 0.03125 0.0171875 0.021875
2 0.14140625 0.028125 0.01953125 0.03359375
2 0.1875 0.02578125 0.01640625 0.0203125
2 0.2421875 0.01953125 0.01328125 0.03515625
2 0.2828125 0.02421875 0.02578125 0.0265625
2 0.32421875 0.025 0.01875 0.02734375
2 0.365625 0.02734375 0.0203125 0.0296875
2 0.4078125 0.0265625 0.01328125 0.02109375
2 0.58359375 0.03046875 0.0203125 0.02265625
2 0.71640625 0.0265625 0.01796875 0.021875
2 0.7515625 0.0296875 0.02109375 0.01875
2 0.7984375 0.0296875 0.0171875 0.02734375
2 0.8828125 0.0328125 0.025 0.02421875
2 0.10234375 0.95390625 0.025 0.03046875
2 0.26484375 0.96171875 0.02421875 0.0265625
2 0.30234375 0.965625 0.02421875 0.015625
2 0.38515625 0.965625 0.01875 0.028125
2 0.41875 0.9640625 0.02109375 0.02265625
2 0.465625 0.9640625 0.01328125 0.02578125
2 0.5421875 0.959375 0.01640625 0.02265625
1 0.059375 0.93125 0.04296875 0.0734375
1 0.05 0.04765625 0.05234375 0.06640625
