0 0.5109375 0.490625 0.9453125 0.9640625
2 0.2015625 0.95703125 0.015625 0.01875
2 0.2796875 0.96015625 0.0171875 0.01875
2 0.325 0.96796875 0.01875 0.021875
2 0.671875 0.95078125 0.0125 0.021875
2 0.7484375 0.9484375 0.015625 0.01875
2 0.7953125 0.946875 0.0171875 0.021875
2 0.9046875 0.94765625 0.015625 0.0203125
2 0.9484375 0.95078125 0.0125 0.028125
2 0.74296875 0.0265625 0.0125 0.0171875
2 0.77109375 0.025 0.01875 0.021875
2 0.66328125 0.01875 0.015625 0.0203125
2 0.36796875 0.01796875 0.015625 0.01875
2 0.0546875 0.3765625 0.0125 0.021875
2 0.05 0.44921875 0.015625 0.0234375
2 0.05234375 0.67109375 0.0171875 0.0265625
2 0.04453125 0.8078125 0.0125 0.021875
