2 0.05859375 0.03671875 0.01484375 0.01875
2 0.10234375 0.03125 0.01328125 0.0234375
2 0.1375 0.03046875 0.01484375 0.01875
2 0.1828125 0.02890625 0.01328125 0.0203125
2 0.2390625 0.021875 0.01171875 0.01875
2 0.2796875 0.0234375 0.0109375 0.01171875
2 0.3203125 0.021875 0.01796875 0.02109375
2 0.3640625 0.0265625 0.0125 0.0171875
2 0.4046875 0.02265625 0.01328125 0.015625
2 0.44921875 0.0234375 0.01484375 0.01875
2 0.48984375 0.0234375 0.0171875 0.0203125
2 0.53515625 0.02109375 0.01640625 0.0234375
2 0.665625 0.0234375 0.01328125 0.02109375
2 0.74921875 0.02109375 0.02109375 0.02109375
2 0.88046875 0.02265625 0.01640625 0.015625
2 0.03828125 0.0609375 0.01015625 0.02109375
2 0.03671875 0.115625 0.00859375 0.01796875
2 0.03671875 0.18984375 0.00859375 0.01875
2 0.03828125 0.24609375 0.01328125 0.021875
2 0.03828125 0.31640625 0.01640625 0.025
2 0.0375 0.37109375 0.01328125 0.0234375
2 0.03828125 0.42578125 0.01328125 0.028125
2 0.0390625 0.48125 0.0140625 0.02421875
2 0.0421875 0.6078125 0.01328125 0.02734375
2 0.04375 0.68203125 0.0125 0.0265625
2 0.04375 0.8015625 0.0109375 0.025
2 0.04453125 0.859375 0.01328125 0.02109375
2 0.046875 0.92265625 0.01328125 0.0234375
2 0.0671875 0.96171875 0.01328125 0.0171875
2 0.1015625 0.96484375 0.01640625 0.021875
2 0.146875 0.96328125 0.01640625 0.01875
2 0.2265625 0.9546875 0.01640625 0.0203125
2 0.26484375 0.96171875 0.01796875 0.02109375
2 0.30234375 0.96484375 0.01796875 0.0203125
2 0.33984375 0.96953125 0.01875 0.0203125
2 0.3828125 0.96328125 0.01640625 0.02109375
2 0.41796875 0.965625 0.01640625 0.0203125
2 0.465625 0.959375 0.015625 0.021875
2 0.49921875 0.9609375 0.01484375 0.01875
2 0.54375 0.9578125 0.015625 0.0171875
2 0.67421875 0.9609375 0.01640625 0.025
2 0.7046875 0.96171875 0.01796875 0.02109375
2 0.75390625 0.95703125 0.0171875 0.021875
2 0.8078125 0.9546875 0.015625 0.0234375
2 0.8453125 0.9546875 0.01953125 0.02421875
2 0.8859375 0.95078125 0.01328125 0.015625
2 0.921875 0.94921875 0.01640625 0.01875
2 0.7109375 0.02109375 0.01796875 0.02109375
2 0.79609375 0.02578125 0.01796875 0.01796875
0 0.3759765625 0.966667859375 0.3818359375 0.957576940625 0.3857421875 0.957576940625 0.3876953125 0.960607246875 0.3896484375 0.960607246875 0.3916015625 0.963637553125 0.4111328125 0.963637553125 0.4130859375 0.960607246875 0.4150390625 0.960607246875 0.4169921875 0.957576940625 0.4228515625 0.957576940625 0.4287109375 0.966667859375 0.4580078125 0.966667859375 0.4638671875 0.957576940625 0.4697265625 0.957576940625 0.4716796875 0.960607246875 0.4736328125 0.960607246875 0.4755859375 0.963637553125 0.4853515625 0.963637553125 0.4873046875 0.966667859375 0.4892578125 0.963637553125 0.4912109375 0.963637553125 0.4951171875 0.957576940625 0.5029296875 0.957576940625 0.5048828125 0.960607246875 0.5107421875 0.960607246875 0.5126953125 0.963637553125 0.5263671875 0.963637553125 0.5283203125 0.960607246875 0.5361328125 0.960607246875 0.5380859375 0.957576940625 0.5400390625 0.957576940625 0.5419921875 0.9545466328125001 0.5458984375 0.9545466328125001 0.5498046875 0.960607246875 0.5615234375 0.960607246875 0.5634765625 0.963637553125 0.5830078125 0.963637553125 0.5849609375 0.960607246875 0.5869140625 0.960607246875 0.5888671875 0.957576940625 0.5986328125 0.957576940625 0.6005859375 0.960607246875 0.6142578125 0.960607246875 0.6162109375 0.957576940625 0.6181640625 0.957576940625 0.6201171875 0.9545466328125001 0.6259765625 0.9545466328125001 0.6279296875 0.957576940625 0.6298828125 0.957576940625 0.6337890625 0.963637553125 0.6552734375 0.963637553125 0.6572265625 0.966667859375 0.6630859375 0.966667859375 0.6708984375 0.9545466328125001 0.6767578125 0.9545466328125001 0.6826171875 0.963637553125 0.6884765625 0.963637553125 0.6904296875 0.960607246875 0.6982421875 0.960607246875 0.7001953125 0.957576940625 0.7021484375 0.957576940625 0.7041015625 0.9545466328125001 0.7080078125 0.9545466328125001 0.7099609375 0.957576940625 0.7119140625 0.957576940625 0.7138671875 0.960607246875 0.7333984375 0.960607246875 0.7353515625 0.963637553125 0.7392578125 0.963637553125 0.7412109375 0.960607246875 0.7470703125 0.960607246875 0.7529296875 0.9515163265625001 0.7587890625 0.9515163265625001 0.7626953125 0.957576940625 0.7646484375 0.957576940625 0.7666015625 0.960607246875 0.7978515625 0.960607246875 0.8037109375 0.9515163265625001 0.8056640625 0.9515163265625001 0.8076171875 0.9484860203125001 0.8115234375 0.9484860203125001 0.8134765625 0.9515163265625001 0.8193359375 0.9515163265625001 0.8212890625 0.9545466328125001 0.8349609375 0.9545466328125001 0.8369140625 0.9515163265625001 0.8388671875 0.9515163265625001 0.8408203125 0.9484860203125001 0.8447265625 0.9484860203125001 0.8466796875 0.9515163265625001 0.8486328125 0.9515163265625001 0.8525390625 0.957576940625 0.8759765625 0.957576940625 0.8818359375 0.9484860203125001 0.8935546875 0.9484860203125001 0.8955078125 0.9515163265625001 0.9150390625 0.9515163265625001 0.9169921875 0.9484860203125001 0.9189453125 0.9484860203125001 0.9208984375 0.9454557124999999 0.9267578125 0.9454557124999999 0.9287109375 0.9484860203125001 0.9306640625 0.9484860203125001 0.9326171875 0.9515163265625001 0.9501953125 0.9515163265625001 0.9521484375 0.9484860203125001 0.9580078125 0.9484860203125001 0.9599609375 0.9454557124999999 0.9619140625 0.9454557124999999 0.96484375 0.940910253125 0.96484375 0.9227284125 0.962890625 0.9196981046875001 0.962890625 0.8984859578125001 0.9609375 0.8954556515625001 0.9609375 0.8833344234375 0.958984375 0.8803041171875 0.9609375 0.8772738109375 0.958984375 0.874243503125 0.958984375 0.8712131968750001 0.95703125 0.8681828906250001 0.958984375 0.8651525828125 0.958984375 0.81969798125 0.9609375 0.816667675 0.9609375 0.7742433796875 0.962890625 0.7712130734375 0.962890625 0.762122153125 0.96484375 0.759091846875 0.96484375 0.7500009265625 0.966796875 0.74697061875 0.966796875 0.728788778125 0.96484375 0.7257584718750001 0.96484375 0.692425096875 0.966796875 0.689394790625 0.966796875 0.67424325625 0.96875 0.6712129499999999 0.96875 0.656061415625 0.966796875 0.653031109375 0.966796875 0.650000803125 0.96875 0.6469704953125001 0.96875 0.59545528125 0.966796875 0.5924249734375 0.966796875 0.5681825203125 0.96875 0.5651522124999999 0.96875 0.5409097593750001 0.970703125 0.5378794515624999 0.970703125 0.5318188390625 0.96875 0.52878853125 0.96875 0.504546078125 0.970703125 0.5015157703125 0.970703125 0.38333380625 0.96875 0.3803035 0.96875 0.325757978125 0.970703125 0.322727671875 0.970703125 0.25606092187499996 0.96875 0.253030615625 0.96875 0.23181846875 0.966796875 0.22878816093749998 0.966796875 0.216666934375 0.96484375 0.213636628125 0.96484375 0.1924244796875 0.966796875 0.1893941734375 0.966796875 0.15909110625 0.96875 0.1560607984375 0.96875 0.1530304921875 0.966796875 0.1500001859375 0.966796875 0.146969878125 0.96875 0.143939571875 0.96875 0.11969711718750001 0.966796875 0.1166668109375 0.966796875 0.10454558437499999 0.96484375 0.10151527656249999 0.96484375 0.0954546640625 0.966796875 0.09242435624999999 0.966796875 0.0772728234375 0.96875 0.074242515625 0.96875 0.0500000609375 0.966796875 0.0469697546875 0.966796875 0.040909140625 0.96484375 0.037878834374999996 0.96484375 0.031818221875000004 0.9619140625 0.0272727609375 0.9599609375 0.0272727609375 0.9580078125 0.0242424546875 0.9560546875 0.0242424546875 0.9541015625 0.021212146874999997 0.9248046875 0.021212146874999997 0.9228515625 0.0242424546875 0.9091796875 0.0242424546875 0.9072265625 0.021212146874999997 0.8994140625 0.021212146874999997 0.8974609375 0.0242424546875 0.8876953125 0.0242424546875 0.8857421875 0.0272727609375 0.8837890625 0.0272727609375 0.8818359375 0.030303067187499998 0.8779296875 0.030303067187499998 0.8740234375 0.0242424546875 0.8662109375 0.0242424546875 0.8642578125 0.021212146874999997 0.8505859375 0.021212146874999997 0.8486328125 0.0242424546875 0.8388671875 0.0242424546875 0.8369140625 0.0272727609375 0.8291015625 0.0272727609375 0.8271484375 0.0242424546875 0.8232421875 0.0242424546875 0.8212890625 0.021212146874999997 0.8193359375 0.0242424546875 0.8017578125 0.0242424546875 0.7998046875 0.0272727609375 0.7958984375 0.0272727609375 0.7939453125 0.030303067187499998 0.7919921875 0.0272727609375 0.7900390625 0.0272727609375 0.7880859375 0.0242424546875 0.7763671875 0.0242424546875 0.7744140625 0.021212146874999997 0.7607421875 0.021212146874999997 0.7587890625 0.0242424546875 0.7568359375 0.0242424546875 0.7548828125 0.0272727609375 0.7529296875 0.0272727609375 0.7509765625 0.030303067187499998 0.7490234375 0.030303067187499998 0.7470703125 0.0272727609375 0.7451171875 0.0272727609375 0.7431640625 0.0242424546875 0.7412109375 0.0242424546875 0.7392578125 0.021212146874999997 0.7216796875 0.021212146874999997 0.7197265625 0.0242424546875 0.7177734375 0.0242424546875 0.7158203125 0.0272727609375 0.7080078125 0.0272727609375 0.7041015625 0.021212146874999997 0.7021484375 0.021212146874999997 0.7001953125 0.018181840625 0.6748046875 0.018181840625 0.6689453125 0.0272727609375 0.6611328125 0.0272727609375 0.6591796875 0.0242424546875 0.6396484375 0.0242424546875 0.6376953125 0.0272727609375 0.6318359375 0.0272727609375 0.6279296875 0.021212146874999997 0.6064453125 0.021212146874999997 0.6044921875 0.0242424546875 0.6005859375 0.0242424546875 0.5986328125 0.0272727609375 0.5908203125 0.0272727609375 0.5888671875 0.030303067187499998 0.5810546875 0.030303067187499998 0.5732421875 0.018181840625 0.5712890625 0.018181840625 0.5693359375 0.015151534375000001 0.5517578125 0.015151534375000001 0.5498046875 0.018181840625 0.5439453125 0.018181840625 0.541015625 0.0227273015625 0.541015625 0.0257576078125 0.5380859375 0.030303067187499998 0.5302734375 0.030303067187499998 0.5263671875 0.0242424546875 0.5244140625 0.0242424546875 0.5224609375 0.021212146874999997 0.5087890625 0.021212146874999997 0.5068359375 0.0242424546875 0.5009765625 0.0242424546875 0.4990234375 0.0272727609375 0.4970703125 0.0272727609375 0.4951171875 0.030303067187499998 0.4873046875 0.030303067187499998 0.4853515625 0.0272727609375 0.4833984375 0.0272727609375 0.4814453125 0.0242424546875 0.4599609375 0.0242424546875 0.4580078125 0.0272727609375 0.4560546875 0.0272727609375 0.4541015625 0.030303067187499998 0.4462890625 0.030303067187499998 0.4423828125 0.0242424546875 0.4150390625 0.0242424546875 0.4111328125 0.030303067187499998 0.4091796875 0.030303067187499998 0.4072265625 0.033333375 0.4033203125 0.033333375 0.3974609375 0.0242424546875 0.3916015625 0.0242424546875 0.3896484375 0.021212146874999997 0.3857421875 0.021212146874999997 0.3837890625 0.0242424546875 0.3798828125 0.0242424546875 0.3779296875 0.0272727609375 0.3720703125 0.0272727609375 0.3681640625 0.033333375 0.3662109375 0.033333375 0.3642578125 0.03636368125 0.3623046875 0.03636368125 0.357421875 0.028787914062499996 0.357421875 0.0227273015625 0.3544921875 0.018181840625 0.3447265625 0.018181840625 0.3427734375 0.015151534375000001 0.3408203125 0.018181840625 0.3330078125 0.018181840625 0.326171875 0.028787914062499996 0.326171875 0.031818221875000004 0.3251953125 0.033333375 0.3193359375 0.033333375 0.3154296875 0.0272727609375 0.2861328125 0.0272727609375 0.2841796875 0.030303067187499998 0.2783203125 0.030303067187499998 0.2763671875 0.0272727609375 0.2724609375 0.0272727609375 0.2705078125 0.0242424546875 0.2666015625 0.0242424546875 0.2646484375 0.021212146874999997 0.2509765625 0.021212146874999997 0.2490234375 0.018181840625 0.244140625 0.0257576078125 0.244140625 0.028787914062499996 0.2431640625 0.030303067187499998 0.2333984375 0.030303067187499998 0.2314453125 0.0272727609375 0.2255859375 0.0272727609375 0.2236328125 0.0242424546875 0.2060546875 0.0242424546875 0.2041015625 0.0272727609375 0.1982421875 0.0272727609375 0.1962890625 0.030303067187499998 0.1923828125 0.030303067187499998 0.1904296875 0.033333375 0.1884765625 0.033333375 0.1865234375 0.03636368125 0.1806640625 0.03636368125 0.1787109375 0.033333375 0.1767578125 0.033333375 0.1748046875 0.030303067187499998 0.1728515625 0.030303067187499998 0.1708984375 0.0272727609375 0.1572265625 0.0272727609375 0.1552734375 0.030303067187499998 0.1455078125 0.030303067187499998 0.1416015625 0.03636368125 0.1337890625 0.03636368125 0.1318359375 0.033333375 0.1240234375 0.033333375 0.1220703125 0.030303067187499998 0.1201171875 0.030303067187499998 0.1181640625 0.0272727609375 0.1142578125 0.0272727609375 0.1123046875 0.0242424546875 0.1103515625 0.0242424546875 0.107421875 0.028787914062499996 0.107421875 0.034848528125 0.1044921875 0.0393939875 0.1025390625 0.0393939875 0.1005859375 0.0424242953125 0.0986328125 0.0424242953125 0.0966796875 0.0393939875 0.0888671875 0.0393939875 0.0849609375 0.033333375 0.0810546875 0.033333375 0.078125 0.037878834374999996 0.078125 0.0439394484375 0.0771484375 0.0454546015625 0.0634765625 0.0454546015625 0.0615234375 0.0424242953125 0.0537109375 0.0424242953125 0.0517578125 0.0393939875 0.0498046875 0.0393939875 0.0478515625 0.03636368125 0.0458984375 0.0393939875 0.0419921875 0.0393939875 0.041015625 0.040909140625 0.041015625 0.05303036875 0.04296875 0.056060675000000004 0.04296875 0.06818190156250001 0.0390625 0.074242515625 0.0390625 0.11060619687499999 0.041015625 0.113636503125 0.041015625 0.1166668109375 0.0390625 0.11969711718750001 0.0390625 0.12272742343750001 0.03515625 0.1287880375 0.03515625 0.1560607984375 0.037109375 0.15909110625 0.037109375 0.17121233281249998 0.0390625 0.17424263906249998 0.0390625 0.180303253125 0.041015625 0.183333559375 0.041015625 0.186363865625 0.04296875 0.1893941734375 0.04296875 0.19545478593750001 0.03515625 0.20757601406249998 0.03515625 0.22272754843749998 0.037109375 0.2257578546875 0.037109375 0.23181846875 0.04296875 0.24090938906249998 0.04296875 0.253030615625 0.0390625 0.25606092187499996 0.0390625 0.259091228125 0.037109375 0.2621215359375 0.037109375 0.2651518421875 0.03515625 0.2681821484375 0.03515625 0.27727307031250004 0.033203125 0.2803033765625 0.033203125 0.28333368281250004 0.03515625 0.286363990625 0.03515625 0.3015155234375 0.0380859375 0.306060984375 0.0400390625 0.306060984375 0.041015625 0.3075761375 0.041015625 0.31060644375 0.04296875 0.3136367515625 0.04296875 0.3196973640625 0.037109375 0.32878828437499996 0.037109375 0.3378792046875 0.03515625 0.3409095109375 0.03515625 0.34393981875 0.037109375 0.346970125 0.037109375 0.36212165937499996 0.0400390625 0.36666711875 0.0419921875 0.36666711875 0.04296875 0.3681822734375 0.04296875 0.37727319375 0.037109375 0.3863641140625 0.037109375 0.3924247265625 0.03515625 0.39545503437499996 0.03515625 0.40757626093750005 0.037109375 0.4106065671875 0.037109375 0.4136368734375 0.04296875 0.42272779531250004 0.04296875 0.43181871562499996 0.0390625 0.437879328125 0.0390625 0.4439399421875 0.037109375 0.44697024843750005 0.037109375 0.4530308625 0.0390625 0.45606116874999997 0.037109375 0.45909147656249993 0.037109375 0.4651520890625 0.044921875 0.477273315625 0.044921875 0.4863642375 0.0390625 0.4954551578125 0.0390625 0.52272791875 0.041015625 0.5257582249999999 0.041015625 0.5378794515624999 0.044921875 0.543940065625 0.044921875 0.5590916 0.04296875 0.56212190625 0.04296875 0.5651522124999999 0.041015625 0.5681825203125 0.041015625 0.5863643609375 0.04296875 0.5893946671875 0.04296875 0.59545528125 0.046875 0.60151589375 0.046875 0.6106068140625001 0.041015625 0.6196977343750001 0.041015625 0.6287886546875 0.0390625 0.6318189624999999 0.0390625 0.6621220296875 0.041015625 0.6651523359375 0.041015625 0.66818264375 0.046875 0.6772735640625 0.046875 0.6863644843750001 0.041015625 0.6954554046875 0.04296875 0.6984857109375 0.04296875 0.7015160171875 0.041015625 0.704546325 0.04296875 0.70757663125 0.04296875 0.7196978578125 0.044921875 0.722728165625 0.044921875 0.7257584718750001 0.046875 0.728788778125 0.046875 0.7378796984375 0.044921875 0.74091000625 0.044921875 0.74697061875 0.04296875 0.7500009265625 0.04296875 0.7863646078125 0.044921875 0.7893949140625 0.044921875 0.7924252203125 0.046875 0.795455528125 0.046875 0.8106070609374999 0.04296875 0.816667675 0.044921875 0.81969798125 0.044921875 0.85000105 0.046875 0.85303135625 0.046875 0.8681828906250001 0.044921875 0.8712131968750001 0.044921875 0.874243503125 0.04296875 0.8772738109375 0.04296875 0.8893950374999999 0.044921875 0.89242534375 0.044921875 0.8954556515625001 0.04296875 0.8984859578125001 0.04296875 0.9015162640625001 0.044921875 0.904546571875 0.044921875 0.9136374921874999 0.048828125 0.9196981046875001 0.048828125 0.9227284125 0.05078125 0.92575871875 0.048828125 0.928789025 0.048828125 0.9318193328125 0.046875 0.9348496390625 0.046875 0.940910253125 0.044921875 0.9439405593749999 0.044921875 0.9621223999999999 0.046875 0.9651527062499999 0.046875 0.9681830140625 0.0478515625 0.9696981671874999 0.0576171875 0.9696981671874999 0.0654296875 0.957576940625 0.0712890625 0.957576940625 0.0732421875 0.960607246875 0.0966796875 0.960607246875 0.0986328125 0.957576940625 0.1064453125 0.957576940625 0.1083984375 0.960607246875 0.1162109375 0.960607246875 0.1181640625 0.963637553125 0.1396484375 0.963637553125 0.1416015625 0.960607246875 0.1455078125 0.960607246875 0.1474609375 0.957576940625 0.1494140625 0.960607246875 0.1513671875 0.960607246875 0.1552734375 0.966667859375 0.1845703125 0.966667859375 0.1865234375 0.963637553125 0.2060546875 0.963637553125 0.2080078125 0.960607246875 0.2158203125 0.960607246875 0.2177734375 0.957576940625 0.2197265625 0.957576940625 0.2216796875 0.9515163265625001 0.2294921875 0.9515163265625001 0.2333984375 0.957576940625 0.2373046875 0.957576940625 0.2392578125 0.960607246875 0.2568359375 0.960607246875 0.2587890625 0.957576940625 0.2685546875 0.957576940625 0.2744140625 0.966667859375 0.2880859375 0.966667859375 0.2900390625 0.963637553125 0.2939453125 0.963637553125 0.2958984375 0.960607246875 0.3037109375 0.960607246875 0.3076171875 0.966667859375 0.3095703125 0.966667859375 0.3115234375 0.9696981671874999 0.3134765625 0.966667859375 0.3232421875 0.966667859375 0.3251953125 0.9696981671874999 0.3291015625 0.9696981671874999 0.3310546875 0.966667859375 0.3330078125 0.966667859375 0.3349609375 0.963637553125 0.3427734375 0.963637553125 0.3447265625 0.966667859375 0.3466796875 0.966667859375 0.3486328125 0.9696981671874999 0.3564453125 0.9696981671874999 0.3583984375 0.9727284734375001 0.3603515625 0.9696981671874999 0.3623046875 0.9696981671874999 0.3642578125 0.9727284734375001 0.365234375 0.9712133203125 0.3662109375 0.9696981671874999 0.3720703125 0.9696981671874999 0.3740234375 0.966667859375 0.3759765625 0.966667859375
