1 0.05625 0.94921875 0.053125 0.0421875
2 0.2 0.96015625 0.025 0.0140625
2 0.253125 0.95859375 0.021875 0.015625
2 0.3234375 0.95859375 0.0234375 0.015625
2 0.38046875 0.96015625 0.040625 0.0140625
2 0.43359375 0.96015625 0.0234375 0.0125
2 0.4890625 0.95703125 0.025 0.0140625
2 0.55703125 0.9578125 0.025 0.015625
2 0.6125 0.9546875 0.025 0.0140625
2 0.6875 0.953125 0.028125 0.015625
2 0.73984375 0.95546875 0.021875 0.0140625
2 0.80703125 0.95390625 0.028125 0.0125
2 0.86875 0.9546875 0.021875 0.0125
2 0.92734375 0.9515625 0.0203125 0.0171875
2 0.9671875 0.89453125 0.0203125 0.0140625
2 0.96953125 0.85078125 0.01875 0.015625
2 0.96796875 0.81640625 0.025 0.015625
2 0.965625 0.771875 0.028125 0.01875
2 0.96640625 0.734375 0.01875 0.0125
2 0.96875 0.6984375 0.0203125 0.021875
2 0.97109375 0.6140625 0.021875 0.01875
2 0.96484375 0.58046875 0.025 0.01875
2 0.96953125 0.53046875 0.034375 0.0234375
2 0.965625 0.5 0.015625 0.015625
2 0.9625 0.45546875 0.021875 0.021875
2 0.96796875 0.40546875 0.021875 0.0203125
2 0.9578125 0.38125 0.009375 0.00625
2 0.96328125 0.3265625 0.028125 0.01875
2 0.96171875 0.24140625 0.0203125 0.01875
2 0.95625 0.19140625 0.01875 0.01875
2 0.9578125 0.15703125 0.015625 0.01875
2 0.9546875 0.11015625 0.01875 0.015625
2 0.02890625 0.08125 0.025 0.021875
2 0.0265625 0.12109375 0.021875 0.025
2 0.0234375 0.16875 0.0171875 0.01875
2 0.028125 0.20546875 0.0265625 0.01875
2 0.02578125 0.334375 0.025 0.01875
2 0.0234375 0.36640625 0.01875 0.021875
2 0.02890625 0.41875 0.025 0.0234375
2 0.02734375 0.46484375 0.021875 0.0171875
2 0.03125 0.51015625 0.028125 0.021875
2 0.0296875 0.55 0.025 0.0203125
2 0.03125 0.5953125 0.025 0.0171875
2 0.0359375 0.63515625 0.025 0.01875
2 0.03125 0.67734375 0.028125 0.01875
2 0.025 0.7203125 0.03125 0.021875
2 0.0296875 0.7609375 0.03125 0.0203125
2 0.034375 0.81640625 0.028125 0.01875
2 0.03671875 0.8625 0.021875 0.0171875
2 0.040625 0.9015625 0.021875 0.0234375
2 0.9640625 0.93125 0.025 0.0140625
0 0.3644121359375 0 0.049304678125 0.009981665625 0.0353982296875 0.012629864062500001 0.019279393750000002 0.03422285625 0.013906446875 0.0490935015625 0.0211757265625 0.797107353125 0.0388748421875 0.9250356484375001 0.0451959546875 0.9380729265625 0.0597345125 0.9551843546875001 0.0666877375 0.9588510890625 0.08470290781249999 0.96170299375 0.14981036718750002 0.9669993890624999 0.30056889999999997 0.967406803125 0.9734513281250001 0.9651660218749999 1 0.96048075 0.9993678890625001 0.03727846875 0.99051833125 0.0230189453125 0.9712389375000001 0 0.3644121359375 0
