0 0.5140625 0.5046875 0.9484375 0.9703125
2 0.0546875 0.084375 0.01640625 0.02421875
2 0.0625 0.30625 0.015625 0.0265625
2 0.05625 0.52890625 0.0109375 0.0203125
2 0.05859375 0.5984375 0.01328125 0.01875
2 0.05078125 0.75078125 0.015625 0.02265625
2 0.046875 0.81953125 0.01484375 0.02265625
2 0.0734375 0.940625 0.0140625 0.015625
2 0.09921875 0.93984375 0.01328125 0.02265625
2 0.15234375 0.953125 0.01640625 0.02109375
2 0.27890625 0.965625 0.01875 0.02109375
2 0.36640625 0.96328125 0.015625 0.02265625
2 0.44140625 0.96484375 0.01796875 0.01875
2 0.496875 0.965625 0.0140625 0.01796875
2 0.52265625 0.9640625 0.015625 0.01796875
2 0.5546875 0.965625 0.01640625 0.015625
2 0.6375 0.97109375 0.01328125 0.01484375
2 0.7671875 0.97265625 0.01484375 0.01875
2 0.85234375 0.97734375 0.01796875 0.0203125
2 0.97109375 0.71640625 0.01328125 0.02421875
2 0.96484375 0.0703125 0.01640625 0.0296875
2 0.9203125 0.071875 0.0140625 0.02265625
2 0.809375 0.0703125 0.0140625 0.015625
