0 0.5125 0.49765625 0.946875 0.9671875
2 0.05 0.91484375 0.0125 0.0234375
2 0.04921875 0.828125 0.015625 0.0203125
2 0.04921875 0.76796875 0.01875 0.0171875
2 0.05546875 0.6953125 0.01875 0.0265625
2 0.0453125 0.5421875 0.0125 0.0265625
2 0.05234375 0.46796875 0.015625 0.021875
2 0.05546875 0.4 0.01875 0.0296875
2 0.04921875 0.31953125 0.01875 0.0265625
2 0.04921875 0.2484375 0.0125 0.0265625
2 0.071875 0.05078125 0.0140625 0.025
2 0.09921875 0.05234375 0.0140625 0.021875
2 0.15234375 0.0421875 0.0125 0.01875
2 0.20078125 0.03515625 0.0125 0.0171875
2 0.228125 0.03125 0.0140625 0.0203125
2 0.2546875 0.03203125 0.0125 0.0171875
2 0.2796875 0.03515625 0.015625 0.021875
2 0.36328125 0.034375 0.015625 0.0234375
2 0.44140625 0.03125 0.0125 0.0203125
2 0.49453125 0.0328125 0.0140625 0.01875
2 0.521875 0.03515625 0.0125 0.0171875
2 0.553125 0.034375 0.015625 0.01875
2 0.60234375 0.03359375 0.0125 0.01875
2 0.634375 0.02890625 0.0125 0.015625
2 0.6609375 0.028125 0.0140625 0.0203125
2 0.684375 0.0296875 0.015625 0.021875
2 0.76640625 0.0328125 0.015625 0.025
2 0.85078125 0.03046875 0.015625 0.0203125
2 0.95625 0.940625 0.0125 0.028125
2 0.8796875 0.946875 0.0125 0.021875
2 0.91328125 0.94375 0.021875 0.0296875
