0 0.51171875 0.50390625 0.94609375 0.97265625
2 0.2046875 0.03203125 0.01328125 0.02578125
2 0.28359375 0.03203125 0.01796875 0.02265625
2 0.63046875 0.040625 0.01640625 0.01875
2 0.67265625 0.046875 0.01328125 0.01875
2 0.79609375 0.05625 0.01328125 0.01875
2 0.825 0.05078125 0.0125 0.01796875
2 0.87265625 0.04921875 0.0140625 0.02265625
2 0.9078125 0.05625 0.01015625 0.02109375
2 0.978125 0.359375 0.01171875 0.02734375
2 0.975 0.43046875 0.0140625 0.0234375
2 0.975 0.48984375 0.0078125 0.02578125
2 0.97109375 0.70859375 0.009375 0.0265625
2 0.971875 0.76484375 0.01328125 0.02265625
2 0.84609375 0.98203125 0.015625 0.01796875
2 0.7671875 0.98046875 0.01328125 0.015625
2 0.60234375 0.97890625 0.0140625 0.0171875
2 0.4953125 0.98046875 0.0140625 0.0171875
2 0.52265625 0.98046875 0.01484375 0.01796875
2 0.5515625 0.97890625 0.01328125 0.015625
2 0.04921875 0.6828125 0.01171875 0.0203125
2 0.0515625 0.60703125 0.0109375 0.02265625
2 0.0515625 0.31640625 0.01328125 0.0265625
2 0.046875 0.2390625 0.0140625 0.0234375
2 0.04609375 0.17578125 0.0140625 0.02421875
2 0.05 0.09375 0.00859375 0.02265625
