2 0.1 0.959375 0.021875 0.0234375
2 0.0375 0.89453125 0.0171875 0.0203125
2 0.04296875 0.81796875 0.0171875 0.03125
2 0.04453125 0.76640625 0.01875 0.025
2 0.0390625 0.69921875 0.01875 0.0203125
2 0.04140625 0.6390625 0.0171875 0.0265625
2 0.0421875 0.5328125 0.015625 0.0265625
2 0.04296875 0.465625 0.0140625 0.021875
2 0.04453125 0.40625 0.021875 0.0203125
2 0.0515625 0.325 0.0203125 0.034375
2 0.04609375 0.20625 0.0140625 0.0296875
1 0.06015625 0.0703125 0.046875 0.065625
2 0.22265625 0.05390625 0.01875 0.0265625
2 0.26484375 0.0453125 0.015625 0.021875
2 0.29921875 0.03828125 0.01875 0.0265625
2 0.3828125 0.04375 0.025 0.021875
2 0.41328125 0.04765625 0.01875 0.0203125
2 0.5390625 0.04765625 0.0171875 0.0234375
2 0.1375 0.959375 0.021875 0.0328125
2 0.18359375 0.9609375 0.028125 0.0265625
2 0.32421875 0.9671875 0.021875 0.021875
2 0.36171875 0.9671875 0.025 0.034375
2 0.40390625 0.96796875 0.021875 0.0296875
2 0.5375 0.9671875 0.021875 0.021875
2 0.58515625 0.9640625 0.021875 0.0328125
2 0.66640625 0.96640625 0.025 0.0296875
2 0.71171875 0.9640625 0.021875 0.0265625
2 0.75078125 0.96484375 0.021875 0.028125
2 0.7984375 0.96484375 0.025 0.028125
0 0.3720703125 0.039392753125 0.37109375 0.0378776 0.3701171875 0.036362446874999996 0.3427734375 0.036362446874999996 0.3408203125 0.039392753125 0.3349609375 0.039392753125 0.3330078125 0.036362446874999996 0.3056640625 0.036362446874999996 0.3017578125 0.042423059375 0.2998046875 0.042423059375 0.2978515625 0.045453367187499996 0.2958984375 0.042423059375 0.2919921875 0.042423059375 0.2900390625 0.039392753125 0.2861328125 0.039392753125 0.2841796875 0.036362446874999996 0.2822265625 0.039392753125 0.2744140625 0.039392753125 0.2666015625 0.0515139796875 0.2392578125 0.0515139796875 0.2373046875 0.0545442875 0.2314453125 0.0545442875 0.2294921875 0.05757459375 0.2275390625 0.05757459375 0.2255859375 0.060604899999999996 0.2216796875 0.060604899999999996 0.2197265625 0.05757459375 0.2177734375 0.05757459375 0.2158203125 0.0545442875 0.2138671875 0.0545442875 0.2119140625 0.0515139796875 0.1962890625 0.0515139796875 0.1943359375 0.0484836734375 0.1904296875 0.0484836734375 0.1884765625 0.0515139796875 0.1572265625 0.0515139796875 0.1552734375 0.0484836734375 0.1123046875 0.0484836734375 0.1103515625 0.0515139796875 0.0732421875 0.0515139796875 0.0625 0.0681806671875 0.0625 0.071210975 0.0546875 0.0833322015625 0.0546875 0.089392815625 0.052734375 0.092423121875 0.052734375 0.09545342812499999 0.0517578125 0.09696858281250001 0.0498046875 0.09696858281250001 0.046875 0.1015140421875 0.046875 0.1106049625 0.044921875 0.11363526875 0.044921875 0.1378777234375 0.046875 0.1409080296875 0.046875 0.1530292578125 0.044921875 0.1560595640625 0.044921875 0.1590898703125 0.04296875 0.162120178125 0.04296875 0.18030201875000001 0.041015625 0.18333232500000002 0.041015625 0.18939293906250002 0.044921875 0.1954535515625 0.044921875 0.198483859375 0.046875 0.201514165625 0.046875 0.2136353921875 0.04296875 0.21969600625000002 0.04296875 0.234847540625 0.041015625 0.23787784687500002 0.041015625 0.2469687671875 0.04296875 0.2499990734375 0.04296875 0.25605968749999997 0.044921875 0.25908999375 0.044921875 0.2651506078125 0.046875 0.2681809140625 0.046875 0.3015142890625 0.048828125 0.3045445953125 0.048828125 0.313635515625 0.05078125 0.3166658234375 0.05078125 0.3196961296875 0.052734375 0.3227264359375 0.052734375 0.33181735625000003 0.044921875 0.34393858437499997 0.044921875 0.3530295046875 0.04296875 0.3560598109375 0.04296875 0.36212042499999997 0.041015625 0.36515073125 0.041015625 0.38636287812500003 0.0390625 0.3893931859375 0.0390625 0.3954537984375 0.0419921875 0.399999259375 0.0439453125 0.399999259375 0.046875 0.40454471875 0.046875 0.4106053328125 0.041015625 0.419696253125 0.041015625 0.4257568671875 0.0390625 0.4287871734375 0.0390625 0.4409084 0.041015625 0.4439387078125 0.041015625 0.449999321875 0.0439453125 0.45454478125 0.0458984375 0.45454478125 0.048828125 0.459090240625 0.048828125 0.46212054843750006 0.046875 0.4651508546875 0.046875 0.47121146875 0.044921875 0.47424177500000003 0.044921875 0.4833326953125 0.04296875 0.48636300156249995 0.04296875 0.5045448421875001 0.044921875 0.50757515 0.044921875 0.5196963765625 0.046875 0.522726684375 0.046875 0.5348479109375 0.041015625 0.54393883125 0.041015625 0.5742418984375 0.04296875 0.5772722046875 0.04296875 0.5863631265625 0.041015625 0.5893934328125 0.041015625 0.5924237390625 0.0390625 0.595454046875 0.0390625 0.6045449656249999 0.037109375 0.6075752734375001 0.037109375 0.62272680625 0.0400390625 0.6272722671875 0.0419921875 0.6272722671875 0.044921875 0.6318177265625 0.044921875 0.640908646875 0.0390625 0.6499995671875001 0.0390625 0.674242021875 0.041015625 0.677272328125 0.041015625 0.6833329421875 0.044921875 0.68939355625 0.044921875 0.7015147828125 0.0390625 0.7106057031249999 0.0390625 0.743939078125 0.041015625 0.746969384375 0.041015625 0.7499996906249999 0.048828125 0.76212091875 0.048828125 0.76818153125 0.046875 0.7712118390625 0.046875 0.7742421453125 0.044921875 0.7772724515625 0.044921875 0.780302759375 0.04296875 0.783333065625 0.04296875 0.7984846 0.044921875 0.8015149062500001 0.044921875 0.8075755203125 0.046875 0.8106058265625 0.046875 0.813636134375 0.048828125 0.8166664406249999 0.048828125 0.8227270531249999 0.046875 0.8257573609375 0.046875 0.8287876671875001 0.041015625 0.8378785875 0.041015625 0.84090889375 0.0390625 0.8439392015625 0.0390625 0.8499998140624999 0.037109375 0.8530301218749999 0.037109375 0.8772725765624999 0.04296875 0.886363496875 0.04296875 0.8954544156249999 0.041015625 0.8984847234375 0.041015625 0.9045453359375 0.0390625 0.9075756437500001 0.0390625 0.9257574843749999 0.041015625 0.9287877906249999 0.041015625 0.9318180984375 0.0478515625 0.942424171875 0.0498046875 0.942424171875 0.0517578125 0.945454478125 0.0537109375 0.945454478125 0.0556640625 0.948484784375 0.0595703125 0.948484784375 0.0615234375 0.9515150921875 0.0634765625 0.9515150921875 0.0654296875 0.9545453984375 0.0673828125 0.9545453984375 0.0693359375 0.9575757046875 0.0712890625 0.9575757046875 0.0732421875 0.9545453984375 0.0791015625 0.9545453984375 0.080078125 0.9560605515624999 0.078125 0.9590908593749999 0.0791015625 0.9606060125000001 0.0869140625 0.9606060125000001 0.0888671875 0.9545453984375 0.0966796875 0.9545453984375 0.0986328125 0.9515150921875 0.1005859375 0.9515150921875 0.1025390625 0.9545453984375 0.1064453125 0.9545453984375 0.1103515625 0.9606060125000001 0.1298828125 0.9606060125000001 0.1318359375 0.9575757046875 0.1337890625 0.9575757046875 0.1357421875 0.9545453984375 0.1376953125 0.9545453984375 0.1396484375 0.9575757046875 0.1416015625 0.9575757046875 0.1435546875 0.9606060125000001 0.1552734375 0.9606060125000001 0.1572265625 0.9636363187500001 0.1728515625 0.9636363187500001 0.1748046875 0.9606060125000001 0.1806640625 0.9606060125000001 0.1826171875 0.9575757046875 0.1845703125 0.9575757046875 0.1865234375 0.9606060125000001 0.1884765625 0.9606060125000001 0.1923828125 0.966666625 0.1982421875 0.966666625 0.2001953125 0.9696969328125 0.2236328125 0.9696969328125 0.2255859375 0.966666625 0.2451171875 0.966666625 0.2470703125 0.9696969328125 0.2646484375 0.9696969328125 0.2666015625 0.9727272390625 0.2724609375 0.9727272390625 0.2744140625 0.9696969328125 0.2783203125 0.9696969328125 0.2802734375 0.966666625 0.2822265625 0.966666625 0.2841796875 0.9696969328125 0.2998046875 0.9696969328125 0.3017578125 0.966666625 0.3173828125 0.966666625 0.3212890625 0.9606060125000001 0.3310546875 0.9606060125000001 0.3330078125 0.9636363187500001 0.3505859375 0.9636363187500001 0.3525390625 0.9606060125000001 0.3564453125 0.9606060125000001 0.3583984375 0.9575757046875 0.3603515625 0.9575757046875 0.3623046875 0.9545453984375 0.3662109375 0.9545453984375 0.3681640625 0.9575757046875 0.3701171875 0.9575757046875 0.3740234375 0.9636363187500001 0.3818359375 0.9636363187500001 0.3837890625 0.9606060125000001 0.3896484375 0.9606060125000001 0.3916015625 0.9636363187500001 0.3974609375 0.9636363187500001 0.4013671875 0.9575757046875 0.4111328125 0.9575757046875 0.4150390625 0.9636363187500001 0.4677734375 0.9636363187500001 0.4697265625 0.966666625 0.4794921875 0.966666625 0.4814453125 0.9636363187500001 0.4833984375 0.9636363187500001 0.4873046875 0.9575757046875 0.4951171875 0.9575757046875 0.4970703125 0.9606060125000001 0.5009765625 0.9606060125000001 0.5029296875 0.9636363187500001 0.5302734375 0.9636363187500001 0.5322265625 0.9606060125000001 0.5361328125 0.9606060125000001 0.5380859375 0.9575757046875 0.5400390625 0.9575757046875 0.5419921875 0.9606060125000001 0.5439453125 0.9606060125000001 0.5478515625 0.966666625 0.5615234375 0.966666625 0.5634765625 0.9696969328125 0.5712890625 0.9696969328125 0.5732421875 0.966666625 0.5751953125 0.966666625 0.576171875 0.965151471875 0.576171875 0.962121165625 0.5771484375 0.9606060125000001 0.5791015625 0.9606060125000001 0.5810546875 0.9575757046875 0.5830078125 0.9575757046875 0.5849609375 0.9606060125000001 0.5869140625 0.9606060125000001 0.5908203125 0.966666625 0.5927734375 0.966666625 0.5947265625 0.9696969328125 0.6103515625 0.9696969328125 0.6123046875 0.9727272390625 0.6357421875 0.9727272390625 0.6376953125 0.9696969328125 0.6396484375 0.9696969328125 0.6416015625 0.966666625 0.6435546875 0.9696969328125 0.6572265625 0.9696969328125 0.66015625 0.965151471875 0.66015625 0.962121165625 0.6611328125 0.9606060125000001 0.6630859375 0.9606060125000001 0.6650390625 0.9575757046875 0.6689453125 0.9575757046875 0.671875 0.962121165625 0.671875 0.965151471875 0.6728515625 0.966666625 0.6748046875 0.966666625 0.6767578125 0.9696969328125 0.6826171875 0.9696969328125 0.6845703125 0.966666625 0.6884765625 0.966666625 0.6904296875 0.9696969328125 0.7001953125 0.9696969328125 0.7021484375 0.966666625 0.7060546875 0.966666625 0.7080078125 0.9636363187500001 0.7177734375 0.9636363187500001 0.7197265625 0.966666625 0.7236328125 0.966666625 0.7255859375 0.9696969328125 0.7314453125 0.9696969328125 0.7333984375 0.966666625 0.7392578125 0.966666625 0.7451171875 0.9575757046875 0.7490234375 0.9575757046875 0.7509765625 0.9545453984375 0.7548828125 0.9545453984375 0.7626953125 0.966666625 0.7646484375 0.966666625 0.7666015625 0.9696969328125 0.7880859375 0.9696969328125 0.7958984375 0.9575757046875 0.7998046875 0.9575757046875 0.8037109375 0.9636363187500001 0.8056640625 0.9636363187500001 0.8076171875 0.966666625 0.8330078125 0.966666625 0.8349609375 0.9636363187500001 0.8408203125 0.9636363187500001 0.8427734375 0.966666625 0.8720703125 0.966666625 0.8740234375 0.9636363187500001 0.8759765625 0.9636363187500001 0.8779296875 0.9606060125000001 0.8837890625 0.9606060125000001 0.8876953125 0.966666625 0.8935546875 0.966666625 0.8955078125 0.9696969328125 0.9150390625 0.9696969328125 0.9169921875 0.966666625 0.9248046875 0.966666625 0.9267578125 0.9696969328125 0.9287109375 0.9696969328125 0.9306640625 0.9727272390625 0.9580078125 0.9727272390625 0.9609375 0.9681817781250001 0.9609375 0.965151471875 0.9619140625 0.9636363187500001 0.9638671875 0.9636363187500001 0.9658203125 0.9606060125000001 0.9677734375 0.9606060125000001 0.970703125 0.9560605515624999 0.970703125 0.9075756437500001 0.97265625 0.9045453359375 0.97265625 0.83484828125 0.970703125 0.8318179734375001 0.970703125 0.8257573609375 0.96875 0.8227270531249999 0.96875 0.8196967468749999 0.970703125 0.8166664406249999 0.970703125 0.765151225 0.97265625 0.76212091875 0.97265625 0.7530299984375 0.970703125 0.7499996906249999 0.970703125 0.743939078125 0.97265625 0.740908771875 0.97265625 0.7196966234375 0.974609375 0.7166663171875001 0.974609375 0.6803026359375 0.97265625 0.677272328125 0.97265625 0.6318177265625 0.970703125 0.6287874203125 0.970703125 0.5772722046875 0.97265625 0.5742418984375 0.97265625 0.5651509781249999 0.974609375 0.562120671875 0.974609375 0.5530297515625 0.97265625 0.54999944375 0.97265625 0.5045448421875001 0.974609375 0.5015145359375001 0.974609375 0.495453921875 0.97265625 0.49242361562500003 0.97265625 0.47121146875 0.970703125 0.4681811609375 0.970703125 0.4439387078125 0.96875 0.4409084 0.96875 0.3378779703125 0.966796875 0.3348476640625 0.966796875 0.3166658234375 0.96484375 0.313635515625 0.96484375 0.31060520937499997 0.962890625 0.307574903125 0.962890625 0.3015142890625 0.96484375 0.2984839828125 0.96484375 0.29242336875 0.966796875 0.28939306249999996 0.966796875 0.234847540625 0.96484375 0.23181723281250002 0.96484375 0.22575662031250002 0.962890625 0.2227263125 0.962890625 0.2106050859375 0.9609375 0.2075747796875 0.9609375 0.198483859375 0.95703125 0.1924232453125 0.95703125 0.18939293906250002 0.955078125 0.18636263125000002 0.955078125 0.1742414046875 0.95703125 0.1712110984375 0.95703125 0.165150484375 0.958984375 0.162120178125 0.958984375 0.1560595640625 0.9609375 0.1530292578125 0.9609375 0.14999895000000002 0.962890625 0.14696864375000002 0.962890625 0.1409080296875 0.96484375 0.1378777234375 0.96484375 0.12575649687499998 0.962890625 0.12272618906249999 0.962890625 0.11666557656250001 0.9609375 0.11363526875 0.9609375 0.10757465625 0.96484375 0.1015140421875 0.96484375 0.092423121875 0.966796875 0.089392815625 0.966796875 0.0863625078125 0.96484375 0.0833322015625 0.96484375 0.0651503609375 0.9619140625 0.060604899999999996 0.9599609375 0.060604899999999996 0.9580078125 0.05757459375 0.9541015625 0.05757459375 0.9521484375 0.0545442875 0.9404296875 0.0545442875 0.9384765625 0.0515139796875 0.9228515625 0.0515139796875 0.9208984375 0.0484836734375 0.9150390625 0.0484836734375 0.9130859375 0.045453367187499996 0.8916015625 0.045453367187499996 0.8896484375 0.0515139796875 0.8798828125 0.0515139796875 0.8779296875 0.0484836734375 0.8369140625 0.0484836734375 0.8349609375 0.045453367187499996 0.8310546875 0.045453367187499996 0.8291015625 0.042423059375 0.8134765625 0.042423059375 0.8095703125 0.0484836734375 0.8017578125 0.0484836734375 0.7998046875 0.045453367187499996 0.7900390625 0.045453367187499996 0.7880859375 0.0484836734375 0.7724609375 0.0484836734375 0.7705078125 0.045453367187499996 0.7685546875 0.045453367187499996 0.7666015625 0.0484836734375 0.7626953125 0.0484836734375 0.7607421875 0.0515139796875 0.7548828125 0.0515139796875 0.7529296875 0.0484836734375 0.7509765625 0.0484836734375 0.7490234375 0.045453367187499996 0.7412109375 0.045453367187499996 0.7392578125 0.042423059375 0.7119140625 0.042423059375 0.7099609375 0.045453367187499996 0.6767578125 0.045453367187499996 0.6748046875 0.0484836734375 0.6728515625 0.0484836734375 0.6708984375 0.045453367187499996 0.6689453125 0.045453367187499996 0.6669921875 0.042423059375 0.6494140625 0.042423059375 0.6474609375 0.045453367187499996 0.6298828125 0.045453367187499996 0.6259765625 0.0515139796875 0.6025390625 0.0515139796875 0.6005859375 0.0484836734375 0.5986328125 0.0484836734375 0.5966796875 0.0515139796875 0.5908203125 0.0515139796875 0.5888671875 0.0484836734375 0.5869140625 0.0484836734375 0.5849609375 0.045453367187499996 0.5478515625 0.045453367187499996 0.5458984375 0.0484836734375 0.5439453125 0.0484836734375 0.5419921875 0.0515139796875 0.5400390625 0.0515139796875 0.5380859375 0.0484836734375 0.5361328125 0.0484836734375 0.5322265625 0.042423059375 0.5009765625 0.042423059375 0.4990234375 0.045453367187499996 0.4970703125 0.045453367187499996 0.4951171875 0.0484836734375 0.4931640625 0.045453367187499996 0.4912109375 0.045453367187499996 0.4892578125 0.042423059375 0.4697265625 0.042423059375 0.4677734375 0.045453367187499996 0.4619140625 0.045453367187499996 0.4599609375 0.042423059375 0.4306640625 0.042423059375 0.4287109375 0.045453367187499996 0.4208984375 0.045453367187499996 0.4189453125 0.0484836734375 0.4150390625 0.0484836734375 0.4130859375 0.045453367187499996 0.4091796875 0.045453367187499996 0.4072265625 0.042423059375 0.3916015625 0.042423059375 0.3896484375 0.045453367187499996 0.3857421875 0.045453367187499996 0.3837890625 0.0484836734375 0.3818359375 0.045453367187499996 0.3779296875 0.045453367187499996 0.3740234375 0.039392753125 0.3720703125 0.039392753125
