1 0.05703125 0.05546875 0.0671875 0.04375
2 0.134375 0.0453125 0.0234375 0.0125
2 0.75 0.0375 0.028125 0.01875
2 0.67890625 0.03515625 0.0203125 0.0140625
2 0.51171875 0.0390625 0.021875 0.015625
2 0.44375 0.03984375 0.028125 0.015625
2 0.3125 0.04375 0.028125 0.015625
2 0.25859375 0.04296875 0.034375 0.015625
2 0.1921875 0.0421875 0.025 0.015625
2 0.95 0.096875 0.0265625 0.021875
2 0.95546875 0.13359375 0.01875 0.0125
2 0.9609375 0.1796875 0.0234375 0.015625
2 0.96640625 0.234375 0.028125 0.01875
2 0.9703125 0.2765625 0.0234375 0.0140625
2 0.96484375 0.31953125 0.0203125 0.01875
2 0.96171875 0.3609375 0.021875 0.0125
2 0.96328125 0.4015625 0.01875 0.015625
2 0.96640625 0.44765625 0.01875 0.015625
2 0.96640625 0.7921875 0.0171875 0.015625
2 0.96953125 0.8765625 0.0171875 0.01875
2 0.02890625 0.10390625 0.025 0.0140625
2 0.04140625 0.22578125 0.021875 0.01875
2 0.02890625 0.265625 0.0234375 0.0125
2 0.03046875 0.41796875 0.01875 0.015625
2 0.03046875 0.4671875 0.0140625 0.0171875
2 0.03515625 0.6234375 0.021875 0.015625
2 0.03671875 0.7078125 0.0140625 0.015625
2 0.03828125 0.75625 0.0171875 0.015625
0 0.0272715265625 0.3330078125 0.030301832812500002 0.3349609375 0.030301832812500002 0.3779296875 0.033332140625 0.3798828125 0.033332140625 0.3876953125 0.030301832812500002 0.3896484375 0.030301832812500002 0.4111328125 0.033332140625 0.4130859375 0.033332140625 0.4150390625 0.036362446874999996 0.4169921875 0.036362446874999996 0.4208984375 0.033332140625 0.4228515625 0.033332140625 0.4248046875 0.030301832812500002 0.4267578125 0.030301832812500002 0.4580078125 0.033332140625 0.4599609375 0.033332140625 0.4619140625 0.036362446874999996 0.4638671875 0.036362446874999996 0.4677734375 0.033332140625 0.4697265625 0.033332140625 0.4736328125 0.030301832812500002 0.4755859375 0.030301832812500002 0.4912109375 0.036362446874999996 0.4951171875 0.036362446874999996 0.5029296875 0.033332140625 0.5048828125 0.033332140625 0.5068359375 0.036362446874999996 0.5087890625 0.036362446874999996 0.5166015625 0.039392753125 0.5185546875 0.036362446874999996 0.5205078125 0.036362446874999996 0.5224609375 0.039392753125 0.5244140625 0.036362446874999996 0.5263671875 0.036362446874999996 0.5341796875 0.039392753125 0.5361328125 0.039392753125 0.5380859375 0.042423059375 0.5400390625 0.042423059375 0.5439453125 0.039392753125 0.5458984375 0.039392753125 0.5966796875 0.036362446874999996 0.5986328125 0.036362446874999996 0.6005859375 0.033332140625 0.6025390625 0.033332140625 0.6142578125 0.039392753125 0.6181640625 0.039392753125 0.6201171875 0.042423059375 0.6220703125 0.042423059375 0.6240234375 0.039392753125 0.6259765625 0.039392753125 0.6279296875 0.036362446874999996 0.6298828125 0.036362446874999996 0.6474609375 0.039392753125 0.6494140625 0.039392753125 0.6708984375 0.042423059375 0.6728515625 0.042423059375 0.6748046875 0.039392753125 0.6767578125 0.039392753125 0.6787109375 0.036362446874999996 0.6806640625 0.036362446874999996 0.7001953125 0.039392753125 0.7021484375 0.039392753125 0.7099609375 0.036362446874999996 0.7119140625 0.036362446874999996 0.7138671875 0.033332140625 0.7158203125 0.033332140625 0.7470703125 0.042423059375 0.7529296875 0.042423059375 0.7548828125 0.045453367187499996 0.7568359375 0.042423059375 0.7587890625 0.042423059375 0.7607421875 0.039392753125 0.7626953125 0.039392753125 0.7783203125 0.042423059375 0.7802734375 0.042423059375 0.7998046875 0.045453367187499996 0.8017578125 0.045453367187499996 0.8134765625 0.042423059375 0.8154296875 0.042423059375 0.8349609375 0.045453367187499996 0.8369140625 0.045453367187499996 0.8466796875 0.042423059375 0.8486328125 0.042423059375 0.8662109375 0.039392753125 0.8681640625 0.039392753125 0.8701171875 0.042423059375 0.8720703125 0.042423059375 0.8798828125 0.0515139796875 0.8857421875 0.0515139796875 0.8916015625 0.0484836734375 0.8935546875 0.0484836734375 0.9169921875 0.0515139796875 0.9189453125 0.0515139796875 0.9248046875 0.0484836734375 0.9267578125 0.0484836734375 0.9287109375 0.045453367187499996 0.9306640625 0.045453367187499996 0.9443359375 0.0484836734375 0.9462890625 0.0484836734375 0.9541015625 0.0515139796875 0.9560546875 0.0515139796875 0.9599609375 0.059089746875 0.96484375 0.0651503609375 0.96484375 0.0681806671875 0.962890625 0.09848373593750001 0.962890625 0.1015140421875 0.9609375 0.12575649687499998 0.9609375 0.128786803125 0.958984375 0.1530292578125 0.958984375 0.1560595640625 0.95703125 0.1590898703125 0.958984375 0.1712110984375 0.958984375 0.1742414046875 0.95703125 0.18333232500000002 0.95703125 0.18636263125000002 0.958984375 0.1924232453125 0.958984375 0.1954535515625 0.9609375 0.2136353921875 0.9609375 0.2166657 0.962890625 0.2287869265625 0.962890625 0.23181723281250002 0.96484375 0.2499990734375 0.96484375 0.25302938125 0.966796875 0.25908999375 0.966796875 0.2621203015625 0.96484375 0.29242336875 0.96484375 0.29545367499999997 0.962890625 0.307574903125 0.962890625 0.31060520937499997 0.96484375 0.313635515625 0.96484375 0.3166658234375 0.966796875 0.3742416515625 0.966796875 0.377271959375 0.96875 0.4015144125 0.96875 0.40454471875 0.966796875 0.4348477875 0.966796875 0.43787809375000003 0.96875 0.4409084 0.96875 0.4439387078125 0.966796875 0.4681811609375 0.966796875 0.47121146875 0.96875 0.49242361562500003 0.96875 0.495453921875 0.970703125 0.5469691375 0.970703125 0.54999944375 0.96875 0.5530297515625 0.970703125 0.5560600578125 0.96875 0.5803025125 0.96875 0.58333281875 0.966796875 0.6287874203125 0.966796875 0.6318177265625 0.96875 0.634848034375 0.96875 0.637878340625 0.966796875 0.65606018125 0.966796875 0.6590904890625 0.96484375 0.6712117156249999 0.96484375 0.674242021875 0.966796875 0.68939355625 0.966796875 0.6924238625 0.96875 0.7378784640625 0.96875 0.740908771875 0.966796875 0.7742421453125 0.966796875 0.7772724515625 0.96484375 0.780302759375 0.96484375 0.783333065625 0.966796875 0.786363371875 0.96484375 0.8257573609375 0.96484375 0.8287876671875001 0.966796875 0.8833331890625 0.966796875 0.886363496875 0.96484375 0.892424109375 0.96484375 0.8954544156249999 0.962890625 0.9015150296875 0.962890625 0.9045453359375 0.9609375 0.9196968703125 0.9609375 0.9227271765625 0.958984375 0.9257574843749999 0.9609375 0.9287877906249999 0.9609375 0.9318180984375 0.962890625 0.9499999390625 0.962890625 0.9530302453124999 0.96484375 0.9560605515624999 0.962890625 0.9590908593749999 0.962890625 0.9757575453125 0.9521484375 0.9757575453125 0.9248046875 0.9727272390625 0.9228515625 0.9727272390625 0.9208984375 0.9696969328125 0.9189453125 0.9696969328125 0.9169921875 0.966666625 0.9150390625 0.966666625 0.9111328125 0.9696969328125 0.9091796875 0.9696969328125 0.9072265625 0.9727272390625 0.9052734375 0.9727272390625 0.8896484375 0.9696969328125 0.8876953125 0.9696969328125 0.8857421875 0.9636363187500001 0.8818359375 0.9636363187500001 0.8798828125 0.9606060125000001 0.8779296875 0.9606060125000001 0.8740234375 0.9696969328125 0.8681640625 0.9696969328125 0.8662109375 0.9727272390625 0.8642578125 0.9727272390625 0.8603515625 0.9757575453125 0.8583984375 0.9757575453125 0.8486328125 0.9727272390625 0.8466796875 0.9727272390625 0.8427734375 0.9757575453125 0.8408203125 0.9757575453125 0.8388671875 0.966666625 0.8330078125 0.966666625 0.8271484375 0.9727272390625 0.8232421875 0.9727272390625 0.8173828125 0.9696969328125 0.8154296875 0.9696969328125 0.7998046875 0.9606060125000001 0.7939453125 0.9606060125000001 0.7900390625 0.9696969328125 0.7841796875 0.9696969328125 0.7744140625 0.9727272390625 0.7724609375 0.9727272390625 0.7607421875 0.9696969328125 0.7587890625 0.9696969328125 0.7548828125 0.9681817781250001 0.75390625 0.965151471875 0.75390625 0.9606060125000001 0.7509765625 0.9606060125000001 0.7431640625 0.9636363187500001 0.7412109375 0.9636363187500001 0.7392578125 0.966666625 0.7373046875 0.966666625 0.7333984375 0.9696969328125 0.7314453125 0.9696969328125 0.7197265625 0.966666625 0.7177734375 0.966666625 0.7138671875 0.9636363187500001 0.7119140625 0.9636363187500001 0.7041015625 0.966666625 0.7021484375 0.966666625 0.6982421875 0.9696969328125 0.6962890625 0.966666625 0.6943359375 0.966666625 0.6728515625 0.9636363187500001 0.6708984375 0.9636363187500001 0.6669921875 0.9606060125000001 0.6650390625 0.9606060125000001 0.6591796875 0.9636363187500001 0.6572265625 0.9636363187500001 0.6552734375 0.966666625 0.6533203125 0.966666625 0.6279296875 0.9696969328125 0.6259765625 0.966666625 0.6240234375 0.966666625 0.6123046875 0.9636363187500001 0.6103515625 0.9636363187500001 0.6005859375 0.9606060125000001 0.5986328125 0.9606060125000001 0.5830078125 0.9575757046875 0.5810546875 0.9575757046875 0.5771484375 0.9606060125000001 0.5751953125 0.9606060125000001 0.5732421875 0.966666625 0.5693359375 0.966666625 0.5537109375 0.9636363187500001 0.5517578125 0.9636363187500001 0.5400390625 0.9606060125000001 0.5380859375 0.9606060125000001 0.5361328125 0.9575757046875 0.5341796875 0.9575757046875 0.5302734375 0.9606060125000001 0.5283203125 0.9606060125000001 0.5263671875 0.9636363187500001 0.5244140625 0.9636363187500001 0.4951171875 0.9575757046875 0.4912109375 0.9575757046875 0.4833984375 0.9606060125000001 0.4814453125 0.9606060125000001 0.4794921875 0.9636363187500001 0.4775390625 0.9636363187500001 0.4736328125 0.9606060125000001 0.4716796875 0.9606060125000001 0.4619140625 0.9636363187500001 0.4599609375 0.9636363187500001 0.4560546875 0.9606060125000001 0.4541015625 0.9606060125000001 0.4443359375 0.966666625 0.4404296875 0.966666625 0.4384765625 0.9696969328125 0.4365234375 0.9696969328125 0.4130859375 0.966666625 0.4111328125 0.966666625 0.4091796875 0.965151471875 0.408203125 0.962121165625 0.408203125 0.9575757046875 0.4052734375 0.9575757046875 0.3974609375 0.9636363187500001 0.3935546875 0.9636363187500001 0.3896484375 0.966666625 0.3876953125 0.9636363187500001 0.3857421875 0.966666625 0.3837890625 0.966666625 0.3701171875 0.965151471875 0.369140625 0.962121165625 0.369140625 0.9545453984375 0.3642578125 0.9545453984375 0.3564453125 0.9575757046875 0.3544921875 0.9575757046875 0.3525390625 0.9636363187500001 0.3486328125 0.9636363187500001 0.3291015625 0.9606060125000001 0.3271484375 0.9606060125000001 0.3251953125 0.9575757046875 0.3232421875 0.9575757046875 0.3154296875 0.962121165625 0.3125 0.965151471875 0.3125 0.9696969328125 0.3095703125 0.9696969328125 0.2900390625 0.9727272390625 0.2880859375 0.9606060125000001 0.2802734375 0.9606060125000001 0.2744140625 0.966666625 0.2705078125 0.966666625 0.2646484375 0.9696969328125 0.2626953125 0.9696969328125 0.2529296875 0.966666625 0.2509765625 0.966666625 0.2451171875 0.9606060125000001 0.2412109375 0.9606060125000001 0.2392578125 0.9575757046875 0.2373046875 0.9575757046875 0.2353515625 0.9606060125000001 0.2333984375 0.9606060125000001 0.2314453125 0.9727272390625 0.2236328125 0.9727272390625 0.2041015625 0.9696969328125 0.2021484375 0.9696969328125 0.1982421875 0.966666625 0.1962890625 0.966666625 0.1923828125 0.9545453984375 0.1845703125 0.9545453984375 0.1826171875 0.9515150921875 0.1806640625 0.9515150921875 0.1767578125 0.9545453984375 0.1748046875 0.9545453984375 0.1572265625 0.9575757046875 0.1552734375 0.9575757046875 0.1455078125 0.9545453984375 0.1435546875 0.9545453984375 0.1416015625 0.9515150921875 0.1396484375 0.9515150921875 0.1259765625 0.9545453984375 0.1240234375 0.9545453984375 0.1064453125 0.945454478125 0.1005859375 0.945454478125 0.0927734375 0.9515150921875 0.0888671875 0.9515150921875 0.0869140625 0.9545453984375 0.0849609375 0.9545453984375 0.0673828125 0.9515150921875 0.0654296875 0.9515150921875 0.0634765625 0.945454478125 0.0595703125 0.945454478125 0.0576171875 0.9393938640625 0.0537109375 0.9393938640625 0.0458984375 0.9348484046875001 0.04296875 0.9318180984375 0.04296875 0.9287877906249999 0.041015625 0.9257574843749999 0.041015625 0.9227271765625 0.0390625 0.9196968703125 0.0390625 0.9166665640625 0.037109375 0.892424109375 0.037109375 0.889393803125 0.03515625 0.886363496875 0.03515625 0.8833331890625 0.037109375 0.8803028828125001 0.037109375 0.8772725765624999 0.0390625 0.87424226875 0.0390625 0.8712119625 0.037109375 0.86818165625 0.037109375 0.8651513484375 0.03515625 0.8318179734375001 0.03515625 0.8287876671875001 0.037109375 0.8196967468749999 0.037109375 0.8166664406249999 0.0390625 0.813636134375 0.0390625 0.8106058265625 0.041015625 0.8075755203125 0.041015625 0.8045452140625 0.04296875 0.8015149062500001 0.04296875 0.7984846 0.041015625 0.79545429375 0.041015625 0.7924239859375 0.0390625 0.7772724515625 0.0390625 0.7742421453125 0.037109375 0.7712118390625 0.037109375 0.76818153125 0.0390625 0.7590906109375 0.0390625 0.7530299984375 0.04296875 0.746969384375 0.04296875 0.743939078125 0.041015625 0.740908771875 0.041015625 0.7393936171875 0.0400390625 0.7393936171875 0.0380859375 0.7348481578125 0.03515625 0.7318178515625 0.03515625 0.72878754375 0.033203125 0.7227269296875 0.033203125 0.7196966234375 0.03125 0.7045450890625 0.03125 0.7015147828125 0.033203125 0.6924238625 0.033203125 0.6833329421875 0.0390625 0.6803026359375 0.0390625 0.677272328125 0.041015625 0.674242021875 0.0390625 0.6712117156249999 0.0390625 0.6651511015625 0.03515625 0.6439389546875 0.03515625 0.640908646875 0.037109375 0.6318177265625 0.037109375 0.6257571140625 0.041015625 0.62272680625 0.041015625 0.6196965 0.04296875 0.6136358859375 0.04296875 0.6106055796875001 0.041015625 0.6045449656249999 0.041015625 0.601514659375 0.0390625 0.58333281875 0.0390625 0.5803025125 0.041015625 0.5590903640625 0.041015625 0.5530297515625 0.037109375 0.531817603125 0.037109375 0.5257569906249999 0.041015625 0.522726684375 0.041015625 0.5196963765625 0.04296875 0.5045448421875001 0.04296875 0.49848422968749995 0.0390625 0.47121146875 0.0390625 0.4681811609375 0.037109375 0.456059934375 0.037109375 0.45454478125 0.0380859375 0.45454478125 0.0400390625 0.44696901406249995 0.044921875 0.4348477875 0.044921875 0.4287871734375 0.041015625 0.4136356390625 0.041015625 0.4106053328125 0.04296875 0.4015144125 0.04296875 0.39848410625 0.044921875 0.3954537984375 0.044921875 0.3924234921875 0.046875 0.380302265625 0.046875 0.377271959375 0.044921875 0.3712113453125 0.044921875 0.3681810375 0.04296875 0.346968890625 0.04296875 0.34393858437499997 0.041015625 0.3227264359375 0.041015625 0.3181809765625 0.0439453125 0.3181809765625 0.0458984375 0.3166658234375 0.046875 0.3045445953125 0.046875 0.29545367499999997 0.041015625 0.274241528125 0.041015625 0.271211221875 0.04296875 0.2681809140625 0.04296875 0.2651506078125 0.044921875 0.2499990734375 0.044921875 0.2484839203125 0.0439453125 0.2484839203125 0.0400390625 0.2469687671875 0.0390625 0.2227263125 0.0390625 0.21969600625000002 0.037109375 0.2166657 0.0390625 0.201514165625 0.0390625 0.19999901250000002 0.0400390625 0.19999901250000002 0.0419921875 0.1924232453125 0.046875 0.18636263125000002 0.046875 0.18333232500000002 0.044921875 0.1772717109375 0.044921875 0.1742414046875 0.04296875 0.165150484375 0.04296875 0.162120178125 0.041015625 0.1590898703125 0.041015625 0.1560595640625 0.04296875 0.1439383375 0.04296875 0.1378777234375 0.046875 0.12575649687499998 0.046875 0.12272618906249999 0.044921875 0.11666557656250001 0.044921875 0.11363526875 0.04296875 0.0833322015625 0.04296875 0.07878674218750001 0.0458984375 0.07878674218750001 0.0478515625 0.07424128125 0.05078125 0.071210975 0.05078125 0.0681806671875 0.052734375 0.059089746875 0.052734375 0.056059440625 0.0546875 0.053029134374999995 0.0546875 0.0515139796875 0.0556640625 0.0515139796875 0.0576171875 0.0499988265625 0.05859375 0.0469685203125 0.05859375 0.042423059375 0.0615234375 0.042423059375 0.0634765625 0.039392753125 0.0654296875 0.039392753125 0.0693359375 0.033332140625 0.0732421875 0.033332140625 0.0986328125 0.036362446874999996 0.1005859375 0.033332140625 0.1025390625 0.033332140625 0.1044921875 0.030301832812500002 0.1064453125 0.030301832812500002 0.1083984375 0.0272715265625 0.1103515625 0.0272715265625 0.1298828125 0.030301832812500002 0.1318359375 0.030301832812500002 0.1416015625 0.033332140625 0.1435546875 0.033332140625 0.1513671875 0.030301832812500002 0.1533203125 0.030301832812500002 0.1552734375 0.033332140625 0.1572265625 0.033332140625 0.1748046875 0.036362446874999996 0.1767578125 0.036362446874999996 0.1826171875 0.033332140625 0.1845703125 0.033332140625 0.1982421875 0.036362446874999996 0.2001953125 0.036362446874999996 0.2080078125 0.039392753125 0.2099609375 0.039392753125 0.2177734375 0.042423059375 0.2197265625 0.042423059375 0.2275390625 0.039392753125 0.2294921875 0.039392753125 0.2314453125 0.036362446874999996 0.2333984375 0.036362446874999996 0.2392578125 0.033332140625 0.2412109375 0.033332140625 0.2587890625 0.036362446874999996 0.2607421875 0.036362446874999996 0.2666015625 0.0272715265625 0.2724609375 0.0272715265625 0.2783203125 0.0242412203125 0.2802734375 0.0242412203125 0.2900390625 0.0257563734375 0.291015625 0.0272715265625 0.2919921875 0.0272715265625 0.2939453125 0.030301832812500002 0.2958984375 0.030301832812500002 0.3076171875 0.0272715265625 0.3095703125 0.0272715265625 0.3330078125
