2 0.046875 0.0578125 0.0140625 0.02109375
2 0.0421875 0.109375 0.01328125 0.025
2 0.04375 0.1859375 0.0125 0.01796875
2 0.04609375 0.2375 0.015625 0.028125
2 0.0421875 0.309375 0.01328125 0.0234375
2 0.04375 0.3671875 0.01640625 0.02421875
2 0.0453125 0.475 0.01328125 0.0265625
2 0.0453125 0.6 0.015625 0.02421875
2 0.046875 0.675 0.01484375 0.0265625
2 0.0453125 0.79609375 0.01328125 0.025
2 0.04765625 0.91875 0.0140625 0.0234375
2 0.06484375 0.9546875 0.01328125 0.0171875
2 0.22578125 0.95703125 0.0140625 0.02421875
2 0.26328125 0.96171875 0.01484375 0.021875
2 0.29921875 0.96640625 0.0171875 0.01875
2 0.384375 0.96796875 0.01328125 0.02109375
2 0.41796875 0.96640625 0.01640625 0.0125
2 0.540625 0.96640625 0.01328125 0.015625
2 0.62265625 0.96640625 0.0140625 0.015625
2 0.67265625 0.96796875 0.0171875 0.01484375
2 0.06640625 0.0328125 0.01484375 0.0171875
2 0.1078125 0.03125 0.01484375 0.015625
2 0.246875 0.02265625 0.01640625 0.015625
2 0.2890625 0.025 0.015625 0.01875
2 0.32890625 0.0265625 0.0140625 0.02109375
2 0.3703125 0.02890625 0.01328125 0.0203125
2 0.49921875 0.02890625 0.01953125 0.021875
2 0.5421875 0.028125 0.0171875 0.02109375
2 0.6734375 0.0328125 0.0140625 0.02109375
2 0.75703125 0.034375 0.01328125 0.0203125
2 0.80234375 0.034375 0.01640625 0.01796875
0 0.9248046875 0.966667859375 0.9521484375 0.966667859375 0.9541015625 0.963637553125 0.9580078125 0.963637553125 0.958984375 0.9621223999999999 0.958984375 0.9560617859375 0.9609375 0.9530314796875 0.9609375 0.92575871875 0.958984375 0.9227284125 0.958984375 0.9196981046875001 0.95703125 0.9166677984374999 0.958984375 0.9136374921874999 0.958984375 0.910607184375 0.95703125 0.907576878125 0.95703125 0.904546571875 0.958984375 0.9015162640625001 0.958984375 0.8984859578125001 0.95703125 0.8954556515625001 0.95703125 0.8803041171875 0.958984375 0.8772738109375 0.95703125 0.874243503125 0.95703125 0.8439404359375 0.958984375 0.8409101296875001 0.958984375 0.831819209375 0.9609375 0.8287889015625 0.9609375 0.8075767546874999 0.962890625 0.8045464484375 0.962890625 0.795455528125 0.96484375 0.7924252203125 0.96484375 0.7742433796875 0.966796875 0.7712130734375 0.966796875 0.765152459375 0.96875 0.762122153125 0.96875 0.7348493921875 0.966796875 0.7318190859375 0.966796875 0.704546325 0.96875 0.7015160171875 0.96875 0.6954554046875 0.970703125 0.692425096875 0.970703125 0.6712129499999999 0.97265625 0.66818264375 0.970703125 0.6651523359375 0.970703125 0.613637121875 0.96875 0.6106068140625001 0.96875 0.6075765078125 0.970703125 0.6045462015624999 0.970703125 0.5924249734375 0.96875 0.5893946671875 0.970703125 0.5863643609375 0.970703125 0.5651522124999999 0.97265625 0.56212190625 0.97265625 0.5318188390625 0.970703125 0.52878853125 0.970703125 0.5257582249999999 0.97265625 0.52272791875 0.97265625 0.5166673046875 0.974609375 0.5136369984375 0.974609375 0.437879328125 0.97265625 0.434849021875 0.97265625 0.42272779531250004 0.974609375 0.4196974875 0.974609375 0.3196973640625 0.9765625 0.31666705781250004 0.9765625 0.27727307031250004 0.974609375 0.2742427625 0.974609375 0.253030615625 0.97265625 0.250000309375 0.97265625 0.23484877499999998 0.970703125 0.23181846875 0.970703125 0.219697240625 0.97265625 0.216666934375 0.97265625 0.19545478593750001 0.974609375 0.1924244796875 0.974609375 0.183333559375 0.9765625 0.180303253125 0.9765625 0.146969878125 0.974609375 0.143939571875 0.974609375 0.13181834375 0.97265625 0.1287880375 0.97265625 0.12272742343750001 0.970703125 0.11969711718750001 0.970703125 0.0954546640625 0.97265625 0.09242435624999999 0.97265625 0.074242515625 0.974609375 0.071212209375 0.974609375 0.0651515953125 0.9765625 0.062121289062499994 0.9765625 0.0500000609375 0.9736328125 0.0454546015625 0.9716796875 0.0454546015625 0.9697265625 0.0424242953125 0.9677734375 0.0424242953125 0.9658203125 0.0393939875 0.9404296875 0.0393939875 0.9384765625 0.0424242953125 0.9345703125 0.0424242953125 0.9326171875 0.0393939875 0.9306640625 0.0424242953125 0.9208984375 0.0424242953125 0.9189453125 0.0393939875 0.9169921875 0.0393939875 0.9150390625 0.03636368125 0.8974609375 0.03636368125 0.8955078125 0.0393939875 0.8935546875 0.0393939875 0.8896484375 0.0454546015625 0.8876953125 0.0454546015625 0.8857421875 0.0424242953125 0.8720703125 0.0424242953125 0.8701171875 0.0393939875 0.8603515625 0.0393939875 0.8583984375 0.0424242953125 0.8466796875 0.0424242953125 0.8447265625 0.0393939875 0.8369140625 0.0393939875 0.8349609375 0.03636368125 0.8291015625 0.03636368125 0.8271484375 0.033333375 0.8154296875 0.033333375 0.8134765625 0.03636368125 0.8095703125 0.03636368125 0.8076171875 0.0393939875 0.8056640625 0.0393939875 0.8037109375 0.0424242953125 0.8017578125 0.0424242953125 0.7998046875 0.0393939875 0.7978515625 0.0393939875 0.7939453125 0.033333375 0.7900390625 0.033333375 0.7880859375 0.030303067187499998 0.7666015625 0.030303067187499998 0.765625 0.031818221875000004 0.765625 0.034848528125 0.7607421875 0.0424242953125 0.7529296875 0.0424242953125 0.7490234375 0.03636368125 0.7255859375 0.03636368125 0.7236328125 0.0393939875 0.7177734375 0.0393939875 0.7158203125 0.03636368125 0.7119140625 0.03636368125 0.7109375 0.034848528125 0.7109375 0.031818221875000004 0.7080078125 0.0272727609375 0.7041015625 0.0272727609375 0.7021484375 0.0242424546875 0.6943359375 0.0242424546875 0.6923828125 0.0272727609375 0.6826171875 0.0272727609375 0.681640625 0.028787914062499996 0.681640625 0.031818221875000004 0.6787109375 0.03636368125 0.6767578125 0.03636368125 0.6748046875 0.0393939875 0.6708984375 0.0393939875 0.6669921875 0.033333375 0.6572265625 0.033333375 0.6552734375 0.030303067187499998 0.6533203125 0.030303067187499998 0.6513671875 0.033333375 0.6474609375 0.033333375 0.6455078125 0.03636368125 0.6416015625 0.03636368125 0.6396484375 0.033333375 0.6376953125 0.033333375 0.6357421875 0.030303067187499998 0.6044921875 0.030303067187499998 0.6025390625 0.033333375 0.5986328125 0.033333375 0.5966796875 0.03636368125 0.5947265625 0.03636368125 0.5927734375 0.0393939875 0.5888671875 0.0393939875 0.5869140625 0.03636368125 0.5712890625 0.03636368125 0.5693359375 0.033333375 0.5478515625 0.033333375 0.5439453125 0.0393939875 0.5419921875 0.0393939875 0.5380859375 0.033333375 0.5244140625 0.033333375 0.5224609375 0.0272727609375 0.5107421875 0.0272727609375 0.5068359375 0.033333375 0.5029296875 0.033333375 0.5009765625 0.03636368125 0.4951171875 0.03636368125 0.4931640625 0.033333375 0.4892578125 0.033333375 0.4873046875 0.030303067187499998 0.4677734375 0.030303067187499998 0.4658203125 0.033333375 0.4638671875 0.033333375 0.4619140625 0.03636368125 0.4541015625 0.03636368125 0.4521484375 0.033333375 0.4482421875 0.033333375 0.4462890625 0.03636368125 0.4189453125 0.03636368125 0.4169921875 0.0393939875 0.4130859375 0.0393939875 0.4111328125 0.03636368125 0.4091796875 0.03636368125 0.4072265625 0.033333375 0.3994140625 0.033333375 0.3974609375 0.030303067187499998 0.3955078125 0.030303067187499998 0.3935546875 0.033333375 0.3798828125 0.033333375 0.3779296875 0.03636368125 0.3740234375 0.03636368125 0.3720703125 0.0393939875 0.3701171875 0.0393939875 0.36328125 0.028787914062499996 0.36328125 0.0227273015625 0.3603515625 0.018181840625 0.3427734375 0.018181840625 0.3408203125 0.021212146874999997 0.3388671875 0.021212146874999997 0.337890625 0.0227273015625 0.337890625 0.0257576078125 0.3359375 0.028787914062499996 0.3359375 0.031818221875000004 0.3349609375 0.033333375 0.3330078125 0.033333375 0.3310546875 0.03636368125 0.3271484375 0.03636368125 0.3212890625 0.0272727609375 0.2958984375 0.0272727609375 0.2939453125 0.030303067187499998 0.2919921875 0.030303067187499998 0.2900390625 0.033333375 0.2880859375 0.030303067187499998 0.2841796875 0.030303067187499998 0.28125 0.0257576078125 0.28125 0.0227273015625 0.2783203125 0.018181840625 0.2626953125 0.018181840625 0.2607421875 0.021212146874999997 0.2568359375 0.021212146874999997 0.25390625 0.0257576078125 0.25390625 0.028787914062499996 0.2529296875 0.030303067187499998 0.2490234375 0.030303067187499998 0.2470703125 0.033333375 0.2451171875 0.033333375 0.2431640625 0.030303067187499998 0.2373046875 0.030303067187499998 0.2353515625 0.033333375 0.2236328125 0.033333375 0.2216796875 0.030303067187499998 0.2001953125 0.030303067187499998 0.1962890625 0.03636368125 0.1884765625 0.03636368125 0.1865234375 0.033333375 0.1826171875 0.033333375 0.1806640625 0.030303067187499998 0.1572265625 0.030303067187499998 0.1552734375 0.0272727609375 0.1513671875 0.033333375 0.1416015625 0.033333375 0.1376953125 0.0272727609375 0.1181640625 0.0272727609375 0.1123046875 0.03636368125 0.1103515625 0.03636368125 0.1083984375 0.0393939875 0.1064453125 0.03636368125 0.1025390625 0.03636368125 0.1005859375 0.030303067187499998 0.0810546875 0.030303067187499998 0.0791015625 0.033333375 0.0751953125 0.033333375 0.0732421875 0.03636368125 0.0712890625 0.03636368125 0.0673828125 0.0424242953125 0.0654296875 0.0424242953125 0.0634765625 0.0393939875 0.0615234375 0.0393939875 0.0595703125 0.03636368125 0.0556640625 0.03636368125 0.0537109375 0.0393939875 0.0478515625 0.0393939875 0.046875 0.040909140625 0.046875 0.0469697546875 0.048828125 0.0500000609375 0.048828125 0.062121289062499994 0.046875 0.0651515953125 0.046875 0.06818190156250001 0.044921875 0.071212209375 0.044921875 0.08939405 0.04296875 0.09242435624999999 0.044921875 0.0954546640625 0.044921875 0.10454558437499999 0.046875 0.10757589062499999 0.046875 0.1166668109375 0.0439453125 0.1212122703125 0.0419921875 0.1212122703125 0.0390625 0.12575773125 0.0390625 0.1560607984375 0.041015625 0.15909110625 0.041015625 0.1621214125 0.04296875 0.16515171875 0.04296875 0.17121233281249998 0.046875 0.177272946875 0.046875 0.180303253125 0.048828125 0.183333559375 0.048828125 0.1893941734375 0.044921875 0.19545478593750001 0.044921875 0.19848509375 0.04296875 0.20151539999999998 0.04296875 0.216666934375 0.044921875 0.219697240625 0.044921875 0.22272754843749998 0.046875 0.2257578546875 0.046875 0.22878816093749998 0.048828125 0.23181846875 0.048828125 0.2439396953125 0.0439453125 0.2515154625 0.0400390625 0.2515154625 0.0390625 0.253030615625 0.0390625 0.28939429687499996 0.04296875 0.2954549109375 0.04296875 0.2984852171875 0.046875 0.30454583125 0.046875 0.3136367515625 0.044921875 0.31666705781250004 0.044921875 0.3196973640625 0.0439453125 0.3212125171875 0.0419921875 0.3212125171875 0.041015625 0.322727671875 0.041015625 0.325757978125 0.0390625 0.32878828437499996 0.0390625 0.35000043281250004 0.046875 0.36212165937499996 0.046875 0.3742428859375 0.044921875 0.37727319375 0.044921875 0.38333380625 0.04296875 0.3863641140625 0.04296875 0.4106065671875 0.046875 0.41666718124999996 0.046875 0.4287884078125 0.044921875 0.43181871562499996 0.044921875 0.434849021875 0.04296875 0.437879328125 0.04296875 0.45909147656249993 0.046875 0.4651520890625 0.046875 0.46818239687499996 0.048828125 0.47121270312499997 0.048828125 0.4803036234375 0.0458984375 0.48484908281249994 0.0439453125 0.48484908281249994 0.04296875 0.4863642375 0.04296875 0.4954551578125 0.041015625 0.49848546406249994 0.041015625 0.504546078125 0.04296875 0.507576384375 0.04296875 0.5257582249999999 0.044921875 0.52878853125 0.044921875 0.5348491453124999 0.046875 0.5378794515624999 0.046875 0.5560612921875 0.04296875 0.56212190625 0.04296875 0.5863643609375 0.048828125 0.59545528125 0.048828125 0.6075765078125 0.04296875 0.616667428125 0.04296875 0.622728040625 0.041015625 0.6257583484375 0.041015625 0.656061415625 0.04296875 0.6590917234375 0.04296875 0.6621220296875 0.048828125 0.6712129499999999 0.048828125 0.67424325625 0.05078125 0.6772735640625 0.048828125 0.6803038703125 0.048828125 0.6833341765625 0.0478515625 0.6848493296875 0.0458984375 0.6848493296875 0.044921875 0.6863644843750001 0.044921875 0.689394790625 0.04296875 0.692425096875 0.04296875 0.7136372453125001 0.046875 0.7196978578125 0.046875 0.7378796984375 0.044921875 0.74091000625 0.044921875 0.7500009265625 0.04296875 0.7530312328125001 0.04296875 0.7681827671875 0.044921875 0.7712130734375 0.044921875 0.7742433796875 0.04296875 0.7772736874999999 0.044921875 0.78030399375 0.044921875 0.7863646078125 0.048828125 0.7924252203125 0.048828125 0.801516140625 0.04296875 0.8106070609374999 0.04296875 0.831819209375 0.044921875 0.834849515625 0.044921875 0.8439404359375 0.046875 0.8469707421875 0.046875 0.8621222765625 0.044921875 0.8651525828125 0.044921875 0.874243503125 0.04296875 0.8772738109375 0.04296875 0.904546571875 0.048828125 0.9136374921874999 0.048828125 0.9227284125 0.046875 0.92575871875 0.046875 0.928789025 0.044921875 0.9318193328125 0.044921875 0.9560617859375 0.0498046875 0.963637553125 0.0556640625 0.963637553125 0.0576171875 0.960607246875 0.0595703125 0.960607246875 0.0625 0.9560617859375 0.0625 0.9530314796875 0.0634765625 0.9515163265625001 0.0712890625 0.9515163265625001 0.0732421875 0.9545466328125001 0.0869140625 0.9545466328125001 0.0888671875 0.957576940625 0.0908203125 0.957576940625 0.0927734375 0.9545466328125001 0.0986328125 0.9545466328125001 0.1005859375 0.9515163265625001 0.1025390625 0.9515163265625001 0.1044921875 0.9545466328125001 0.1064453125 0.9545466328125001 0.1083984375 0.957576940625 0.1435546875 0.957576940625 0.1455078125 0.9545466328125001 0.1494140625 0.9545466328125001 0.1533203125 0.960607246875 0.1728515625 0.960607246875 0.1748046875 0.957576940625 0.1787109375 0.957576940625 0.1806640625 0.9545466328125001 0.1826171875 0.9545466328125001 0.1845703125 0.957576940625 0.2060546875 0.957576940625 0.2080078125 0.9545466328125001 0.2177734375 0.9545466328125001 0.2216796875 0.9484860203125001 0.2275390625 0.9484860203125001 0.228515625 0.9500011734375 0.228515625 0.9530314796875 0.2353515625 0.963637553125 0.2412109375 0.963637553125 0.2431640625 0.966667859375 0.2451171875 0.966667859375 0.2470703125 0.963637553125 0.2529296875 0.963637553125 0.2568359375 0.957576940625 0.2587890625 0.957576940625 0.2607421875 0.9545466328125001 0.2666015625 0.9545466328125001 0.2724609375 0.963637553125 0.2744140625 0.963637553125 0.2763671875 0.966667859375 0.2919921875 0.966667859375 0.2958984375 0.960607246875 0.3017578125 0.960607246875 0.3056640625 0.966667859375 0.3076171875 0.966667859375 0.3095703125 0.9696981671874999 0.3310546875 0.9696981671874999 0.3330078125 0.966667859375 0.3447265625 0.966667859375 0.3466796875 0.9696981671874999 0.3740234375 0.9696981671874999 0.3798828125 0.960607246875 0.3857421875 0.960607246875 0.3896484375 0.966667859375 0.3916015625 0.966667859375 0.3935546875 0.9696981671874999 0.4091796875 0.9696981671874999 0.4130859375 0.963637553125 0.4150390625 0.963637553125 0.4169921875 0.960607246875 0.4208984375 0.960607246875 0.4228515625 0.963637553125 0.4248046875 0.963637553125 0.4267578125 0.966667859375 0.4423828125 0.966667859375 0.4443359375 0.9696981671874999 0.4501953125 0.9696981671874999 0.4521484375 0.966667859375 0.4599609375 0.966667859375 0.4619140625 0.963637553125 0.4638671875 0.963637553125 0.4658203125 0.960607246875 0.4677734375 0.963637553125 0.4697265625 0.963637553125 0.4716796875 0.966667859375 0.4853515625 0.966667859375 0.4873046875 0.963637553125 0.4931640625 0.963637553125 0.4951171875 0.960607246875 0.5009765625 0.960607246875 0.5048828125 0.966667859375 0.5244140625 0.966667859375 0.5263671875 0.963637553125 0.5283203125 0.963637553125 0.5302734375 0.966667859375 0.5341796875 0.966667859375 0.5380859375 0.960607246875 0.5458984375 0.960607246875 0.546875 0.9621223999999999 0.546875 0.9651527062499999 0.5478515625 0.966667859375 0.5498046875 0.966667859375 0.5517578125 0.9696981671874999 0.5810546875 0.9696981671874999 0.5830078125 0.966667859375 0.5869140625 0.966667859375 0.5888671875 0.963637553125 0.5966796875 0.963637553125 0.5986328125 0.966667859375 0.6142578125 0.966667859375 0.6162109375 0.963637553125 0.6181640625 0.963637553125 0.6201171875 0.960607246875 0.6259765625 0.960607246875 0.6298828125 0.966667859375 0.6552734375 0.966667859375 0.6572265625 0.9696981671874999 0.6611328125 0.9696981671874999 0.6630859375 0.966667859375 0.6669921875 0.966667859375 0.6689453125 0.963637553125 0.6748046875 0.963637553125 0.6767578125 0.966667859375 0.6787109375 0.966667859375 0.6806640625 0.9696981671874999 0.6962890625 0.9696981671874999 0.6982421875 0.966667859375 0.7021484375 0.966667859375 0.7041015625 0.963637553125 0.7060546875 0.963637553125 0.7080078125 0.966667859375 0.7236328125 0.966667859375 0.7255859375 0.963637553125 0.7529296875 0.963637553125 0.7548828125 0.960607246875 0.7568359375 0.963637553125 0.7587890625 0.963637553125 0.7626953125 0.9696981671874999 0.7939453125 0.9696981671874999 0.7958984375 0.966667859375 0.7998046875 0.966667859375 0.8017578125 0.963637553125 0.8037109375 0.963637553125 0.8056640625 0.960607246875 0.8095703125 0.960607246875 0.8115234375 0.963637553125 0.8134765625 0.963637553125 0.8154296875 0.966667859375 0.8291015625 0.966667859375 0.8310546875 0.963637553125 0.8388671875 0.963637553125 0.8408203125 0.960607246875 0.8447265625 0.960607246875 0.845703125 0.9621223999999999 0.845703125 0.9651527062499999 0.8466796875 0.966667859375 0.8486328125 0.966667859375 0.8505859375 0.9696981671874999 0.8701171875 0.9696981671874999 0.8720703125 0.966667859375 0.8779296875 0.966667859375 0.8818359375 0.960607246875 0.8837890625 0.960607246875 0.8857421875 0.957576940625 0.8876953125 0.957576940625 0.890625 0.9621223999999999 0.890625 0.9651527062499999 0.8916015625 0.966667859375 0.9072265625 0.966667859375 0.9091796875 0.9696981671874999 0.9130859375 0.9696981671874999 0.9140625 0.9681830140625 0.9150390625 0.966667859375 0.9208984375 0.966667859375 0.9228515625 0.963637553125 0.9248046875 0.966667859375
