0 0.49375 0.48828125 0.9625 0.946875
2 0.91171875 0.94765625 0.025 0.01875
2 0.82578125 0.94921875 0.025 0.01875
2 0.68828125 0.93671875 0.0234375 0.015625
2 0.4640625 0.94296875 0.021875 0.009375
2 0.39765625 0.94140625 0.0234375 0.0140625
2 0.31796875 0.94921875 0.0234375 0.0140625
2 0.2453125 0.94921875 0.021875 0.015625
2 0.175 0.953125 0.025 0.0140625
2 0.0578125 0.92421875 0.021875 0.015625
2 0.059375 0.9 0.01875 0.0125
2 0.03515625 0.721875 0.0234375 0.015625
2 0.0375 0.6359375 0.025 0.015625
2 0.0375 0.559375 0.01875 0.015625
2 0.0328125 0.31640625 0.01875 0.015625
2 0.03203125 0.2328125 0.021875 0.015625
2 0.10390625 0.03515625 0.021875 0.0125
2 0.22421875 0.0296875 0.025 0.0125
2 0.92890625 0.1921875 0.021875 0.0125
2 0.92265625 0.08046875 0.015625 0.0125
