0 0.4890625 0.490625 0.9453125 0.9640625
2 0.7984375 0.95703125 0.0140625 0.01875
2 0.7203125 0.96015625 0.0171875 0.01875
2 0.675 0.96796875 0.01875 0.021875
2 0.328125 0.95078125 0.0125 0.021875
2 0.2515625 0.9484375 0.015625 0.01875
2 0.2046875 0.946875 0.0171875 0.021875
2 0.0953125 0.94765625 0.0171875 0.0203125
2 0.0515625 0.95078125 0.0125 0.028125
2 0.25703125 0.0265625 0.0125 0.0171875
2 0.22890625 0.025 0.01875 0.021875
2 0.33671875 0.01875 0.015625 0.0203125
2 0.63203125 0.01796875 0.015625 0.01875
2 0.9453125 0.3765625 0.0125 0.021875
2 0.95 0.44921875 0.015625 0.0234375
2 0.94765625 0.67109375 0.0171875 0.0265625
2 0.95546875 0.8078125 0.0125 0.0234375
