0 0.50625 0.48984375 0.965625 0.94375
2 0.0421875 0.92734375 0.021875 0.015625
2 0.034375 0.88515625 0.01875 0.0171875
2 0.03984375 0.7984375 0.01875 0.015625
2 0.0375 0.7203125 0.0203125 0.015625
2 0.05078125 0.1296875 0.0234375 0.015625
2 0.05703125 0.0953125 0.01875 0.0125
2 0.0546875 0.0515625 0.0265625 0.015625
2 0.071875 0.02421875 0.0296875 0.0140625
2 0.97890625 0.4765625 0.021875 0.015625
2 0.97890625 0.446875 0.0234375 0.015625
2 0.97734375 0.57890625 0.01875 0.015625
2 0.9796875 0.55703125 0.0171875 0.0125
2 0.97890625 0.6359375 0.015625 0.015625
2 0.978125 0.8484375 0.0203125 0.0171875
2 0.7671875 0.953125 0.025 0.0140625
2 0.69296875 0.9546875 0.025 0.0140625
2 0.6171875 0.9484375 0.0265625 0.0140625
2 0.32421875 0.95078125 0.0234375 0.0140625
2 0.2484375 0.95625 0.025 0.0140625
2 0.18359375 0.95625 0.03125 0.0140625
