1 0.93984375 0.05234375 0.0515625 0.071875
2 0.95546875 0.1171875 0.01875 0.034375
2 0.95625 0.1890625 0.0234375 0.0328125
2 0.95546875 0.24375 0.01875 0.03125
2 0.95546875 0.37265625 0.01875 0.034375
2 0.95703125 0.43046875 0.0171875 0.034375
2 0.95390625 0.4796875 0.015625 0.0328125
2 0.9546875 0.54921875 0.0171875 0.0328125
2 0.95234375 0.6015625 0.01875 0.03125
2 0.95234375 0.6796875 0.0171875 0.025
2 0.953125 0.73359375 0.015625 0.025
2 0.95234375 0.803125 0.015625 0.03125
2 0.95546875 0.85859375 0.015625 0.034375
2 0.9515625 0.92109375 0.0140625 0.0375
2 0.93046875 0.96015625 0.0125 0.021875
2 0.89765625 0.95703125 0.015625 0.025
2 0.8515625 0.9640625 0.015625 0.025
2 0.81796875 0.9609375 0.01875 0.021875
2 0.7734375 0.95546875 0.01875 0.025
2 0.615625 0.9671875 0.015625 0.025
2 0.5796875 0.9671875 0.01875 0.025
2 0.53125 0.96796875 0.0109375 0.0234375
2 0.50078125 0.96796875 0.021875 0.025
2 0.45625 0.965625 0.021875 0.028125
2 0.40625 0.9671875 0.0140625 0.021875
2 0.37578125 0.96484375 0.01875 0.0203125
2 0.1921875 0.96171875 0.01875 0.021875
2 0.11171875 0.9625 0.0140625 0.028125
2 0.89609375 0.034375 0.01875 0.028125
2 0.85546875 0.02890625 0.0171875 0.021875
2 0.81328125 0.0296875 0.025 0.03125
2 0.75390625 0.0234375 0.021875 0.03125
2 0.715625 0.02421875 0.01875 0.028125
2 0.671875 0.0234375 0.0234375 0.03125
2 0.63046875 0.03125 0.015625 0.028125
2 0.590625 0.028125 0.0203125 0.025
2 0.54296875 0.0296875 0.01875 0.021875
2 0.50625 0.0328125 0.01875 0.025
2 0.4609375 0.02890625 0.021875 0.021875
2 0.4109375 0.02734375 0.015625 0.0203125
2 0.325 0.03125 0.0171875 0.028125
2 0.36015625 0.0234375 0.015625 0.025
2 0.24375 0.028125 0.01875 0.025
2 0.19921875 0.03125 0.0265625 0.028125
2 0.1609375 0.02734375 0.015625 0.021875
2 0.1171875 0.03046875 0.01875 0.021875
2 0.0828125 0.03046875 0.015625 0.025
0 0.964147484375 0.26769911562500004 0.958443675 0.0752212390625 0.9566103078125 0.0622629578125 0.9502953765625 0.05025284375 0.924628234375 0.030657395312500002 0.786514565625 0.014222503124999999 0.0484823796875 0.019279393750000002 0.0380932984375 0.0211757265625 0.0323894890625 0.024336282812500002 0.021389284375 0.0372945640625 0.0187410875 0.04740834375 0.0148706453125 0.1400126421875 0.0293338765625 0.8486093546875001 0.0344265640625 0.9639696593749999 0.074149521875 0.9655499375 0.2748013859375 0.976611884375 0.7728661640625 0.97503160625 0.8828682015625 0.976611884375 0.9494805453125 0.9848293296874999 0.954369525 0.98135271875 0.9594622125000001 0.9740834390625001 0.96170299375 0.9620733250000001 0.964147484375 0.26769911562500004
