0 0.5109375 0.509375 0.9453125 0.9640625
2 0.2015625 0.04296875 0.01484375 0.01796875
2 0.2796875 0.03984375 0.0171875 0.01796875
2 0.325 0.03203125 0.01796875 0.02109375
2 0.671875 0.04921875 0.01328125 0.02109375
2 0.7484375 0.0515625 0.01640625 0.01796875
2 0.7953125 0.053125 0.0171875 0.02109375
2 0.9046875 0.05234375 0.01640625 0.0203125
2 0.9484375 0.04921875 0.01328125 0.02734375
2 0.74296875 0.9734375 0.0125 0.0171875
2 0.77109375 0.975 0.01796875 0.02265625
2 0.66328125 0.98125 0.015625 0.0203125
2 0.36796875 0.98203125 0.015625 0.01796875
2 0.0546875 0.6234375 0.01328125 0.02265625
2 0.05 0.55078125 0.01484375 0.0234375
2 0.05234375 0.32890625 0.0171875 0.0265625
2 0.04453125 0.1921875 0.01171875 0.02265625
