2 0.8234375 0.89765625 0.0234375 0.0125
2 0.76796875 0.89375 0.015625 0.009375
2 0.725 0.89453125 0.01875 0.0125
2 0.67109375 0.89765625 0.01875 0.0125
2 0.62734375 0.89765625 0.021875 0.0140625
2 0.5796875 0.89921875 0.021875 0.0125
2 0.540625 0.896875 0.0234375 0.0109375
2 0.48828125 0.8953125 0.015625 0.0125
2 0.44296875 0.89375 0.03125 0.015625
2 0.37734375 0.8921875 0.0203125 0.015625
2 0.33828125 0.89765625 0.0140625 0.009375
2 0.28359375 0.896875 0.01875 0.0125
2 0.2359375 0.8984375 0.01875 0.0109375
2 0.18671875 0.89375 0.025 0.0125
2 0.15703125 0.88046875 0.015625 0.009375
2 0.146875 0.44765625 0.0203125 0.015625
2 0.1484375 0.425 0.0171875 0.015625
2 0.1484375 0.38203125 0.0203125 0.0125
2 0.1421875 0.246875 0.0140625 0.0109375
2 0.25234375 0.14609375 0.021875 0.0125
2 0.8765625 0.175 0.01875 0.015625
2 0.87421875 0.21171875 0.021875 0.0171875
2 0.87578125 0.246875 0.021875 0.0125
2 0.87578125 0.2765625 0.0203125 0.0140625
2 0.87265625 0.315625 0.0171875 0.015625
2 0.8765625 0.34765625 0.015625 0.015625
2 0.87578125 0.38359375 0.01875 0.015625
2 0.87578125 0.45234375 0.01875 0.015625
2 0.8765625 0.48828125 0.0140625 0.0125
2 0.878125 0.6015625 0.0125 0.0140625
2 0.87890625 0.7765625 0.015625 0.015625
2 0.87734375 0.81640625 0.015625 0.015625
2 0.87421875 0.84375 0.0125 0.0203125
0 0.14453125 0.2353515625 0.14306640625 0.236328125 0.1416015625 0.2373046875 0.1416015625 0.2392578125 0.14453125 0.2412109375 0.14453125 0.2705078125 0.1474609375 0.2724609375 0.1474609375 0.3056640625 0.150390625 0.3076171875 0.150390625 0.3173828125 0.1474609375 0.3193359375 0.1474609375 0.3466796875 0.14453125 0.3486328125 0.14453125 0.3505859375 0.1474609375 0.3525390625 0.1474609375 0.3564453125 0.14453125 0.3583984375 0.14453125 0.3759765625 0.1474609375 0.3779296875 0.1474609375 0.3994140625 0.14453125 0.4013671875 0.14453125 0.4130859375 0.1474609375 0.4150390625 0.1474609375 0.4169921875 0.1533203125 0.4208984375 0.1533203125 0.4267578125 0.1474609375 0.4306640625 0.1474609375 0.4443359375 0.1533203125 0.4482421875 0.1533203125 0.4501953125 0.150390625 0.4521484375 0.150390625 0.4560546875 0.1474609375 0.4580078125 0.1474609375 0.4833984375 0.150390625 0.4853515625 0.150390625 0.4873046875 0.1533203125 0.4892578125 0.1533203125 0.4931640625 0.150390625 0.4951171875 0.150390625 0.5068359375 0.1474609375 0.5087890625 0.1474609375 0.5224609375 0.150390625 0.5244140625 0.150390625 0.5283203125 0.1474609375 0.5302734375 0.1474609375 0.5322265625 0.14453125 0.5341796875 0.14453125 0.5400390625 0.1474609375 0.5419921875 0.1474609375 0.5517578125 0.150390625 0.5537109375 0.1474609375 0.5556640625 0.1474609375 0.5634765625 0.150390625 0.5654296875 0.150390625 0.6005859375 0.1474609375 0.6025390625 0.1474609375 0.6123046875 0.150390625 0.6142578125 0.150390625 0.6240234375 0.1474609375 0.6259765625 0.1474609375 0.6279296875 0.14453125 0.6298828125 0.14453125 0.6650390625 0.1416015625 0.6669921875 0.1416015625 0.6728515625 0.14453125 0.6748046875 0.14453125 0.6826171875 0.150390625 0.6865234375 0.150390625 0.7099609375 0.15625 0.7138671875 0.15625 0.7333984375 0.1591796875 0.7353515625 0.1591796875 0.7451171875 0.1650390625 0.7490234375 0.1650390625 0.7529296875 0.162109375 0.7548828125 0.162109375 0.7607421875 0.1591796875 0.7626953125 0.1591796875 0.7724609375 0.15625 0.7744140625 0.15625 0.8232421875 0.1591796875 0.8251953125 0.1591796875 0.8544921875 0.15625 0.8564453125 0.15625 0.8740234375 0.1591796875 0.8759765625 0.1591796875 0.8798828125 0.15625 0.8818359375 0.15625 0.8935546875 0.16064453125 0.896484375 0.18408203125 0.896484375 0.185546875 0.8955078125 0.185546875 0.8935546875 0.18701171875 0.892578125 0.18994140625 0.892578125 0.19287109375 0.89453125 0.19580078125 0.89453125 0.19873046875 0.896484375 0.21044921875 0.896484375 0.21337890625 0.8984375 0.22802734375 0.8984375 0.2294921875 0.8974609375 0.2294921875 0.8955078125 0.23095703125 0.89453125 0.23974609375 0.89453125 0.24560546875 0.8984375 0.27197265625 0.8984375 0.2763671875 0.8955078125 0.2763671875 0.8935546875 0.27783203125 0.892578125 0.28369140625 0.892578125 0.28662109375 0.89453125 0.28955078125 0.89453125 0.291015625 0.8955078125 0.291015625 0.8974609375 0.29541015625 0.900390625 0.31298828125 0.900390625 0.31591796875 0.8984375 0.32470703125 0.8984375 0.32763671875 0.896484375 0.33056640625 0.896484375 0.33349609375 0.89453125 0.34228515625 0.89453125 0.34521484375 0.896484375 0.36572265625 0.896484375 0.3701171875 0.8935546875 0.3701171875 0.8916015625 0.37451171875 0.888671875 0.37744140625 0.888671875 0.38037109375 0.890625 0.38330078125 0.890625 0.384765625 0.8916015625 0.384765625 0.8955078125 0.38916015625 0.8984375 0.39501953125 0.8984375 0.39794921875 0.900390625 0.40380859375 0.900390625 0.40673828125 0.8984375 0.40966796875 0.900390625 0.43017578125 0.900390625 0.43310546875 0.8984375 0.43603515625 0.8984375 0.4375 0.8974609375 0.4375 0.8955078125 0.4345703125 0.8935546875 0.4345703125 0.8916015625 0.43896484375 0.888671875 0.44189453125 0.888671875 0.4462890625 0.8916015625 0.4462890625 0.8955078125 0.44775390625 0.896484375 0.45068359375 0.896484375 0.45361328125 0.8984375 0.47412109375 0.8984375 0.478515625 0.8955078125 0.478515625 0.8935546875 0.48291015625 0.890625 0.48876953125 0.890625 0.4931640625 0.8935546875 0.4931640625 0.8974609375 0.49462890625 0.8984375 0.50927734375 0.8984375 0.51220703125 0.896484375 0.51513671875 0.8984375 0.52392578125 0.8984375 0.52685546875 0.896484375 0.52978515625 0.896484375 0.53125 0.8955078125 0.53125 0.8935546875 0.53271484375 0.892578125 0.54150390625 0.892578125 0.5458984375 0.8955078125 0.5458984375 0.8974609375 0.54736328125 0.8984375 0.56787109375 0.8984375 0.57080078125 0.896484375 0.58544921875 0.896484375 0.58837890625 0.8984375 0.59423828125 0.8984375 0.59716796875 0.900390625 0.60888671875 0.900390625 0.6162109375 0.8955078125 0.6162109375 0.8935546875 0.61767578125 0.892578125 0.62646484375 0.892578125 0.63232421875 0.896484375 0.63525390625 0.896484375 0.63818359375 0.8984375 0.64990234375 0.8984375 0.65283203125 0.896484375 0.65576171875 0.8984375 0.66162109375 0.89453125 0.66455078125 0.89453125 0.66748046875 0.892578125 0.67041015625 0.892578125 0.67333984375 0.89453125 0.67626953125 0.89453125 0.68212890625 0.8984375 0.69677734375 0.8984375 0.69970703125 0.896484375 0.71142578125 0.896484375 0.72021484375 0.890625 0.72900390625 0.890625 0.73193359375 0.892578125 0.74072265625 0.892578125 0.74365234375 0.89453125 0.75244140625 0.89453125 0.75537109375 0.892578125 0.75830078125 0.892578125 0.76123046875 0.890625 0.77294921875 0.890625 0.77587890625 0.892578125 0.77880859375 0.892578125 0.78173828125 0.89453125 0.78466796875 0.89453125 0.78759765625 0.896484375 0.79345703125 0.896484375 0.79638671875 0.8984375 0.81103515625 0.8984375 0.81396484375 0.896484375 0.81689453125 0.896484375 0.81982421875 0.89453125 0.82861328125 0.89453125 0.83154296875 0.896484375 0.83447265625 0.896484375 0.83740234375 0.8984375 0.84912109375 0.8984375 0.85205078125 0.896484375 0.85498046875 0.896484375 0.8623046875 0.8916015625 0.8623046875 0.8896484375 0.8681640625 0.8857421875 0.8681640625 0.8798828125 0.8740234375 0.8759765625 0.8740234375 0.8720703125 0.876953125 0.8701171875 0.876953125 0.8544921875 0.87109375 0.8505859375 0.87109375 0.8447265625 0.876953125 0.8408203125 0.876953125 0.8388671875 0.8798828125 0.8369140625 0.8798828125 0.8232421875 0.87841796875 0.822265625 0.87548828125 0.822265625 0.8740234375 0.8212890625 0.8740234375 0.8134765625 0.876953125 0.8115234375 0.876953125 0.7958984375 0.8740234375 0.7939453125 0.876953125 0.7919921875 0.876953125 0.7900390625 0.8740234375 0.7880859375 0.8740234375 0.7763671875 0.8798828125 0.7724609375 0.8798828125 0.7490234375 0.8828125 0.7470703125 0.8828125 0.7392578125 0.8798828125 0.7373046875 0.8798828125 0.7275390625 0.8828125 0.7255859375 0.8828125 0.7080078125 0.8857421875 0.7060546875 0.8828125 0.7041015625 0.8828125 0.7021484375 0.8798828125 0.7001953125 0.8798828125 0.6904296875 0.876953125 0.6884765625 0.876953125 0.6689453125 0.8740234375 0.6669921875 0.8740234375 0.6513671875 0.87109375 0.6494140625 0.87109375 0.6279296875 0.8740234375 0.6259765625 0.8740234375 0.6220703125 0.876953125 0.6201171875 0.876953125 0.6064453125 0.8740234375 0.6044921875 0.8740234375 0.6025390625 0.87109375 0.6005859375 0.87109375 0.5947265625 0.876953125 0.5908203125 0.876953125 0.5810546875 0.8798828125 0.5791015625 0.8798828125 0.5673828125 0.876953125 0.5654296875 0.876953125 0.5634765625 0.8740234375 0.5615234375 0.8740234375 0.5576171875 0.876953125 0.5556640625 0.876953125 0.5341796875 0.87109375 0.5302734375 0.87109375 0.5244140625 0.876953125 0.5205078125 0.876953125 0.4970703125 0.8740234375 0.4951171875 0.8740234375 0.4931640625 0.87109375 0.4912109375 0.87109375 0.4853515625 0.8740234375 0.4833984375 0.8740234375 0.4775390625 0.876953125 0.4755859375 0.876953125 0.4619140625 0.8740234375 0.4599609375 0.8740234375 0.4580078125 0.87109375 0.4560546875 0.87109375 0.4482421875 0.876953125 0.4443359375 0.876953125 0.4404296875 0.8798828125 0.4384765625 0.8798828125 0.4287109375 0.8828125 0.4267578125 0.8828125 0.4248046875 0.8798828125 0.4228515625 0.8798828125 0.4072265625 0.876953125 0.4052734375 0.876953125 0.3916015625 0.8681640625 0.3857421875 0.8681640625 0.3837890625 0.8740234375 0.3798828125 0.8740234375 0.3779296875 0.876953125 0.3759765625 0.876953125 0.3525390625 0.87109375 0.3486328125 0.87109375 0.3447265625 0.8740234375 0.3427734375 0.8740234375 0.3408203125 0.876953125 0.3388671875 0.876953125 0.3330078125 0.8740234375 0.3310546875 0.8740234375 0.3212890625 0.87255859375 0.3203125 0.86962890625 0.3203125 0.865234375 0.3173828125 0.865234375 0.3134765625 0.86962890625 0.310546875 0.87255859375 0.310546875 0.8740234375 0.3095703125 0.8740234375 0.3076171875 0.876953125 0.3056640625 0.876953125 0.2841796875 0.8681640625 0.2783203125 0.8681640625 0.2744140625 0.87109375 0.2724609375 0.87109375 0.2705078125 0.876953125 0.2666015625 0.876953125 0.2509765625 0.8740234375 0.2490234375 0.8740234375 0.2373046875 0.876953125 0.2353515625 0.876953125 0.2294921875 0.8740234375 0.2275390625 0.8740234375 0.2158203125 0.87109375 0.2138671875 0.87109375 0.2119140625 0.8681640625 0.2099609375 0.8681640625 0.2080078125 0.87109375 0.2060546875 0.87109375 0.2041015625 0.876953125 0.2001953125 0.876953125 0.1806640625 0.8740234375 0.1787109375 0.8740234375 0.1611328125 0.876953125 0.1591796875 0.876953125 0.1474609375 0.87109375 0.1435546875 0.87109375 0.1416015625 0.86083984375 0.134765625 0.85791015625 0.134765625 0.85498046875 0.1328125 0.84619140625 0.1328125 0.84326171875 0.134765625 0.84033203125 0.1328125 0.83740234375 0.1328125 0.83447265625 0.134765625 0.81103515625 0.134765625 0.80810546875 0.1328125 0.80517578125 0.134765625 0.78759765625 0.134765625 0.78466796875 0.1328125 0.77880859375 0.1328125 0.77587890625 0.134765625 0.76708984375 0.134765625 0.76416015625 0.13671875 0.75537109375 0.13671875 0.75244140625 0.134765625 0.72607421875 0.134765625 0.72314453125 0.1328125 0.70556640625 0.1328125 0.70263671875 0.134765625 0.69384765625 0.134765625 0.69091796875 0.1328125 0.65576171875 0.1328125 0.65283203125 0.134765625 0.60888671875 0.134765625 0.60595703125 0.13671875 0.60302734375 0.13671875 0.60009765625 0.134765625 0.59716796875 0.13671875 0.56787109375 0.13671875 0.56494140625 0.134765625 0.47119140625 0.134765625 0.46826171875 0.13671875 0.46240234375 0.13671875 0.45947265625 0.138671875 0.45361328125 0.138671875 0.45068359375 0.140625 0.44482421875 0.140625 0.44189453125 0.138671875 0.37158203125 0.138671875 0.36865234375 0.140625 0.35986328125 0.140625 0.35693359375 0.142578125 0.35107421875 0.142578125 0.34814453125 0.14453125 0.34228515625 0.140625 0.30419921875 0.140625 0.30126953125 0.142578125 0.28662109375 0.142578125 0.28369140625 0.14453125 0.27490234375 0.14453125 0.26904296875 0.1484375 0.26318359375 0.1484375 0.26025390625 0.150390625 0.24853515625 0.150390625 0.24560546875 0.1484375 0.24267578125 0.1484375 0.23388671875 0.142578125 0.23095703125 0.14453125 0.22802734375 0.14453125 0.22509765625 0.142578125 0.21337890625 0.142578125 0.21044921875 0.14453125 0.20166015625 0.14453125 0.19873046875 0.146484375 0.19287109375 0.146484375 0.18701171875 0.142578125 0.18115234375 0.142578125 0.17822265625 0.140625 0.17529296875 0.140625 0.17236328125 0.142578125 0.16357421875 0.142578125 0.16064453125 0.14453125 0.15771484375 0.14453125 0.15625 0.1455078125 0.15625 0.1552734375 0.1533203125 0.1572265625 0.1533203125 0.1767578125 0.150390625 0.1787109375 0.150390625 0.1826171875 0.1474609375 0.1845703125 0.150390625 0.1865234375 0.150390625 0.2138671875 0.1474609375 0.2158203125 0.1474609375 0.2197265625 0.14453125 0.2216796875 0.14453125 0.2353515625
