2 0.1 0.040625 0.02265625 0.0234375
2 0.0375 0.10546875 0.0171875 0.0203125
2 0.04296875 0.18203125 0.0171875 0.03125
2 0.04453125 0.23359375 0.01953125 0.025
2 0.0390625 0.30078125 0.01796875 0.0203125
2 0.04140625 0.3609375 0.0171875 0.0265625
2 0.0421875 0.4671875 0.015625 0.0265625
2 0.04296875 0.534375 0.0140625 0.021875
2 0.04453125 0.59375 0.02265625 0.0203125
2 0.0515625 0.675 0.0203125 0.03515625
2 0.04609375 0.79375 0.0140625 0.0296875
1 0.06015625 0.9296875 0.046875 0.06484375
2 0.22265625 0.94609375 0.01953125 0.0265625
2 0.26484375 0.9546875 0.01640625 0.021875
2 0.29921875 0.96171875 0.01953125 0.0265625
2 0.3828125 0.95625 0.02578125 0.021875
2 0.41328125 0.95234375 0.01796875 0.0203125
2 0.5390625 0.95234375 0.0171875 0.0234375
2 0.1375 0.040625 0.02265625 0.0328125
2 0.18359375 0.0390625 0.02734375 0.0265625
2 0.32421875 0.0328125 0.02265625 0.021875
2 0.36171875 0.0328125 0.02421875 0.03515625
2 0.40390625 0.03203125 0.02109375 0.0296875
2 0.5375 0.0328125 0.02109375 0.021875
2 0.58515625 0.0359375 0.02109375 0.0328125
2 0.66640625 0.03359375 0.02578125 0.0296875
2 0.71171875 0.0359375 0.02265625 0.0265625
2 0.75078125 0.03515625 0.02265625 0.028125
2 0.7984375 0.03515625 0.02421875 0.028125
0 0.3818359375 0.9545466328125001 0.3837890625 0.9515163265625001 0.3857421875 0.9545466328125001 0.3896484375 0.9545466328125001 0.3916015625 0.957576940625 0.4072265625 0.957576940625 0.4091796875 0.9545466328125001 0.4130859375 0.9545466328125001 0.4150390625 0.9515163265625001 0.4189453125 0.9515163265625001 0.4208984375 0.9545466328125001 0.4287109375 0.9545466328125001 0.4306640625 0.957576940625 0.4599609375 0.957576940625 0.4619140625 0.9545466328125001 0.4677734375 0.9545466328125001 0.4697265625 0.957576940625 0.4892578125 0.957576940625 0.4912109375 0.9545466328125001 0.4931640625 0.9545466328125001 0.4951171875 0.9515163265625001 0.4970703125 0.9545466328125001 0.4990234375 0.9545466328125001 0.5009765625 0.957576940625 0.5322265625 0.957576940625 0.5361328125 0.9515163265625001 0.5380859375 0.9515163265625001 0.5400390625 0.9484860203125001 0.5419921875 0.9484860203125001 0.5439453125 0.9515163265625001 0.5458984375 0.9515163265625001 0.5478515625 0.9545466328125001 0.5849609375 0.9545466328125001 0.5869140625 0.9515163265625001 0.5888671875 0.9515163265625001 0.5908203125 0.9484860203125001 0.5966796875 0.9484860203125001 0.5986328125 0.9515163265625001 0.6005859375 0.9515163265625001 0.6025390625 0.9484860203125001 0.6259765625 0.9484860203125001 0.6298828125 0.9545466328125001 0.6474609375 0.9545466328125001 0.6494140625 0.957576940625 0.6669921875 0.957576940625 0.6689453125 0.9545466328125001 0.6708984375 0.9545466328125001 0.6728515625 0.9515163265625001 0.6748046875 0.9515163265625001 0.6767578125 0.9545466328125001 0.7099609375 0.9545466328125001 0.7119140625 0.957576940625 0.7392578125 0.957576940625 0.7412109375 0.9545466328125001 0.7490234375 0.9545466328125001 0.7509765625 0.9515163265625001 0.7529296875 0.9515163265625001 0.7548828125 0.9484860203125001 0.7607421875 0.9484860203125001 0.7626953125 0.9515163265625001 0.7666015625 0.9515163265625001 0.7685546875 0.9545466328125001 0.7705078125 0.9545466328125001 0.7724609375 0.9515163265625001 0.7880859375 0.9515163265625001 0.7900390625 0.9545466328125001 0.7998046875 0.9545466328125001 0.8017578125 0.9515163265625001 0.8095703125 0.9515163265625001 0.8134765625 0.957576940625 0.8291015625 0.957576940625 0.8310546875 0.9545466328125001 0.8349609375 0.9545466328125001 0.8369140625 0.9515163265625001 0.8779296875 0.9515163265625001 0.8798828125 0.9484860203125001 0.8896484375 0.9484860203125001 0.8916015625 0.9545466328125001 0.9130859375 0.9545466328125001 0.9150390625 0.9515163265625001 0.9208984375 0.9515163265625001 0.9228515625 0.9484860203125001 0.9384765625 0.9484860203125001 0.9404296875 0.9454557124999999 0.9521484375 0.9454557124999999 0.9541015625 0.9424254062499999 0.9580078125 0.9424254062499999 0.9599609375 0.9393950999999999 0.9619140625 0.9393950999999999 0.96484375 0.9348496390625 0.96484375 0.9166677984374999 0.966796875 0.9136374921874999 0.966796875 0.910607184375 0.96484375 0.907576878125 0.96484375 0.8984859578125001 0.9609375 0.89242534375 0.9609375 0.8863647312499999 0.962890625 0.8833344234375 0.962890625 0.8772738109375 0.96484375 0.874243503125 0.96484375 0.8621222765625 0.962890625 0.8590919703125 0.962890625 0.85303135625 0.9609375 0.85000105 0.9609375 0.8469707421875 0.958984375 0.8439404359375 0.958984375 0.8378798218749999 0.95703125 0.834849515625 0.95703125 0.8287889015625 0.955078125 0.8257585953125 0.955078125 0.81363736875 0.95703125 0.8106070609374999 0.95703125 0.8075767546874999 0.9609375 0.801516140625 0.9609375 0.7924252203125 0.962890625 0.7893949140625 0.962890625 0.7772736874999999 0.96484375 0.7742433796875 0.96484375 0.7681827671875 0.966796875 0.765152459375 0.966796875 0.7106069374999999 0.96484375 0.70757663125 0.96484375 0.7015160171875 0.962890625 0.6984857109375 0.962890625 0.692425096875 0.96484375 0.689394790625 0.96484375 0.6863644843750001 0.966796875 0.6833341765625 0.966796875 0.6651523359375 0.96875 0.6621220296875 0.96875 0.5590916 0.970703125 0.5560612921875 0.970703125 0.5318188390625 0.97265625 0.52878853125 0.97265625 0.507576384375 0.974609375 0.504546078125 0.974609375 0.49848546406249994 0.97265625 0.4954551578125 0.97265625 0.45000055625 0.974609375 0.44697024843750005 0.974609375 0.437879328125 0.97265625 0.434849021875 0.97265625 0.4257581015625 0.970703125 0.42272779531250004 0.970703125 0.3712125796875 0.97265625 0.3681822734375 0.97265625 0.322727671875 0.974609375 0.3196973640625 0.974609375 0.28333368281250004 0.97265625 0.2803033765625 0.97265625 0.259091228125 0.970703125 0.25606092187499996 0.970703125 0.250000309375 0.97265625 0.24697000156249999 0.97265625 0.23787908125 0.970703125 0.23484877499999998 0.970703125 0.183333559375 0.96875 0.180303253125 0.96875 0.177272946875 0.970703125 0.17424263906249998 0.970703125 0.1681820265625 0.97265625 0.16515171875 0.97265625 0.0954546640625 0.970703125 0.09242435624999999 0.970703125 0.0439394484375 0.9677734375 0.0393939875 0.9658203125 0.0393939875 0.9638671875 0.03636368125 0.9619140625 0.03636368125 0.9609375 0.034848528125 0.9609375 0.031818221875000004 0.9580078125 0.0272727609375 0.9306640625 0.0272727609375 0.9287109375 0.030303067187499998 0.9267578125 0.030303067187499998 0.9248046875 0.033333375 0.9169921875 0.033333375 0.9150390625 0.030303067187499998 0.8955078125 0.030303067187499998 0.8935546875 0.033333375 0.8876953125 0.033333375 0.8837890625 0.0393939875 0.8779296875 0.0393939875 0.8759765625 0.03636368125 0.8740234375 0.03636368125 0.8720703125 0.033333375 0.8427734375 0.033333375 0.8408203125 0.03636368125 0.8349609375 0.03636368125 0.8330078125 0.033333375 0.8076171875 0.033333375 0.8056640625 0.03636368125 0.8037109375 0.03636368125 0.7998046875 0.0424242953125 0.7958984375 0.0424242953125 0.7880859375 0.030303067187499998 0.7666015625 0.030303067187499998 0.7646484375 0.033333375 0.7626953125 0.033333375 0.7548828125 0.0454546015625 0.7509765625 0.0454546015625 0.7490234375 0.0424242953125 0.7451171875 0.0424242953125 0.7392578125 0.033333375 0.7333984375 0.033333375 0.7314453125 0.030303067187499998 0.7255859375 0.030303067187499998 0.7236328125 0.033333375 0.7197265625 0.033333375 0.7177734375 0.03636368125 0.7080078125 0.03636368125 0.7060546875 0.033333375 0.7021484375 0.033333375 0.7001953125 0.030303067187499998 0.6904296875 0.030303067187499998 0.6884765625 0.033333375 0.6845703125 0.033333375 0.6826171875 0.030303067187499998 0.6767578125 0.030303067187499998 0.6748046875 0.033333375 0.6728515625 0.033333375 0.671875 0.034848528125 0.671875 0.037878834374999996 0.6689453125 0.0424242953125 0.6650390625 0.0424242953125 0.6630859375 0.0393939875 0.6611328125 0.0393939875 0.66015625 0.037878834374999996 0.66015625 0.034848528125 0.6572265625 0.030303067187499998 0.6435546875 0.030303067187499998 0.6416015625 0.033333375 0.6396484375 0.030303067187499998 0.6376953125 0.030303067187499998 0.6357421875 0.0272727609375 0.6123046875 0.0272727609375 0.6103515625 0.030303067187499998 0.5947265625 0.030303067187499998 0.5927734375 0.033333375 0.5908203125 0.033333375 0.5869140625 0.0393939875 0.5849609375 0.0393939875 0.5830078125 0.0424242953125 0.5810546875 0.0424242953125 0.5791015625 0.0393939875 0.5771484375 0.0393939875 0.576171875 0.037878834374999996 0.576171875 0.034848528125 0.5751953125 0.033333375 0.5732421875 0.033333375 0.5712890625 0.030303067187499998 0.5634765625 0.030303067187499998 0.5615234375 0.033333375 0.5478515625 0.033333375 0.5439453125 0.0393939875 0.5419921875 0.0393939875 0.5400390625 0.0424242953125 0.5380859375 0.0424242953125 0.5361328125 0.0393939875 0.5322265625 0.0393939875 0.5302734375 0.03636368125 0.5029296875 0.03636368125 0.5009765625 0.0393939875 0.4970703125 0.0393939875 0.4951171875 0.0424242953125 0.4873046875 0.0424242953125 0.4833984375 0.03636368125 0.4814453125 0.03636368125 0.4794921875 0.033333375 0.4697265625 0.033333375 0.4677734375 0.03636368125 0.4150390625 0.03636368125 0.4111328125 0.0424242953125 0.4013671875 0.0424242953125 0.3974609375 0.03636368125 0.3916015625 0.03636368125 0.3896484375 0.0393939875 0.3837890625 0.0393939875 0.3818359375 0.03636368125 0.3740234375 0.03636368125 0.3701171875 0.0424242953125 0.3681640625 0.0424242953125 0.3662109375 0.0454546015625 0.3623046875 0.0454546015625 0.3603515625 0.0424242953125 0.3583984375 0.0424242953125 0.3564453125 0.0393939875 0.3525390625 0.0393939875 0.3505859375 0.03636368125 0.3330078125 0.03636368125 0.3310546875 0.0393939875 0.3212890625 0.0393939875 0.3173828125 0.033333375 0.3017578125 0.033333375 0.2998046875 0.030303067187499998 0.2841796875 0.030303067187499998 0.2822265625 0.033333375 0.2802734375 0.033333375 0.2783203125 0.030303067187499998 0.2744140625 0.030303067187499998 0.2724609375 0.0272727609375 0.2666015625 0.0272727609375 0.2646484375 0.030303067187499998 0.2470703125 0.030303067187499998 0.2451171875 0.033333375 0.2255859375 0.033333375 0.2236328125 0.030303067187499998 0.2001953125 0.030303067187499998 0.1982421875 0.033333375 0.1923828125 0.033333375 0.1884765625 0.0393939875 0.1865234375 0.0393939875 0.1845703125 0.0424242953125 0.1826171875 0.0424242953125 0.1806640625 0.0393939875 0.1748046875 0.0393939875 0.1728515625 0.03636368125 0.1572265625 0.03636368125 0.1552734375 0.0393939875 0.1435546875 0.0393939875 0.1416015625 0.0424242953125 0.1396484375 0.0424242953125 0.1376953125 0.0454546015625 0.1357421875 0.0454546015625 0.1337890625 0.0424242953125 0.1318359375 0.0424242953125 0.1298828125 0.0393939875 0.1103515625 0.0393939875 0.1064453125 0.0454546015625 0.1025390625 0.0454546015625 0.1005859375 0.0484849078125 0.0986328125 0.0484849078125 0.0966796875 0.0454546015625 0.0888671875 0.0454546015625 0.0869140625 0.0393939875 0.0791015625 0.0393939875 0.078125 0.040909140625 0.080078125 0.0439394484375 0.0791015625 0.0454546015625 0.0732421875 0.0454546015625 0.0712890625 0.0424242953125 0.0693359375 0.0424242953125 0.0673828125 0.0454546015625 0.0654296875 0.0454546015625 0.0634765625 0.0484849078125 0.0615234375 0.0484849078125 0.0595703125 0.051515215625 0.0556640625 0.051515215625 0.0537109375 0.054545521875 0.0517578125 0.054545521875 0.0498046875 0.05757582812499999 0.0478515625 0.05757582812499999 0.041015625 0.06818190156250001 0.041015625 0.071212209375 0.0390625 0.074242515625 0.0390625 0.09242435624999999 0.041015625 0.0954546640625 0.041015625 0.10151527656249999 0.04296875 0.10454558437499999 0.04296875 0.113636503125 0.037109375 0.12272742343750001 0.037109375 0.146969878125 0.0390625 0.1500001859375 0.0390625 0.1560607984375 0.041015625 0.15909110625 0.041015625 0.1621214125 0.046875 0.17121233281249998 0.046875 0.17424263906249998 0.048828125 0.177272946875 0.048828125 0.183333559375 0.046875 0.186363865625 0.046875 0.1893941734375 0.044921875 0.1924244796875 0.044921875 0.19848509375 0.04296875 0.20151539999999998 0.04296875 0.216666934375 0.044921875 0.219697240625 0.044921875 0.22272754843749998 0.046875 0.2257578546875 0.046875 0.22878816093749998 0.048828125 0.23181846875 0.048828125 0.23787908125 0.041015625 0.250000309375 0.041015625 0.253030615625 0.0390625 0.25606092187499996 0.0390625 0.28939429687499996 0.044921875 0.2984852171875 0.044921875 0.31060644375 0.041015625 0.31666705781250004 0.041015625 0.322727671875 0.0390625 0.325757978125 0.0390625 0.35000043281250004 0.044921875 0.359091353125 0.044921875 0.3681822734375 0.0419921875 0.3727277328125 0.0400390625 0.3727277328125 0.037109375 0.37727319375 0.037109375 0.3924247265625 0.0390625 0.39545503437499996 0.0390625 0.40454595312499997 0.041015625 0.40757626093750005 0.041015625 0.4106065671875 0.04296875 0.4136368734375 0.04296875 0.42272779531250004 0.041015625 0.4257581015625 0.041015625 0.45606116874999997 0.046875 0.4651520890625 0.046875 0.477273315625 0.044921875 0.4803036234375 0.044921875 0.49242485 0.04296875 0.4954551578125 0.04296875 0.5136369984375 0.044921875 0.5166673046875 0.044921875 0.5257582249999999 0.046875 0.52878853125 0.046875 0.5348491453124999 0.048828125 0.5378794515624999 0.048828125 0.5409097593750001 0.0458984375 0.54545521875 0.0439453125 0.54545521875 0.041015625 0.550000678125 0.041015625 0.5560612921875 0.0390625 0.5590916 0.0390625 0.5712128265625 0.041015625 0.5742431328125 0.041015625 0.5803037468750001 0.046875 0.5893946671875 0.046875 0.59545528125 0.0439453125 0.600000740625 0.0419921875 0.600000740625 0.0390625 0.6045462015624999 0.0390625 0.6106068140625001 0.041015625 0.613637121875 0.041015625 0.63484926875 0.04296875 0.637879575 0.04296875 0.6439401890625 0.044921875 0.6469704953125001 0.044921875 0.656061415625 0.052734375 0.66818264375 0.052734375 0.6772735640625 0.05078125 0.6803038703125 0.05078125 0.6833341765625 0.048828125 0.6863644843750001 0.048828125 0.6954554046875 0.046875 0.6984857109375 0.046875 0.7318190859375 0.044921875 0.7348493921875 0.044921875 0.74091000625 0.04296875 0.7439403125 0.04296875 0.7500009265625 0.041015625 0.7530312328125001 0.041015625 0.762122153125 0.04296875 0.765152459375 0.04296875 0.78030399375 0.046875 0.7863646078125 0.046875 0.798485834375 0.044921875 0.801516140625 0.044921875 0.8045464484375 0.041015625 0.8106070609374999 0.041015625 0.816667675 0.04296875 0.81969798125 0.04296875 0.8378798218749999 0.044921875 0.8409101296875001 0.044921875 0.8439404359375 0.046875 0.8469707421875 0.046875 0.8590919703125 0.044921875 0.8621222765625 0.044921875 0.8863647312499999 0.046875 0.8893950374999999 0.046875 0.8984859578125001 0.0498046875 0.9030314171875 0.0517578125 0.9030314171875 0.052734375 0.904546571875 0.052734375 0.907576878125 0.0546875 0.910607184375 0.0546875 0.9166677984374999 0.0625 0.928789025 0.0625 0.9318193328125 0.0732421875 0.9484860203125001 0.1103515625 0.9484860203125001 0.1123046875 0.9515163265625001 0.1552734375 0.9515163265625001 0.1572265625 0.9484860203125001 0.1884765625 0.9484860203125001 0.1904296875 0.9515163265625001 0.1943359375 0.9515163265625001 0.1962890625 0.9484860203125001 0.2119140625 0.9484860203125001 0.2138671875 0.9454557124999999 0.2158203125 0.9454557124999999 0.2177734375 0.9424254062499999 0.2197265625 0.9424254062499999 0.2216796875 0.9393950999999999 0.2255859375 0.9393950999999999 0.2275390625 0.9424254062499999 0.2294921875 0.9424254062499999 0.2314453125 0.9454557124999999 0.2373046875 0.9454557124999999 0.2392578125 0.9484860203125001 0.2666015625 0.9484860203125001 0.2744140625 0.960607246875 0.2822265625 0.960607246875 0.2841796875 0.963637553125 0.2861328125 0.960607246875 0.2900390625 0.960607246875 0.2919921875 0.957576940625 0.2958984375 0.957576940625 0.2978515625 0.9545466328125001 0.2998046875 0.957576940625 0.3017578125 0.957576940625 0.3056640625 0.963637553125 0.3330078125 0.963637553125 0.3349609375 0.960607246875 0.3408203125 0.960607246875 0.3427734375 0.963637553125 0.3701171875 0.963637553125 0.37109375 0.9621223999999999 0.3720703125 0.960607246875 0.3740234375 0.960607246875 0.3779296875 0.9545466328125001 0.3818359375 0.9545466328125001
