2 0.05625 0.1171875 0.0203125 0.03046875
2 0.05625 0.209375 0.01640625 0.02421875
2 0.05703125 0.26953125 0.01640625 0.03203125
2 0.0734375 0.3453125 0.015625 0.0265625
2 0.06484375 0.56875 0.015625 0.0265625
2 0.07265625 0.63515625 0.01484375 0.02421875
2 0.06015625 0.715625 0.0125 0.0234375
2 0.06328125 0.7875 0.0140625 0.02265625
2 0.06015625 0.85625 0.01328125 0.02421875
2 0.05390625 0.9125 0.01171875 0.0234375
2 0.09140625 0.0734375 0.01640625 0.01875
2 0.815625 0.09296875 0.01328125 0.015625
0 0.0517578125 0.9587284828125 0.0576171875 0.9617817578125001 0.1767578125 0.9770481359375 0.2509765625 0.9801014109375 0.3974609375 0.9801014109375 0.9658203125 0.9739948593750001 0.970703125 0.9663616703125 0.974609375 0.95414856875 0.98046875 0.657980853125 0.984375 0.337386934375 0.984375 0.157243684375 0.978515625 0.10228472656250001 0.9755859375 0.0977048140625 0.9658203125 0.0915982625 0.6416015625 0.073278609375 0.4189453125 0.06717205937500001 0.2333984375 0.06717205937500001 0.1123046875 0.070225334375 0.0537109375 0.08549171250000001 0.0498046875 0.0885449875 0.046875 0.0931249 0.046875 0.0961781765625 0.048828125 0.95414856875 0.0517578125 0.9587284828125
