0 0.4984375 0.509375 0.9765625 0.946875
2 0.08515625 0.04453125 0.025 0.015625
2 0.16953125 0.04296875 0.021875 0.0140625
2 0.60234375 0.04921875 0.0265625 0.015625
2 0.95859375 0.06875 0.01875 0.0125
2 0.97109375 0.278125 0.01875 0.01875
2 0.97265625 0.49296875 0.0171875 0.015625
2 0.97109375 0.54921875 0.021875 0.0140625
2 0.978125 0.8203125 0.01875 0.01875
2 0.9734375 0.8453125 0.01875 0.0125
2 0.9765625 0.89765625 0.021875 0.0140625
2 0.0453125 0.9484375 0.025 0.0140625
2 0.04140625 0.86875 0.025 0.0171875
2 0.04609375 0.9046875 0.021875 0.0171875
2 0.0234375 0.28046875 0.01875 0.01875
2 0.025 0.4078125 0.025 0.015625
2 0.03203125 0.5859375 0.0234375 0.015625
