2 0.940625 0.0328125 0.015625 0.0234375
2 0.89765625 0.0328125 0.015625 0.015625
2 0.859375 0.0265625 0.015625 0.015625
2 0.81484375 0.02890625 0.0171875 0.0140625
2 0.7609375 0.02265625 0.01875 0.021875
2 0.71875 0.021875 0.015625 0.01875
2 0.678125 0.02421875 0.0203125 0.01875
2 0.63515625 0.02734375 0.0171875 0.0125
2 0.59296875 0.0265625 0.015625 0.0125
2 0.54765625 0.021875 0.015625 0.015625
2 0.50703125 0.021875 0.015625 0.01875
2 0.46484375 0.01953125 0.0171875 0.021875
2 0.415625 0.01953125 0.015625 0.01875
2 0.36796875 0.0171875 0.01875 0.01875
2 0.3328125 0.0203125 0.01875 0.01875
2 0.2890625 0.01953125 0.021875 0.0203125
2 0.25078125 0.02265625 0.015625 0.021875
2 0.20625 0.025 0.021875 0.015625
2 0.16796875 0.0234375 0.0203125 0.015625
2 0.11796875 0.02265625 0.015625 0.021875
2 0.084375 0.025 0.0140625 0.0171875
2 0.03125 0.184375 0.009375 0.025
2 0.03046875 0.2515625 0.0078125 0.025
2 0.03359375 0.56875 0.0109375 0.040625
2 0.0296875 0.63828125 0.015625 0.0375
2 0.03515625 0.696875 0.0109375 0.03125
2 0.96015625 0.06796875 0.009375 0.025
2 0.96640625 0.1171875 0.0140625 0.021875
2 0.965625 0.18828125 0.0109375 0.0203125
2 0.96015625 0.246875 0.0125 0.025
2 0.9640625 0.3109375 0.0109375 0.028125
2 0.96328125 0.36953125 0.009375 0.028125
2 0.96328125 0.42421875 0.009375 0.021875
2 0.9609375 0.47734375 0.015625 0.025
2 0.9625 0.55 0.0125 0.025
2 0.9609375 0.60546875 0.015625 0.025
2 0.96015625 0.6796875 0.015625 0.0296875
2 0.96015625 0.7328125 0.015625 0.025
2 0.96015625 0.8015625 0.01875 0.0296875
2 0.95859375 0.86015625 0.0125 0.025
2 0.9546875 0.92265625 0.0125 0.025
2 0.9359375 0.9609375 0.0125 0.01875
2 0.9015625 0.9609375 0.0125 0.015625
2 0.77890625 0.95625 0.0171875 0.025
2 0.73984375 0.96484375 0.0125 0.0265625
2 0.70234375 0.96484375 0.025 0.028125
2 0.6671875 0.96640625 0.0203125 0.0203125
2 0.61953125 0.9625 0.01875 0.028125
2 0.5828125 0.96640625 0.0171875 0.025
2 0.5375 0.9625 0.01875 0.021875
2 0.503125 0.96171875 0.0171875 0.021875
2 0.46015625 0.9625 0.015625 0.021875
2 0.4109375 0.96484375 0.0171875 0.0203125
2 0.37890625 0.96171875 0.0171875 0.01875
2 0.33203125 0.9625 0.0140625 0.01875
2 0.29765625 0.9609375 0.01875 0.015625
2 0.19296875 0.95703125 0.021875 0.0234375
2 0.1625 0.95703125 0.01875 0.021875
0 0.967406803125 0.9134007578125001 0.9712772453125 0.087231353125 0.9672030968750001 0.0388748421875 0.9643511921875 0.030341340625 0.9623141171875 0.027180784375 0.9592585046875 0.0262326171875 0.9362395593749999 0.0218078375 0.09961295625 0.012642225000000002 0.024241189062499998 0.014222503124999999 0.0344265640625 0.960809103125 0.915461396875 0.9734513281250001 0.9663882671874999 0.9718710500000001 0.967406803125 0.9134007578125001
