0 0.5140625 0.4953125 0.9484375 0.9703125
2 0.0546875 0.915625 0.015625 0.025
2 0.0625 0.69375 0.015625 0.0265625
2 0.05625 0.47109375 0.0109375 0.0203125
2 0.05859375 0.4015625 0.0125 0.01875
2 0.05078125 0.24921875 0.015625 0.021875
2 0.046875 0.18046875 0.015625 0.021875
2 0.0734375 0.059375 0.0140625 0.015625
2 0.09921875 0.06015625 0.0125 0.021875
2 0.15234375 0.046875 0.015625 0.021875
2 0.27890625 0.034375 0.01875 0.021875
2 0.36640625 0.03671875 0.015625 0.021875
2 0.44140625 0.03515625 0.01875 0.01875
2 0.496875 0.034375 0.0140625 0.01875
2 0.52265625 0.0359375 0.015625 0.01875
2 0.5546875 0.034375 0.015625 0.015625
2 0.6375 0.02890625 0.0125 0.015625
2 0.7671875 0.02734375 0.015625 0.01875
2 0.85234375 0.02265625 0.01875 0.0203125
2 0.97109375 0.28359375 0.0125 0.025
2 0.96484375 0.9296875 0.015625 0.0296875
2 0.9203125 0.928125 0.0140625 0.021875
2 0.809375 0.9296875 0.0140625 0.015625
