1 0.95703125 0.05390625 0.0453125 0.040625
2 0.89296875 0.0390625 0.03125 0.015625
2 0.76875 0.04375 0.0359375 0.0140625
2 0.69765625 0.0390625 0.0296875 0.0125
2 0.6390625 0.0390625 0.0328125 0.0171875
2 0.53515625 0.03828125 0.0359375 0.015625
2 0.32578125 0.0453125 0.025 0.01875
2 0.403125 0.0453125 0.0265625 0.025
2 0.09296875 0.04609375 0.028125 0.0125
2 0.05 0.06171875 0.025 0.015625
2 0.0578125 0.21796875 0.0171875 0.015625
2 0.96015625 0.1 0.0234375 0.025
2 0.96953125 0.18359375 0.01875 0.025
2 0.96640625 0.32265625 0.01875 0.01875
2 0.96484375 0.36171875 0.01875 0.01875
2 0.96875 0.44375 0.0171875 0.01875
2 0.96484375 0.49140625 0.0171875 0.0140625
2 0.9625 0.53828125 0.021875 0.0171875
2 0.96328125 0.58203125 0.0265625 0.028125
2 0.96171875 0.66484375 0.0234375 0.021875
2 0.96171875 0.74921875 0.0203125 0.01875
2 0.96015625 0.796875 0.0296875 0.01875
2 0.96015625 0.87890625 0.01875 0.015625
2 0.9671875 0.92109375 0.025 0.009375
0 0.9494311 0.9763699328125 0.964917825 0.9643511921875 0.9696586593750001 0.9588510890625 0.97503160625 0.9492768390625 0.972819215625 0.20981869999999997 0.9620733250000001 0.075168059375 0.9500632109374999 0.04990833125 0.944374209375 0.044204521875 0.9371049296875 0.0401303734375 0.8719974718750001 0.0376858828125 0.732616940625 0.0344265640625 0.1197850828125 0.0356488078125 0.032869784375 0.0397229578125 0.045512009375 0.9645548984375001 0.1608723140625 0.9625178249999999 0.8878002531250001 0.98451823125 0.9269911499999999 0.9818700343750001 0.9437420984375 0.978814421875 0.9494311 0.9763699328125
