2 0.10234375 0.1765625 0.01171875 0.0234375
2 0.10625 0.23203125 0.009375 0.01640625
2 0.10546875 0.275 0.0125 0.01796875
2 0.10234375 0.32890625 0.01171875 0.01953125
2 0.10234375 0.37265625 0.0140625 0.02265625
2 0.10078125 0.4203125 0.01171875 0.02109375
2 0.103125 0.459375 0.0109375 0.0234375
2 0.1046875 0.51171875 0.01328125 0.01640625
2 0.10625 0.55703125 0.01640625 0.03125
2 0.1078125 0.62265625 0.015625 0.0203125
2 0.10234375 0.66171875 0.009375 0.0140625
2 0.103125 0.71640625 0.01171875 0.01953125
2 0.1015625 0.7640625 0.01015625 0.01953125
2 0.10625 0.81328125 0.01328125 0.02421875
2 0.11953125 0.84296875 0.009375 0.015625
2 0.55234375 0.853125 0.015625 0.0203125
2 0.575 0.8515625 0.01484375 0.0171875
2 0.61796875 0.8515625 0.01328125 0.0203125
2 0.753125 0.8578125 0.0109375 0.0140625
2 0.85390625 0.74765625 0.01171875 0.021875
2 0.825 0.1234375 0.015625 0.01796875
2 0.78828125 0.12578125 0.0171875 0.02109375
2 0.753125 0.12421875 0.01328125 0.02265625
2 0.7234375 0.12421875 0.0140625 0.0203125
2 0.684375 0.12734375 0.01640625 0.0171875
2 0.65234375 0.1234375 0.01640625 0.01640625
2 0.61640625 0.12421875 0.01484375 0.01875
2 0.54765625 0.12421875 0.015625 0.01875
2 0.51171875 0.1234375 0.0125 0.0140625
2 0.3984375 0.121875 0.01328125 0.0125
2 0.2234375 0.12109375 0.015625 0.01640625
2 0.18359375 0.12265625 0.015625 0.015625
2 0.15625 0.12578125 0.0203125 0.01328125
0 0.7841796875 0.8525390625 0.7861328125 0.849609375 0.8134765625 0.849609375 0.8154296875 0.8525390625 0.8173828125 0.849609375 0.8212890625 0.849609375 0.8232421875 0.8466796875 0.8427734375 0.8466796875 0.8447265625 0.84375 0.8544921875 0.84375 0.85546875 0.84228515625 0.85546875 0.83935546875 0.857421875 0.83642578125 0.857421875 0.82763671875 0.859375 0.82470703125 0.859375 0.82177734375 0.857421875 0.81884765625 0.857421875 0.81298828125 0.853515625 0.80712890625 0.853515625 0.80126953125 0.85546875 0.79833984375 0.85546875 0.78955078125 0.857421875 0.78662109375 0.857421875 0.77490234375 0.85546875 0.77197265625 0.85546875 0.76904296875 0.857421875 0.76611328125 0.8515625 0.75732421875 0.8515625 0.75439453125 0.849609375 0.75146484375 0.849609375 0.73974609375 0.8515625 0.73681640625 0.8515625 0.73095703125 0.85546875 0.72509765625 0.85546875 0.71630859375 0.857421875 0.71337890625 0.857421875 0.69873046875 0.859375 0.69580078125 0.859375 0.65771484375 0.85546875 0.65185546875 0.857421875 0.64892578125 0.857421875 0.64306640625 0.859375 0.64013671875 0.859375 0.63134765625 0.861328125 0.62841796875 0.861328125 0.55810546875 0.859375 0.55517578125 0.859375 0.54931640625 0.861328125 0.54638671875 0.861328125 0.54052734375 0.86328125 0.53759765625 0.86328125 0.53173828125 0.865234375 0.52880859375 0.865234375 0.43505859375 0.86328125 0.43212890625 0.86328125 0.40283203125 0.865234375 0.39990234375 0.86328125 0.39697265625 0.86328125 0.39404296875 0.865234375 0.39111328125 0.865234375 0.34716796875 0.8671875 0.34423828125 0.8671875 0.30908203125 0.865234375 0.30615234375 0.865234375 0.29736328125 0.8671875 0.29443359375 0.8671875 0.27685546875 0.865234375 0.27392578125 0.865234375 0.24755859375 0.86328125 0.24462890625 0.86328125 0.23583984375 0.865234375 0.23291015625 0.865234375 0.22412109375 0.8671875 0.22119140625 0.8671875 0.21533203125 0.865234375 0.21240234375 0.865234375 0.19482421875 0.8671875 0.19189453125 0.865234375 0.18896484375 0.865234375 0.16552734375 0.8671875 0.16259765625 0.8671875 0.15966796875 0.865234375 0.15673828125 0.8671875 0.15380859375 0.8671875 0.14501953125 0.865234375 0.14208984375 0.865234375 0.13916015625 0.8583984375 0.12890625 0.8564453125 0.12890625 0.8525390625 0.123046875 0.8408203125 0.123046875 0.8388671875 0.1259765625 0.8212890625 0.1259765625 0.8193359375 0.123046875 0.7998046875 0.123046875 0.7958984375 0.12890625 0.7939453125 0.12890625 0.7919921875 0.1318359375 0.7900390625 0.1318359375 0.7880859375 0.12890625 0.7861328125 0.12890625 0.7841796875 0.1259765625 0.7724609375 0.1259765625 0.7705078125 0.123046875 0.7646484375 0.123046875 0.7626953125 0.1259765625 0.7509765625 0.1259765625 0.7490234375 0.123046875 0.7333984375 0.123046875 0.7294921875 0.12890625 0.7275390625 0.12890625 0.7255859375 0.1318359375 0.7216796875 0.1318359375 0.7158203125 0.123046875 0.6943359375 0.123046875 0.6923828125 0.1259765625 0.6904296875 0.1259765625 0.689453125 0.12744140625 0.689453125 0.13037109375 0.6865234375 0.134765625 0.6826171875 0.134765625 0.6796875 0.13037109375 0.6796875 0.12744140625 0.6787109375 0.1259765625 0.6689453125 0.1259765625 0.6669921875 0.123046875 0.6611328125 0.123046875 0.6591796875 0.1259765625 0.6572265625 0.1259765625 0.6552734375 0.12890625 0.6513671875 0.12890625 0.6474609375 0.123046875 0.6240234375 0.123046875 0.6220703125 0.1259765625 0.6201171875 0.1259765625 0.6162109375 0.1318359375 0.6142578125 0.1318359375 0.6083984375 0.123046875 0.5947265625 0.123046875 0.5927734375 0.1201171875 0.5771484375 0.1201171875 0.5751953125 0.1171875 0.5732421875 0.1171875 0.5712890625 0.1201171875 0.5615234375 0.1201171875 0.5595703125 0.123046875 0.5556640625 0.123046875 0.5517578125 0.12890625 0.5439453125 0.12890625 0.5419921875 0.1259765625 0.5400390625 0.1259765625 0.5380859375 0.123046875 0.5244140625 0.123046875 0.5224609375 0.1259765625 0.5166015625 0.1259765625 0.5146484375 0.12890625 0.5087890625 0.12890625 0.5068359375 0.1259765625 0.5048828125 0.1259765625 0.5029296875 0.123046875 0.4794921875 0.123046875 0.4755859375 0.12890625 0.4697265625 0.12890625 0.4658203125 0.123046875 0.4443359375 0.123046875 0.4423828125 0.1259765625 0.4384765625 0.1259765625 0.4365234375 0.123046875 0.4345703125 0.123046875 0.4326171875 0.1201171875 0.4208984375 0.1201171875 0.4189453125 0.123046875 0.4091796875 0.123046875 0.4052734375 0.12890625 0.3994140625 0.12890625 0.3974609375 0.1259765625 0.3955078125 0.1259765625 0.3935546875 0.123046875 0.3798828125 0.123046875 0.3779296875 0.1259765625 0.3740234375 0.1259765625 0.3720703125 0.12890625 0.3505859375 0.12890625 0.3486328125 0.1259765625 0.3330078125 0.1259765625 0.3310546875 0.123046875 0.3115234375 0.123046875 0.3095703125 0.1201171875 0.2998046875 0.1201171875 0.2978515625 0.1171875 0.2958984375 0.1171875 0.2939453125 0.1142578125 0.2919921875 0.1171875 0.2744140625 0.1171875 0.2724609375 0.1201171875 0.2626953125 0.1201171875 0.2607421875 0.1171875 0.2529296875 0.1171875 0.2509765625 0.1201171875 0.2275390625 0.1201171875 0.2236328125 0.1259765625 0.2119140625 0.1259765625 0.2099609375 0.123046875 0.2080078125 0.123046875 0.2060546875 0.1259765625 0.2041015625 0.123046875 0.1884765625 0.123046875 0.1865234375 0.1259765625 0.1787109375 0.1259765625 0.177734375 0.12451171875 0.177734375 0.12158203125 0.1767578125 0.1201171875 0.1630859375 0.1201171875 0.1611328125 0.123046875 0.1591796875 0.123046875 0.1552734375 0.12890625 0.1494140625 0.12890625 0.1455078125 0.123046875 0.1298828125 0.123046875 0.1279296875 0.1259765625 0.1240234375 0.1259765625 0.1201171875 0.1318359375 0.1142578125 0.1318359375 0.1103515625 0.1376953125 0.1083984375 0.1376953125 0.103515625 0.14501953125 0.103515625 0.14794921875 0.1015625 0.15087890625 0.1015625 0.16259765625 0.103515625 0.16552734375 0.103515625 0.16845703125 0.10546875 0.17138671875 0.10546875 0.18017578125 0.103515625 0.18310546875 0.103515625 0.18603515625 0.1015625 0.18896484375 0.1015625 0.20361328125 0.103515625 0.20654296875 0.103515625 0.21240234375 0.10546875 0.21533203125 0.10546875 0.21826171875 0.107421875 0.22119140625 0.107421875 0.22412109375 0.109375 0.22705078125 0.109375 0.23876953125 0.107421875 0.24169921875 0.107421875 0.24462890625 0.10546875 0.24755859375 0.10546875 0.25634765625 0.107421875 0.25927734375 0.107421875 0.26806640625 0.109375 0.27099609375 0.109375 0.27978515625 0.103515625 0.28857421875 0.103515625 0.30029296875 0.1015625 0.30322265625 0.1015625 0.31787109375 0.10546875 0.32373046875 0.10546875 0.32666015625 0.107421875 0.32958984375 0.107421875 0.33251953125 0.10546875 0.33544921875 0.10546875 0.33837890625 0.1015625 0.34423828125 0.103515625 0.34716796875 0.1015625 0.35009765625 0.1015625 0.36181640625 0.103515625 0.36474609375 0.103515625 0.36767578125 0.107421875 0.37353515625 0.107421875 0.38232421875 0.1064453125 0.3837890625 0.1044921875 0.3837890625 0.099609375 0.39111328125 0.099609375 0.40283203125 0.1015625 0.40576171875 0.1015625 0.41162109375 0.103515625 0.41455078125 0.103515625 0.42919921875 0.1015625 0.43212890625 0.1015625 0.45263671875 0.1025390625 0.4541015625 0.1044921875 0.4541015625 0.107421875 0.45849609375 0.107421875 0.46728515625 0.1064453125 0.46875 0.1044921875 0.46875 0.103515625 0.47021484375 0.103515625 0.47314453125 0.1015625 0.47607421875 0.1015625 0.48486328125 0.103515625 0.48779296875 0.1015625 0.49072265625 0.1015625 0.50537109375 0.1025390625 0.5068359375 0.1064453125 0.5068359375 0.109375 0.51123046875 0.109375 0.51708984375 0.1064453125 0.521484375 0.1044921875 0.521484375 0.1015625 0.52587890625 0.1015625 0.54638671875 0.103515625 0.54931640625 0.103515625 0.55224609375 0.1044921875 0.5537109375 0.1083984375 0.5537109375 0.111328125 0.55810546875 0.111328125 0.56103515625 0.1083984375 0.5654296875 0.1064453125 0.5654296875 0.1044921875 0.5625 0.1025390625 0.5625 0.1015625 0.56396484375 0.1015625 0.56689453125 0.099609375 0.56982421875 0.099609375 0.59033203125 0.1015625 0.59326171875 0.099609375 0.59619140625 0.099609375 0.60205078125 0.1015625 0.60498046875 0.1015625 0.61083984375 0.1044921875 0.615234375 0.1083984375 0.615234375 0.109375 0.61669921875 0.109375 0.61962890625 0.111328125 0.62255859375 0.111328125 0.62548828125 0.1083984375 0.6298828125 0.1064453125 0.6298828125 0.103515625 0.63427734375 0.103515625 0.65478515625 0.10546875 0.65771484375 0.10546875 0.66650390625 0.103515625 0.66943359375 0.103515625 0.67236328125 0.1015625 0.67529296875 0.1015625 0.68408203125 0.099609375 0.68701171875 0.099609375 0.70458984375 0.1025390625 0.708984375 0.1044921875 0.708984375 0.10546875 0.71044921875 0.10546875 0.71337890625 0.107421875 0.71630859375 0.107421875 0.72216796875 0.1064453125 0.7236328125 0.1044921875 0.7236328125 0.1015625 0.72802734375 0.1015625 0.75439453125 0.10546875 0.76025390625 0.10546875 0.76904296875 0.1044921875 0.7705078125 0.1025390625 0.7705078125 0.1015625 0.77197265625 0.1015625 0.78662109375 0.103515625 0.78955078125 0.103515625 0.80126953125 0.10546875 0.80419921875 0.10546875 0.80712890625 0.107421875 0.81005859375 0.107421875 0.81298828125 0.1064453125 0.814453125 0.1044921875 0.814453125 0.103515625 0.81591796875 0.103515625 0.83935546875 0.1064453125 0.84375 0.1181640625 0.84375 0.1201171875 0.8408203125 0.1240234375 0.8408203125 0.1259765625 0.84375 0.1435546875 0.84375 0.1455078125 0.8408203125 0.1748046875 0.8408203125 0.1767578125 0.84375 0.2255859375 0.84375 0.2275390625 0.8408203125 0.2373046875 0.8408203125 0.2392578125 0.837890625 0.2451171875 0.837890625 0.2470703125 0.8349609375 0.2509765625 0.8349609375 0.2548828125 0.8408203125 0.2646484375 0.8408203125 0.2666015625 0.84375 0.2861328125 0.84375 0.2900390625 0.849609375 0.3134765625 0.849609375 0.3173828125 0.85546875 0.3251953125 0.85546875 0.3271484375 0.8583984375 0.3330078125 0.8583984375 0.3349609375 0.85546875 0.3701171875 0.85546875 0.3720703125 0.8525390625 0.3740234375 0.8525390625 0.3759765625 0.849609375 0.3857421875 0.849609375 0.3876953125 0.8525390625 0.3974609375 0.8525390625 0.3994140625 0.849609375 0.4345703125 0.849609375 0.4365234375 0.8525390625 0.4443359375 0.8525390625 0.4462890625 0.849609375 0.4482421875 0.8525390625 0.4580078125 0.8525390625 0.4599609375 0.85546875 0.4658203125 0.85546875 0.4677734375 0.8525390625 0.4697265625 0.8525390625 0.4716796875 0.849609375 0.4755859375 0.849609375 0.4775390625 0.8525390625 0.4912109375 0.8525390625 0.4931640625 0.849609375 0.5048828125 0.849609375 0.5068359375 0.8466796875 0.5107421875 0.8466796875 0.5126953125 0.849609375 0.5146484375 0.849609375 0.5166015625 0.8525390625 0.5419921875 0.8525390625 0.5439453125 0.849609375 0.5478515625 0.849609375 0.5498046875 0.8466796875 0.5517578125 0.8466796875 0.5556640625 0.8525390625 0.5693359375 0.8525390625 0.5732421875 0.8466796875 0.5791015625 0.8466796875 0.5830078125 0.8525390625 0.5849609375 0.8525390625 0.5869140625 0.85546875 0.5986328125 0.85546875 0.6005859375 0.8525390625 0.6220703125 0.8525390625 0.6240234375 0.85546875 0.6416015625 0.85546875 0.6435546875 0.8525390625 0.6474609375 0.8525390625 0.6494140625 0.85546875 0.6513671875 0.85546875 0.6533203125 0.8525390625 0.6806640625 0.8525390625 0.6826171875 0.849609375 0.6923828125 0.849609375 0.6943359375 0.8525390625 0.7275390625 0.8525390625 0.7294921875 0.85546875 0.7587890625 0.85546875 0.7607421875 0.8583984375 0.7626953125 0.8583984375 0.763671875 0.85693359375 0.7646484375 0.85546875 0.7783203125 0.85546875 0.7802734375 0.8525390625 0.7841796875 0.8525390625
