2 0.8921875 0.04453125 0.025 0.0140625
2 0.8078125 0.04453125 0.025 0.0125
2 0.7453125 0.04765625 0.025 0.0125
2 0.66953125 0.05234375 0.025 0.0140625
2 0.59375 0.046875 0.025 0.0171875
2 0.3796875 0.05390625 0.025 0.009375
2 0.228125 0.05 0.021875 0.0125
2 0.9578125 0.15703125 0.0234375 0.0125
2 0.9578125 0.2 0.025 0.015625
2 0.9578125 0.2796875 0.015625 0.0125
2 0.9640625 0.3265625 0.021875 0.015625
2 0.96171875 0.37109375 0.021875 0.015625
2 0.95703125 0.4078125 0.021875 0.01875
2 0.95703125 0.62734375 0.021875 0.015625
2 0.94296875 0.79375 0.0203125 0.01875
2 0.95078125 0.8203125 0.01875 0.015625
2 0.94765625 0.8703125 0.0296875 0.015625
2 0.94453125 0.9484375 0.0171875 0.0140625
2 0.6953125 0.9796875 0.03125 0.0125
2 0.646875 0.97734375 0.0296875 0.015625
2 0.57421875 0.9734375 0.028125 0.015625
2 0.290625 0.97421875 0.0265625 0.0125
2 0.02421875 0.07578125 0.01875 0.0125
2 0.01796875 0.203125 0.01875 0.015625
2 0.01328125 0.36875 0.0265625 0.015625
2 0.0125 0.396875 0.0171875 0.01875
2 0.01796875 0.421875 0.021875 0.0140625
2 0.01640625 0.49921875 0.01875 0.015625
2 0.01796875 0.5265625 0.01875 0.015625
2 0.015625 0.5546875 0.0265625 0.0125
2 0.0171875 0.6375 0.0171875 0.0140625
2 0.01328125 0.6625 0.01875 0.0125
2 0.01484375 0.6890625 0.01875 0.015625
2 0.01640625 0.71796875 0.021875 0.015625
2 0.01953125 0.74296875 0.0203125 0.015625
2 0.02109375 0.76953125 0.0265625 0.015625
2 0.01484375 0.80078125 0.021875 0.0125
2 0.01875 0.82578125 0.021875 0.015625
2 0.02109375 0.85234375 0.0265625 0.0125
2 0.01640625 0.88046875 0.0203125 0.01875
2 0.01484375 0.903125 0.01875 0.01875
2 0.015625 0.93125 0.015625 0.0125
2 0.95703125 0.45 0.015625 0.015625
2 0.95234375 0.49296875 0.028125 0.015625
2 0.9515625 0.071875 0.0203125 0.0171875
2 0.95625 0.115625 0.025 0.015625
0 0.0168453140625 0.9443359375 0.0198985890625 0.9541015625 0.0229518640625 0.9599609375 0.027531778125 0.96484375 0.0336383296875 0.966796875 0.04890470625 0.96875 0.2656872609375 0.9765625 0.659559790625 0.978515625 0.8458095906249999 0.978515625 0.9465676796875 0.97265625 0.95114759375 0.9697265625 0.9633606953125 0.8623046875 0.9664139703125001 0.3095703125 0.9633606953125 0.1259765625 0.95114759375 0.0537109375 0.9450410421875001 0.0439453125 0.9404611296875001 0.041015625 0.8458095906249999 0.0390625 0.7694777046875 0.0390625 0.0397448796875 0.046875 0.030585053125 0.048828125 0.0168453140625 0.0576171875 0.0107387625 0.1865234375 0.0107387625 0.3876953125 0.0168453140625 0.9443359375
