2 0.04140625 0.18984375 0.0125 0.025
2 0.0421875 0.11484375 0.0125 0.021875
2 0.10390625 0.03203125 0.0265625 0.0296875
2 0.140625 0.02734375 0.01875 0.025
2 0.18671875 0.0265625 0.01875 0.025
2 0.2421875 0.02109375 0.01875 0.0265625
2 0.28203125 0.0234375 0.021875 0.025
2 0.32421875 0.028125 0.01875 0.03125
2 0.36640625 0.03125 0.021875 0.028125
2 0.4078125 0.0265625 0.01875 0.028125
2 0.4515625 0.02734375 0.0234375 0.025
2 0.49296875 0.03125 0.028125 0.025
2 0.5359375 0.03046875 0.025 0.0234375
2 0.584375 0.02890625 0.0203125 0.0265625
2 0.6390625 0.028125 0.0375 0.028125
2 0.671875 0.03515625 0.025 0.025
2 0.7140625 0.0296875 0.01875 0.025
2 0.7515625 0.03125 0.021875 0.028125
2 0.79765625 0.0328125 0.021875 0.03125
2 0.83671875 0.02890625 0.0171875 0.01875
2 0.88046875 0.03125 0.0171875 0.028125
2 0.91953125 0.02890625 0.0171875 0.025
2 0.0421875 0.23828125 0.015625 0.03125
2 0.03828125 0.3078125 0.01875 0.03125
2 0.03828125 0.36640625 0.0140625 0.03125
2 0.0390625 0.41796875 0.0109375 0.03125
2 0.0421875 0.47265625 0.0125 0.025
2 0.04140625 0.540625 0.0140625 0.0296875
2 0.04375 0.596875 0.0140625 0.0234375
2 0.04453125 0.675 0.0125 0.03125
2 0.04140625 0.72734375 0.015625 0.0296875
2 0.04140625 0.796875 0.0125 0.0390625
2 0.04921875 0.85859375 0.021875 0.0375
2 0.0984375 0.95546875 0.01875 0.0359375
2 0.22421875 0.94921875 0.0140625 0.03125
2 0.38359375 0.96484375 0.0265625 0.028125
2 0.41796875 0.96484375 0.021875 0.028125
2 0.46484375 0.96484375 0.0234375 0.025
2 0.49921875 0.96171875 0.01875 0.028125
2 0.5390625 0.96171875 0.021875 0.028125
2 0.6734375 0.96015625 0.015625 0.0296875
2 0.61953125 0.96171875 0.0171875 0.025
2 0.7046875 0.965625 0.01875 0.021875
2 0.8375 0.95625 0.0125 0.01875
1 0.05703125 0.9296875 0.05 0.0796875
1 0.05390625 0.0453125 0.0625 0.08125
0 0.9716846609375 0.5847029078125 0.9896109187500001 0.1513906453125 0.977592178125 0.05056890000000001 0.9708698312499999 0.036662453125 0.9669993890624999 0.031921618750000005 0.9509064984375 0.0199115046875 0.9384803421875001 0.017067003125 0.214503971875 0.009797725 0.0749643515625 0.02496839375 0.0623344875 0.0325537296875 0.043185984375 0.05056890000000001 0.038908128125000004 0.061314790625000004 0.0376858828125 0.0720606828125 0.0346302703125 0.9054993671875 0.0397229578125 0.970290771875 0.766958646875 0.96871049375 0.876960684375 0.970290771875 0.9635363625 0.9655499375 0.9716846609375 0.5847029078125
