2 0.9625 0.896875 0.0234375 0.0203125
2 0.9671875 0.86015625 0.03125 0.021875
2 0.971875 0.81796875 0.028125 0.0171875
2 0.98125 0.7609375 0.028125 0.01875
2 0.98046875 0.72109375 0.0265625 0.01875
2 0.97578125 0.68046875 0.0296875 0.0171875
2 0.9703125 0.63828125 0.025 0.021875
2 0.971875 0.5953125 0.025 0.021875
2 0.9734375 0.5484375 0.028125 0.015625
2 0.9734375 0.3359375 0.025 0.01875
2 0.97265625 0.203125 0.0203125 0.0203125
2 0.9734375 0.121875 0.025 0.01875
2 0.8125 0.959375 0.0328125 0.0140625
2 0.76171875 0.9609375 0.025 0.0125
2 0.6890625 0.96328125 0.025 0.01875
2 0.63203125 0.9625 0.03125 0.0140625
2 0.521875 0.9625 0.0265625 0.0140625
2 0.4015625 0.95625 0.0328125 0.01875
2 0.32265625 0.9546875 0.0296875 0.015625
2 0.27421875 0.95859375 0.0265625 0.01875
2 0.203125 0.95625 0.0296875 0.0125
2 0.140625 0.95703125 0.028125 0.015625
1 0.05859375 0.9421875 0.078125 0.0375
2 0.04765625 0.7765625 0.0234375 0.01875
2 0.03359375 0.73359375 0.0296875 0.01875
2 0.03359375 0.70078125 0.0203125 0.015625
2 0.03359375 0.5796875 0.0296875 0.0234375
2 0.040625 0.37734375 0.021875 0.0171875
2 0.0328125 0.5359375 0.021875 0.021875
2 0.040625 0.2953125 0.021875 0.015625
2 0.040625 0.24609375 0.028125 0.0171875
0 0.033332140625 0.6708984375 0.0318169859375 0.671875 0.030301832812500002 0.6728515625 0.030301832812500002 0.6923828125 0.039392753125 0.6982421875 0.039392753125 0.7021484375 0.036362446874999996 0.7041015625 0.036362446874999996 0.7060546875 0.033332140625 0.7080078125 0.033332140625 0.7099609375 0.030301832812500002 0.7119140625 0.030301832812500002 0.7236328125 0.033332140625 0.7255859375 0.033332140625 0.7275390625 0.03484729375 0.728515625 0.0378776 0.728515625 0.042423059375 0.7314453125 0.042423059375 0.7333984375 0.045453367187499996 0.7353515625 0.045453367187499996 0.7373046875 0.042423059375 0.7392578125 0.042423059375 0.7646484375 0.045453367187499996 0.7666015625 0.045453367187499996 0.7685546875 0.0515139796875 0.7724609375 0.0515139796875 0.7783203125 0.045453367187499996 0.7822265625 0.045453367187499996 0.7841796875 0.042423059375 0.7861328125 0.042423059375 0.8154296875 0.045453367187499996 0.8173828125 0.045453367187499996 0.8212890625 0.042423059375 0.8232421875 0.042423059375 0.8271484375 0.039392753125 0.8291015625 0.039392753125 0.8466796875 0.042423059375 0.8486328125 0.042423059375 0.8603515625 0.039392753125 0.8623046875 0.039392753125 0.8701171875 0.036362446874999996 0.8720703125 0.036362446874999996 0.8740234375 0.039392753125 0.8759765625 0.039392753125 0.8779296875 0.036362446874999996 0.8798828125 0.036362446874999996 0.8876953125 0.039392753125 0.8896484375 0.039392753125 0.8916015625 0.042423059375 0.8935546875 0.042423059375 0.8955078125 0.045453367187499996 0.8974609375 0.045453367187499996 0.9013671875 0.042423059375 0.9033203125 0.042423059375 0.9287109375 0.0484836734375 0.9326171875 0.0484836734375 0.9384765625 0.056059440625 0.943359375 0.059089746875 0.943359375 0.0621200546875 0.9453125 0.0681806671875 0.9453125 0.071210975 0.947265625 0.0772715875 0.947265625 0.08030189531250001 0.94921875 0.0833322015625 0.94921875 0.092423121875 0.955078125 0.11969588281250002 0.955078125 0.12272618906249999 0.95703125 0.12575649687499998 0.95703125 0.128786803125 0.955078125 0.131817109375 0.955078125 0.13484741718749998 0.953125 0.1439383375 0.953125 0.14696864375000002 0.955078125 0.14999895000000002 0.955078125 0.1560595640625 0.958984375 0.18636263125000002 0.958984375 0.1954535515625 0.953125 0.20454447187499997 0.953125 0.2136353921875 0.958984375 0.21969600625000002 0.958984375 0.2227263125 0.9609375 0.25605968749999997 0.9609375 0.2606051484375 0.9580078125 0.2606051484375 0.9560546875 0.2621203015625 0.955078125 0.2651506078125 0.955078125 0.2681809140625 0.953125 0.271211221875 0.953125 0.274241528125 0.955078125 0.27727183437499997 0.955078125 0.2803021421875 0.958984375 0.2984839828125 0.958984375 0.3015142890625 0.95703125 0.3045445953125 0.958984375 0.3121203625 0.9541015625 0.3121203625 0.9521484375 0.313635515625 0.951171875 0.32575674375 0.951171875 0.33181735625000003 0.955078125 0.36212042499999997 0.955078125 0.36515073125 0.95703125 0.377271959375 0.95703125 0.380302265625 0.955078125 0.38636287812500003 0.955078125 0.3893931859375 0.953125 0.40454471875 0.953125 0.40757502656250005 0.955078125 0.4257568671875 0.955078125 0.4287871734375 0.95703125 0.43787809375000003 0.95703125 0.4409084 0.955078125 0.44696901406249995 0.955078125 0.449999321875 0.953125 0.45302962812500003 0.955078125 0.459090240625 0.955078125 0.4651508546875 0.958984375 0.47121146875 0.958984375 0.47424177500000003 0.9609375 0.47727208125000004 0.9609375 0.4803023890625 0.958984375 0.5045448421875001 0.958984375 0.50757515 0.95703125 0.51060545625 0.95703125 0.5136357625 0.955078125 0.528787296875 0.955078125 0.5333327578125 0.9580078125 0.5333327578125 0.9599609375 0.5348479109375 0.9609375 0.5469691375 0.9609375 0.54999944375 0.958984375 0.562120671875 0.958984375 0.5651509781249999 0.95703125 0.5803025125 0.95703125 0.5863631265625 0.9609375 0.5893934328125 0.9609375 0.5924237390625 0.962890625 0.61666619375 0.962890625 0.6181813468749999 0.9619140625 0.6181813468749999 0.9599609375 0.62272680625 0.95703125 0.6318177265625 0.95703125 0.63333288125 0.9580078125 0.63333288125 0.9599609375 0.637878340625 0.962890625 0.640908646875 0.962890625 0.6439389546875 0.96484375 0.674242021875 0.96484375 0.675757175 0.9638671875 0.675757175 0.9619140625 0.6803026359375 0.958984375 0.6924238625 0.958984375 0.693939015625 0.9599609375 0.693939015625 0.9619140625 0.6984844765625 0.96484375 0.7136360093749999 0.96484375 0.7166663171875001 0.966796875 0.7196966234375 0.966796875 0.7227269296875 0.96484375 0.743939078125 0.96484375 0.7484845375 0.9619140625 0.7484845375 0.9599609375 0.7560603046875001 0.955078125 0.765151225 0.955078125 0.7696966859375001 0.9580078125 0.7696966859375001 0.9599609375 0.7712118390625 0.9609375 0.7984846 0.9609375 0.8075755203125 0.955078125 0.813636134375 0.955078125 0.8166664406249999 0.95703125 0.8196967468749999 0.95703125 0.8227270531249999 0.958984375 0.8257573609375 0.958984375 0.8287876671875001 0.9609375 0.856060428125 0.9609375 0.859090734375 0.962890625 0.86818165625 0.962890625 0.8712119625 0.9609375 0.87424226875 0.9609375 0.8772725765624999 0.958984375 0.892424109375 0.958984375 0.8954544156249999 0.9609375 0.9257574843749999 0.9609375 0.9348484046875001 0.955078125 0.943939325 0.955078125 0.948484784375 0.9521484375 0.948484784375 0.9482421875 0.9515150921875 0.9462890625 0.9515150921875 0.9384765625 0.9545453984375 0.9365234375 0.9545453984375 0.9345703125 0.9575757046875 0.9326171875 0.9575757046875 0.9306640625 0.9606060125000001 0.9287109375 0.9606060125000001 0.9267578125 0.9575757046875 0.9248046875 0.9606060125000001 0.9228515625 0.9606060125000001 0.9208984375 0.9636363187500001 0.9189453125 0.9636363187500001 0.9150390625 0.9606060125000001 0.9130859375 0.9606060125000001 0.9072265625 0.9575757046875 0.9052734375 0.9575757046875 0.9033203125 0.9545453984375 0.9013671875 0.9545453984375 0.8955078125 0.9636363187500001 0.8896484375 0.9636363187500001 0.8837890625 0.966666625 0.8818359375 0.966666625 0.8701171875 0.9575757046875 0.8642578125 0.9575757046875 0.8603515625 0.9696969328125 0.8525390625 0.9696969328125 0.8466796875 0.9727272390625 0.8447265625 0.9727272390625 0.8291015625 0.966666625 0.8251953125 0.966666625 0.8232421875 0.9606060125000001 0.8193359375 0.9606060125000001 0.8134765625 0.9681817781250001 0.80859375 0.9712120859375 0.80859375 0.9757575453125 0.8056640625 0.9757575453125 0.8017578125 0.9787878531249999 0.7998046875 0.9787878531249999 0.7705078125 0.9712120859375 0.765625 0.9681817781250001 0.765625 0.966666625 0.7646484375 0.966666625 0.7548828125 0.9696969328125 0.7529296875 0.9696969328125 0.7490234375 0.9727272390625 0.7470703125 0.9727272390625 0.7431640625 0.9757575453125 0.7412109375 0.9757575453125 0.7294921875 0.9696969328125 0.7255859375 0.9696969328125 0.7236328125 0.966666625 0.7216796875 0.966666625 0.7158203125 0.9787878531249999 0.7080078125 0.9787878531249999 0.6884765625 0.9757575453125 0.6865234375 0.9757575453125 0.6845703125 0.9742423921875 0.68359375 0.9712120859375 0.68359375 0.9636363187500001 0.6787109375 0.9636363187500001 0.6728515625 0.966666625 0.6708984375 0.966666625 0.6435546875 0.9606060125000001 0.6396484375 0.9606060125000001 0.6337890625 0.9636363187500001 0.6318359375 0.9636363187500001 0.6298828125 0.9696969328125 0.6259765625 0.9696969328125 0.6181640625 0.9727272390625 0.6162109375 0.9727272390625 0.6103515625 0.9696969328125 0.6083984375 0.9696969328125 0.6025390625 0.9636363187500001 0.5986328125 0.9636363187500001 0.5966796875 0.9606060125000001 0.5947265625 0.9606060125000001 0.5927734375 0.9636363187500001 0.5908203125 0.9636363187500001 0.5888671875 0.9681817781250001 0.5859375 0.9712120859375 0.5859375 0.9757575453125 0.5830078125 0.9757575453125 0.5576171875 0.9712120859375 0.5546875 0.9681817781250001 0.5546875 0.9636363187500001 0.5517578125 0.9636363187500001 0.5458984375 0.966666625 0.5439453125 0.966666625 0.5419921875 0.9696969328125 0.5400390625 0.9696969328125 0.5185546875 0.966666625 0.5166015625 0.966666625 0.5146484375 0.9636363187500001 0.5126953125 0.9636363187500001 0.5048828125 0.966666625 0.5029296875 0.966666625 0.4912109375 0.9696969328125 0.4892578125 0.9696969328125 0.4716796875 0.9636363187500001 0.4677734375 0.9636363187500001 0.4580078125 0.966666625 0.4560546875 0.966666625 0.4228515625 0.9636363187500001 0.4208984375 0.9636363187500001 0.4111328125 0.966666625 0.4091796875 0.966666625 0.3916015625 0.9696969328125 0.3896484375 0.9696969328125 0.3837890625 0.9727272390625 0.3818359375 0.9727272390625 0.3681640625 0.9696969328125 0.3662109375 0.9696969328125 0.3486328125 0.9727272390625 0.3466796875 0.9727272390625 0.3427734375 0.9636363187500001 0.3369140625 0.9636363187500001 0.3310546875 0.966666625 0.3291015625 0.966666625 0.3271484375 0.9696969328125 0.3251953125 0.9696969328125 0.2958984375 0.966666625 0.2939453125 0.966666625 0.2822265625 0.9696969328125 0.2802734375 0.9696969328125 0.2763671875 0.9727272390625 0.2744140625 0.9727272390625 0.2685546875 0.9696969328125 0.2666015625 0.9696969328125 0.2587890625 0.9636363187500001 0.2548828125 0.9636363187500001 0.2451171875 0.9681817781250001 0.2421875 0.9712120859375 0.2421875 0.9727272390625 0.2412109375 0.9727272390625 0.2333984375 0.9757575453125 0.2314453125 0.9757575453125 0.2197265625 0.9727272390625 0.2177734375 0.9727272390625 0.2119140625 0.966666625 0.2099609375 0.966666625 0.2080078125 0.9636363187500001 0.2060546875 0.9636363187500001 0.2001953125 0.966666625 0.1982421875 0.966666625 0.1962890625 0.9696969328125 0.1943359375 0.9696969328125 0.1845703125 0.9727272390625 0.1826171875 0.9727272390625 0.1748046875 0.9696969328125 0.1728515625 0.9696969328125 0.1708984375 0.966666625 0.1689453125 0.966666625 0.1630859375 0.9727272390625 0.1591796875 0.9727272390625 0.1533203125 0.9757575453125 0.1513671875 0.9757575453125 0.1337890625 0.9727272390625 0.1318359375 0.9727272390625 0.1298828125 0.9696969328125 0.1279296875 0.9696969328125 0.1259765625 0.9636363187500001 0.1220703125 0.9636363187500001 0.1142578125 0.966666625 0.1123046875 0.966666625 0.1103515625 0.9696969328125 0.1083984375 0.9696969328125 0.1064453125 0.9727272390625 0.1044921875 0.9727272390625 0.0908203125 0.9696969328125 0.0888671875 0.9696969328125 0.0849609375 0.966666625 0.0830078125 0.966666625 0.0810546875 0.9727272390625 0.0771484375 0.9727272390625 0.0751953125 0.9757575453125 0.0732421875 0.9757575453125 0.0458984375 0.9727272390625 0.0439453125 0.9727272390625 0.0419921875 0.9636363187500001 0.0361328125 0.9636363187500001 0.0341796875 0.9590908593749999 0.03125 0.94090901875 0.03125 0.9378787109375001 0.033203125 0.9318180984375 0.033203125 0.9287877906249999 0.03515625 0.9075756437500001 0.03515625 0.9045453359375 0.033203125 0.8954544156249999 0.033203125 0.892424109375 0.03125 0.8772725765624999 0.03125 0.87424226875 0.029296875 0.8651513484375 0.029296875 0.8621210421875001 0.03125 0.8439392015625 0.03125 0.84090889375 0.029296875 0.8318179734375001 0.029296875 0.8287876671875001 0.03125 0.8196967468749999 0.03125 0.8166664406249999 0.033203125 0.813636134375 0.03125 0.7742421453125 0.03125 0.7712118390625 0.029296875 0.677272328125 0.029296875 0.674242021875 0.03125 0.6590904890625 0.03125 0.65606018125 0.029296875 0.601514659375 0.029296875 0.598484353125 0.03125 0.562120671875 0.03125 0.5590903640625 0.029296875 0.5469691375 0.029296875 0.54393883125 0.02734375 0.5378782171875 0.02734375 0.5348479109375 0.029296875 0.5045448421875001 0.029296875 0.5015145359375001 0.02734375 0.49848422968749995 0.029296875 0.4409084 0.029296875 0.43787809375000003 0.03125 0.4287871734375 0.03125 0.4257568671875 0.033203125 0.42272655937500003 0.03125 0.38333257187499997 0.03125 0.380302265625 0.029296875 0.3742416515625 0.029296875 0.3712113453125 0.03125 0.3348476640625 0.03125 0.33181735625000003 0.033203125 0.31060520937499997 0.033203125 0.307574903125 0.03515625 0.29242336875 0.03515625 0.28939306249999996 0.033203125 0.234847540625 0.033203125 0.23181723281250002 0.03515625 0.2227263125 0.03515625 0.21969600625000002 0.037109375 0.20454447187499997 0.037109375 0.201514165625 0.0390625 0.1924232453125 0.0390625 0.18939293906250002 0.041015625 0.1530292578125 0.041015625 0.14999895000000002 0.0390625 0.089392815625 0.0390625 0.0863625078125 0.037109375 0.056059440625 0.037109375 0.0515139796875 0.0400390625 0.0515139796875 0.0498046875 0.0484836734375 0.0517578125 0.0484836734375 0.0712890625 0.0515139796875 0.0732421875 0.0515139796875 0.0810546875 0.0484836734375 0.0830078125 0.0484836734375 0.1064453125 0.0515139796875 0.1083984375 0.0515139796875 0.1162109375 0.045453367187499996 0.1201171875 0.045453367187499996 0.1259765625 0.042423059375 0.1279296875 0.042423059375 0.1513671875 0.0484836734375 0.1552734375 0.0484836734375 0.1630859375 0.045453367187499996 0.1650390625 0.045453367187499996 0.1884765625 0.0484836734375 0.1904296875 0.0484836734375 0.1943359375 0.045453367187499996 0.1962890625 0.045453367187499996 0.2119140625 0.042423059375 0.2138671875 0.042423059375 0.2255859375 0.039392753125 0.2275390625 0.039392753125 0.2353515625 0.042423059375 0.2373046875 0.042423059375 0.2392578125 0.045453367187499996 0.2412109375 0.045453367187499996 0.2490234375 0.042423059375 0.2509765625 0.042423059375 0.2548828125 0.039392753125 0.2568359375 0.039392753125 0.2607421875 0.036362446874999996 0.2626953125 0.036362446874999996 0.2724609375 0.039392753125 0.2744140625 0.039392753125 0.2861328125 0.042423059375 0.2880859375 0.042423059375 0.2978515625 0.039392753125 0.2998046875 0.039392753125 0.3193359375 0.042423059375 0.3212890625 0.042423059375 0.3427734375 0.039392753125 0.3447265625 0.039392753125 0.3701171875 0.045453367187499996 0.3740234375 0.045453367187499996 0.3798828125 0.042423059375 0.3818359375 0.042423059375 0.3837890625 0.039392753125 0.3857421875 0.039392753125 0.4013671875 0.042423059375 0.4033203125 0.042423059375 0.4052734375 0.045453367187499996 0.4072265625 0.042423059375 0.4091796875 0.042423059375 0.4521484375 0.045453367187499996 0.4541015625 0.045453367187499996 0.4599609375 0.042423059375 0.4619140625 0.042423059375 0.4833984375 0.039392753125 0.4853515625 0.039392753125 0.4951171875 0.042423059375 0.4970703125 0.042423059375 0.5048828125 0.039392753125 0.5068359375 0.039392753125 0.5087890625 0.036362446874999996 0.5107421875 0.036362446874999996 0.5126953125 0.033332140625 0.5146484375 0.036362446874999996 0.5166015625 0.036362446874999996 0.5205078125 0.033332140625 0.5224609375 0.033332140625 0.5263671875 0.039392753125 0.5302734375 0.039392753125 0.5380859375 0.033332140625 0.5419921875 0.033332140625 0.5732421875 0.039392753125 0.5771484375 0.039392753125 0.5791015625 0.042423059375 0.5810546875 0.039392753125 0.5830078125 0.039392753125 0.5869140625 0.033332140625 0.5908203125 0.033332140625 0.6083984375 0.039392753125 0.6123046875 0.039392753125 0.6201171875 0.036362446874999996 0.6220703125 0.036362446874999996 0.6337890625 0.033332140625 0.6357421875 0.033332140625 0.6572265625 0.036362446874999996 0.6591796875 0.036362446874999996 0.6630859375 0.033332140625 0.6650390625 0.033332140625 0.6708984375
