0 0.50859375 0.5015625 0.946875 0.96875
2 0.07109375 0.03046875 0.015625 0.021875
2 0.11171875 0.02734375 0.0125 0.01875
2 0.1984375 0.02890625 0.0171875 0.0234375
2 0.278125 0.0265625 0.021875 0.028125
2 0.325 0.02265625 0.0203125 0.021875
2 0.36796875 0.0265625 0.0171875 0.0234375
2 0.40546875 0.028125 0.015625 0.021875
2 0.58359375 0.03125 0.0125 0.0203125
2 0.625 0.03203125 0.01875 0.025
2 0.6671875 0.03515625 0.0171875 0.025
2 0.7078125 0.0375 0.015625 0.01875
2 0.78984375 0.0421875 0.0234375 0.025
2 0.86796875 0.03828125 0.0171875 0.0234375
2 0.90234375 0.0453125 0.015625 0.0203125
2 0.82109375 0.97265625 0.015625 0.025
2 0.84765625 0.96875 0.0171875 0.025
2 0.87578125 0.97265625 0.01875 0.021875
2 0.8984375 0.975 0.015625 0.0203125
2 0.52265625 0.9734375 0.0125 0.021875
2 0.5515625 0.9703125 0.0125 0.01875
2 0.575 0.9734375 0.0140625 0.01875
2 0.60078125 0.97265625 0.015625 0.01875
2 0.2796875 0.97421875 0.015625 0.0234375
2 0.071875 0.96484375 0.0109375 0.025
2 0.09765625 0.96484375 0.0140625 0.0234375
2 0.04921875 0.6078125 0.0140625 0.025
2 0.0421875 0.17421875 0.0125 0.025
2 0.04296875 0.23984375 0.015625 0.025
2 0.04296875 0.0921875 0.0125 0.0234375
