0 0.9500632109374999 0.26278264375 0.9437420984375 0.0407414953125 0.055309734374999996 0.0356488078125 0.033185840625000004 0.0662049296875 0.02212389375 0.27194948124999996 0.0316055625 0.96048075 0.05056890000000001 0.9757588109374999 0.9484829328125001 0.9635363625 0.9595448796875001 0.929924628125 0.9690265484375 0.3259319609375 0.9595448796875001 0.286209003125 0.9500632109374999 0.26278264375
2 0.10390625 0.03828125 0.03125 0.015625
2 0.1765625 0.04375 0.0375 0.015625
2 0.2296875 0.04375 0.0328125 0.025
2 0.2984375 0.03828125 0.04375 0.01875
2 0.36015625 0.03984375 0.046875 0.0171875
2 0.46328125 0.040625 0.028125 0.021875
2 0.52734375 0.04140625 0.03125 0.015625
2 0.5890625 0.04375 0.040625 0.028125
2 0.6640625 0.0421875 0.04375 0.0234375
2 0.78671875 0.0390625 0.0375 0.021875
2 0.903125 0.04453125 0.0359375 0.01875
2 0.828125 0.95859375 0.034375 0.01875
2 0.0375 0.103125 0.03125 0.025
2 0.03125 0.1375 0.025 0.015625
2 0.034375 0.409375 0.0265625 0.021875
2 0.03515625 0.5859375 0.025 0.021875
2 0.0390625 0.665625 0.028125 0.021875
2 0.0390625 0.74921875 0.03125 0.0171875
2 0.0359375 0.79609375 0.03125 0.021875
2 0.0375 0.878125 0.0234375 0.021875
