1 0.95234375 0.06875 0.04375 0.0515625
2 0.9640625 0.12890625 0.015625 0.034375
2 0.9609375 0.19765625 0.01875 0.03125
2 0.96171875 0.25625 0.0171875 0.0328125
2 0.96328125 0.321875 0.0171875 0.028125
2 0.96171875 0.38046875 0.0171875 0.025
2 0.96484375 0.4328125 0.01875 0.021875
2 0.9609375 0.48515625 0.015625 0.034375
2 0.959375 0.553125 0.01875 0.03125
2 0.9578125 0.61171875 0.021875 0.03125
2 0.95703125 0.68828125 0.021875 0.028125
2 0.96015625 0.74140625 0.01875 0.03125
2 0.959375 0.80703125 0.025 0.025
2 0.96015625 0.871875 0.0234375 0.0265625
2 0.9546875 0.9296875 0.009375 0.0359375
2 0.93203125 0.97109375 0.015625 0.0171875
2 0.8984375 0.96953125 0.021875 0.0234375
2 0.853125 0.97265625 0.025 0.0234375
2 0.73671875 0.96875 0.0125 0.021875
2 0.459375 0.96484375 0.0140625 0.0296875
2 0.41015625 0.96953125 0.021875 0.0265625
2 0.38046875 0.9640625 0.021875 0.0234375
2 0.32578125 0.96953125 0.0265625 0.0265625
2 0.9 0.05390625 0.025 0.025
2 0.8640625 0.05 0.021875 0.0203125
2 0.81796875 0.0453125 0.021875 0.0234375
2 0.72421875 0.03828125 0.01875 0.021875
2 0.67890625 0.04453125 0.01875 0.0234375
2 0.63984375 0.04609375 0.015625 0.028125
2 0.60078125 0.0453125 0.0234375 0.021875
2 0.55546875 0.03984375 0.01875 0.01875
2 0.5140625 0.04296875 0.021875 0.028125
2 0.46640625 0.0453125 0.025 0.0234375
2 0.42265625 0.04140625 0.0203125 0.021875
2 0.33828125 0.040625 0.01875 0.028125
2 0.290625 0.03984375 0.021875 0.03125
2 0.2046875 0.0421875 0.015625 0.03125
2 0.125 0.0453125 0.021875 0.0359375
2 0.0859375 0.03515625 0.0171875 0.03125
0 0.9649623140625 0.5331858406250001 0.9665919734375 0.0945006328125 0.9649623140625 0.08501896406250001 0.9594622125000001 0.0739570171875 0.9405174171875 0.057206068750000005 0.9262578937500001 0.0534134 0.8875534734375 0.0496207328125 0.77266245625 0.0451959546875 0.0631493171875 0.0338179515625 0.0537787734375 0.0388748421875 0.045223059375 0.05088495625 0.0376858828125 0.06637168125000001 0.03320431875 0.11188369218750001 0.0323894890625 0.137800253125 0.030556121874999998 0.5180151703125 0.032796903125 0.7885587859375 0.0405377875 0.8881163078125001 0.0354451015625 0.9718710500000001 0.3177836625 0.986093553125 0.3357099203125 0.9883059421875 0.580973721875 0.9968394437500001 0.8849052765625001 0.98135271875 0.924831940625 0.97471555 0.938276634375 0.96523388125 0.9421470765625 0.960809103125 0.9435730296875 0.9567003796875 0.9519250359375 0.909924146875 0.9600733343750001 0.7714917828125001 0.9649623140625 0.5331858406250001
