0 0.9737217359375 0.045828065625 0.96048075 0.025284450000000003 0.925850478125 0.02212389375 0.190466490625 0.026864728124999997 0.062130779687500005 0.039506953125 0.0437971078125 0.053729456249999995 0.0336117328125 0.07585335 0.0336117328125 0.11852085937500001 0.0458341828125 0.9149810359374999 0.0723161546875 0.9639696593749999 0.9665919734375 0.9465866000000001 0.9737217359375 0.045828065625
2 0.0421875 0.178125 0.015625 0.0328125
2 0.04296875 0.23671875 0.02109375 0.028125
2 0.04140625 0.303125 0.0171875 0.03125
2 0.04140625 0.36484375 0.0203125 0.03125
2 0.04453125 0.53828125 0.02109375 0.0265625
2 0.0421875 0.5953125 0.0234375 0.0234375
2 0.046875 0.675 0.0203125 0.028125
2 0.0421875 0.79609375 0.015625 0.03125
1 0.0578125 0.93359375 0.03984375 0.06953125
2 0.221875 0.94765625 0.0125 0.0234375
2 0.4953125 0.96328125 0.0203125 0.0203125
2 0.540625 0.95703125 0.0203125 0.0265625
2 0.80546875 0.95703125 0.01328125 0.0203125
2 0.96015625 0.81875 0.0109375 0.03828125
2 0.32265625 0.0328125 0.0140625 0.01875
2 0.3609375 0.03515625 0.02109375 0.03515625
2 0.403125 0.03125 0.02265625 0.03515625
2 0.5375 0.03515625 0.0171875 0.021875
2 0.58125 0.03046875 0.01953125 0.0234375
2 0.6640625 0.03671875 0.0140625 0.028125
2 0.75 0.03671875 0.01796875 0.028125
2 0.79609375 0.0359375 0.0171875 0.0234375
