2 0.03984375 0.246875 0.0171875 0.028125
2 0.0421875 0.19140625 0.02109375 0.03125
2 0.0375 0.11640625 0.01640625 0.0234375
2 0.0609375 0.03828125 0.0171875 0.025
2 0.03984375 0.31640625 0.01640625 0.025
2 0.040625 0.37421875 0.0140625 0.03125
2 0.04375 0.47421875 0.01640625 0.028125
2 0.04609375 0.55078125 0.01953125 0.03671875
2 0.04609375 0.67734375 0.0171875 0.0265625
2 0.04296875 0.7296875 0.01796875 0.0265625
2 0.04765625 0.803125 0.0171875 0.03515625
2 0.0515625 0.92265625 0.0171875 0.025
2 0.1515625 0.96875 0.02265625 0.028125
2 0.18359375 0.96171875 0.02109375 0.0234375
2 0.22890625 0.95546875 0.0171875 0.0265625
2 0.30390625 0.965625 0.01796875 0.028125
2 0.34375 0.97109375 0.01953125 0.0265625
2 0.54765625 0.96328125 0.0234375 0.03671875
2 0.59765625 0.96171875 0.02109375 0.0265625
2 0.6265625 0.96015625 0.01796875 0.0296875
2 0.678125 0.95859375 0.01640625 0.0234375
2 0.70859375 0.95859375 0.0234375 0.0234375
2 0.76171875 0.95625 0.01328125 0.015625
2 0.8109375 0.95234375 0.02265625 0.0234375
2 0.84609375 0.9546875 0.0265625 0.021875
2 0.103125 0.02734375 0.02421875 0.0265625
2 0.14140625 0.02421875 0.02109375 0.0265625
2 0.18359375 0.02265625 0.01796875 0.0328125
2 0.240625 0.01875 0.01796875 0.021875
2 0.36640625 0.02421875 0.02109375 0.0203125
2 0.4078125 0.025 0.02109375 0.021875
2 0.4515625 0.0203125 0.01796875 0.028125
2 0.490625 0.01953125 0.01640625 0.0265625
2 0.5375 0.01953125 0.0171875 0.0203125
2 0.5875 0.01796875 0.01953125 0.0234375
2 0.634375 0.01796875 0.02421875 0.0265625
2 0.6703125 0.01796875 0.01796875 0.0265625
2 0.71328125 0.01484375 0.01953125 0.0234375
2 0.75 0.01875 0.02265625 0.01875
2 0.91640625 0.01640625 0.0171875 0.0203125
0 0.3798828125 0.963637553125 0.3837890625 0.957576940625 0.3896484375 0.957576940625 0.3916015625 0.960607246875 0.3935546875 0.960607246875 0.3955078125 0.963637553125 0.4072265625 0.963637553125 0.4091796875 0.960607246875 0.4150390625 0.960607246875 0.4169921875 0.957576940625 0.4306640625 0.957576940625 0.4326171875 0.960607246875 0.4619140625 0.960607246875 0.4638671875 0.957576940625 0.4677734375 0.957576940625 0.4697265625 0.9545466328125001 0.4716796875 0.9545466328125001 0.4736328125 0.957576940625 0.4775390625 0.957576940625 0.4794921875 0.960607246875 0.4814453125 0.957576940625 0.4970703125 0.957576940625 0.4990234375 0.9545466328125001 0.5048828125 0.9545466328125001 0.5068359375 0.957576940625 0.5087890625 0.957576940625 0.5126953125 0.963637553125 0.5146484375 0.963637553125 0.5166015625 0.966667859375 0.5361328125 0.966667859375 0.5419921875 0.957576940625 0.5439453125 0.957576940625 0.5458984375 0.9545466328125001 0.5478515625 0.9545466328125001 0.5498046875 0.957576940625 0.5517578125 0.957576940625 0.5556640625 0.963637553125 0.5595703125 0.963637553125 0.5615234375 0.966667859375 0.5673828125 0.966667859375 0.5693359375 0.963637553125 0.5849609375 0.963637553125 0.5869140625 0.960607246875 0.5888671875 0.960607246875 0.5908203125 0.957576940625 0.5927734375 0.957576940625 0.5947265625 0.9545466328125001 0.5986328125 0.9545466328125001 0.6005859375 0.957576940625 0.6201171875 0.957576940625 0.6240234375 0.9515163265625001 0.6279296875 0.9515163265625001 0.6298828125 0.9545466328125001 0.6318359375 0.9545466328125001 0.6328125 0.9560617859375 0.6328125 0.95909209375 0.6357421875 0.963637553125 0.6376953125 0.963637553125 0.6396484375 0.966667859375 0.6611328125 0.966667859375 0.6630859375 0.963637553125 0.6669921875 0.963637553125 0.6748046875 0.9515163265625001 0.6787109375 0.9515163265625001 0.6826171875 0.957576940625 0.7041015625 0.957576940625 0.7060546875 0.9545466328125001 0.7138671875 0.9545466328125001 0.7158203125 0.957576940625 0.7177734375 0.957576940625 0.7197265625 0.960607246875 0.7373046875 0.960607246875 0.7392578125 0.957576940625 0.7509765625 0.957576940625 0.7548828125 0.9515163265625001 0.7626953125 0.9515163265625001 0.7666015625 0.957576940625 0.7685546875 0.957576940625 0.7705078125 0.9545466328125001 0.7841796875 0.9545466328125001 0.7861328125 0.9515163265625001 0.8037109375 0.9515163265625001 0.8056640625 0.9484860203125001 0.8076171875 0.9484860203125001 0.8095703125 0.9454557124999999 0.8115234375 0.9454557124999999 0.8134765625 0.9484860203125001 0.8154296875 0.9484860203125001 0.8173828125 0.9515163265625001 0.8271484375 0.9515163265625001 0.8291015625 0.9545466328125001 0.8310546875 0.9545466328125001 0.8330078125 0.9515163265625001 0.8388671875 0.9515163265625001 0.8408203125 0.9484860203125001 0.8427734375 0.9484860203125001 0.8447265625 0.9454557124999999 0.8505859375 0.9454557124999999 0.8525390625 0.9484860203125001 0.8740234375 0.9484860203125001 0.8759765625 0.9454557124999999 0.8779296875 0.9484860203125001 0.8798828125 0.9484860203125001 0.8818359375 0.9454557124999999 0.8974609375 0.9454557124999999 0.8994140625 0.9484860203125001 0.9189453125 0.9484860203125001 0.9208984375 0.9454557124999999 0.9462890625 0.9454557124999999 0.9482421875 0.9424254062499999 0.9580078125 0.9424254062499999 0.962890625 0.9348496390625 0.962890625 0.904546571875 0.96484375 0.9015162640625001 0.96484375 0.8621222765625 0.962890625 0.8590919703125 0.962890625 0.85303135625 0.9609375 0.85000105 0.9609375 0.831819209375 0.962890625 0.8287889015625 0.962890625 0.8106070609374999 0.96484375 0.8075767546874999 0.96484375 0.795455528125 0.966796875 0.7924252203125 0.966796875 0.7712130734375 0.96875 0.7681827671875 0.96875 0.7378796984375 0.966796875 0.7348493921875 0.966796875 0.7196978578125 0.96484375 0.7166675515625001 0.96484375 0.6984857109375 0.966796875 0.6954554046875 0.966796875 0.689394790625 0.96875 0.6863644843750001 0.96875 0.66818264375 0.970703125 0.6651523359375 0.970703125 0.6075765078125 0.96875 0.6045462015624999 0.96875 0.5196976109375 0.970703125 0.5166673046875 0.970703125 0.4803036234375 0.96875 0.477273315625 0.96875 0.46212178281250005 0.970703125 0.45909147656249993 0.970703125 0.43181871562499996 0.96875 0.4287884078125 0.96875 0.4106065671875 0.966796875 0.40757626093750005 0.966796875 0.40151564687499997 0.96875 0.398485340625 0.96875 0.39545503437499996 0.966796875 0.3924247265625 0.966796875 0.3893944203125 0.96875 0.3863641140625 0.96875 0.3742428859375 0.970703125 0.3712125796875 0.970703125 0.365151965625 0.96875 0.36212165937499996 0.96875 0.346970125 0.966796875 0.34393981875 0.966796875 0.3136367515625 0.96875 0.31060644375 0.96875 0.30454583125 0.970703125 0.3015155234375 0.970703125 0.2984852171875 0.97265625 0.2954549109375 0.97265625 0.292424603125 0.974609375 0.28939429687499996 0.974609375 0.2803033765625 0.97265625 0.27727307031250004 0.97265625 0.25606092187499996 0.970703125 0.253030615625 0.970703125 0.143939571875 0.97265625 0.140909265625 0.97265625 0.1287880375 0.970703125 0.12575773125 0.970703125 0.113636503125 0.97265625 0.11060619687499999 0.97265625 0.10757589062499999 0.974609375 0.10454558437499999 0.974609375 0.0984849703125 0.97265625 0.0954546640625 0.97265625 0.09242435624999999 0.974609375 0.08939405 0.97265625 0.08636374375 0.97265625 0.0803031296875 0.974609375 0.0772728234375 0.974609375 0.059090981249999994 0.970703125 0.05303036875 0.970703125 0.037878834374999996 0.96875 0.034848528125 0.96875 0.028787914062499996 0.9658203125 0.0242424546875 0.9638671875 0.0242424546875 0.9609375 0.01969699375 0.9609375 0.0166666875 0.9560546875 0.0090909203125 0.9326171875 0.0090909203125 0.9306640625 0.0121212265625 0.9228515625 0.0121212265625 0.921875 0.01363638125 0.921875 0.01969699375 0.9208984375 0.021212146874999997 0.8974609375 0.021212146874999997 0.8955078125 0.0242424546875 0.8798828125 0.0242424546875 0.8779296875 0.021212146874999997 0.8759765625 0.021212146874999997 0.8740234375 0.018181840625 0.8642578125 0.018181840625 0.8623046875 0.015151534375000001 0.8466796875 0.015151534375000001 0.8427734375 0.021212146874999997 0.8369140625 0.021212146874999997 0.8349609375 0.0242424546875 0.8330078125 0.0242424546875 0.8310546875 0.021212146874999997 0.8291015625 0.021212146874999997 0.8271484375 0.0242424546875 0.8017578125 0.0242424546875 0.7998046875 0.0272727609375 0.7958984375 0.0272727609375 0.7939453125 0.0242424546875 0.7900390625 0.0242424546875 0.7861328125 0.018181840625 0.7841796875 0.018181840625 0.7822265625 0.021212146874999997 0.7744140625 0.021212146874999997 0.7724609375 0.018181840625 0.7666015625 0.018181840625 0.7646484375 0.021212146874999997 0.7626953125 0.021212146874999997 0.7607421875 0.0242424546875 0.7568359375 0.0242424546875 0.7548828125 0.0272727609375 0.7509765625 0.0272727609375 0.7490234375 0.0242424546875 0.7470703125 0.0242424546875 0.7451171875 0.021212146874999997 0.7412109375 0.021212146874999997 0.7392578125 0.018181840625 0.7216796875 0.018181840625 0.7177734375 0.0242424546875 0.7099609375 0.0242424546875 0.70703125 0.01969699375 0.70703125 0.0166666875 0.7041015625 0.0121212265625 0.6826171875 0.0121212265625 0.6806640625 0.015151534375000001 0.6767578125 0.015151534375000001 0.6708984375 0.0242424546875 0.6650390625 0.0242424546875 0.6572265625 0.0121212265625 0.6552734375 0.015151534375000001 0.6455078125 0.015151534375000001 0.6396484375 0.0242424546875 0.6357421875 0.0242424546875 0.6337890625 0.021212146874999997 0.6318359375 0.021212146874999997 0.630859375 0.01969699375 0.630859375 0.01363638125 0.6298828125 0.0121212265625 0.6142578125 0.0121212265625 0.6123046875 0.0090909203125 0.6103515625 0.0121212265625 0.5966796875 0.0121212265625 0.59375 0.0166666875 0.59375 0.01969699375 0.5908203125 0.0242424546875 0.5869140625 0.0242424546875 0.5849609375 0.0272727609375 0.5830078125 0.0242424546875 0.5791015625 0.0242424546875 0.5771484375 0.021212146874999997 0.5712890625 0.021212146874999997 0.5693359375 0.018181840625 0.5498046875 0.018181840625 0.5478515625 0.021212146874999997 0.5458984375 0.021212146874999997 0.5439453125 0.0242424546875 0.5380859375 0.0242424546875 0.5361328125 0.0272727609375 0.5341796875 0.0272727609375 0.5322265625 0.0242424546875 0.5302734375 0.0242424546875 0.5283203125 0.021212146874999997 0.5166015625 0.021212146874999997 0.5146484375 0.0242424546875 0.5009765625 0.0242424546875 0.4990234375 0.0272727609375 0.4892578125 0.0272727609375 0.4833984375 0.018181840625 0.4677734375 0.018181840625 0.4658203125 0.021212146874999997 0.4638671875 0.018181840625 0.4599609375 0.0242424546875 0.4560546875 0.0242424546875 0.4541015625 0.0272727609375 0.4501953125 0.0272727609375 0.4482421875 0.0242424546875 0.4423828125 0.0242424546875 0.4404296875 0.021212146874999997 0.4326171875 0.021212146874999997 0.4306640625 0.0242424546875 0.4189453125 0.0242424546875 0.4169921875 0.0272727609375 0.4150390625 0.0272727609375 0.4130859375 0.030303067187499998 0.4052734375 0.030303067187499998 0.4013671875 0.0242424546875 0.3935546875 0.0242424546875 0.3916015625 0.021212146874999997 0.3837890625 0.021212146874999997 0.3818359375 0.0242424546875 0.3740234375 0.0242424546875 0.3720703125 0.0272727609375 0.3701171875 0.0272727609375 0.3681640625 0.030303067187499998 0.3623046875 0.030303067187499998 0.3603515625 0.0272727609375 0.3583984375 0.0272727609375 0.3564453125 0.0242424546875 0.3466796875 0.0242424546875 0.3447265625 0.0272727609375 0.3310546875 0.0272727609375 0.3291015625 0.030303067187499998 0.3271484375 0.030303067187499998 0.3251953125 0.033333375 0.3232421875 0.030303067187499998 0.3056640625 0.030303067187499998 0.3037109375 0.0272727609375 0.2998046875 0.0272727609375 0.2978515625 0.030303067187499998 0.2919921875 0.030303067187499998 0.2900390625 0.0272727609375 0.2802734375 0.0272727609375 0.2763671875 0.021212146874999997 0.2529296875 0.021212146874999997 0.2509765625 0.0242424546875 0.2490234375 0.0242424546875 0.2470703125 0.0272727609375 0.2373046875 0.0272727609375 0.234375 0.0227273015625 0.234375 0.0166666875 0.2333984375 0.015151534375000001 0.2275390625 0.015151534375000001 0.2255859375 0.0121212265625 0.2236328125 0.0121212265625 0.2216796875 0.015151534375000001 0.2041015625 0.015151534375000001 0.2021484375 0.018181840625 0.1982421875 0.018181840625 0.1943359375 0.0242424546875 0.1923828125 0.0242424546875 0.189453125 0.028787914062499996 0.189453125 0.031818221875000004 0.1884765625 0.033333375 0.1826171875 0.033333375 0.1796875 0.028787914062499996 0.1796875 0.0257576078125 0.1787109375 0.0242424546875 0.1728515625 0.0242424546875 0.1708984375 0.021212146874999997 0.1650390625 0.021212146874999997 0.1630859375 0.0242424546875 0.1494140625 0.0242424546875 0.146484375 0.028787914062499996 0.146484375 0.031818221875000004 0.1455078125 0.033333375 0.1435546875 0.033333375 0.1416015625 0.03636368125 0.1396484375 0.033333375 0.1376953125 0.033333375 0.13671875 0.031818221875000004 0.13671875 0.028787914062499996 0.1337890625 0.0242424546875 0.1123046875 0.0242424546875 0.109375 0.028787914062499996 0.109375 0.034848528125 0.1064453125 0.0393939875 0.1005859375 0.0393939875 0.0947265625 0.030303067187499998 0.0791015625 0.030303067187499998 0.0771484375 0.033333375 0.0751953125 0.033333375 0.0732421875 0.03636368125 0.0673828125 0.03636368125 0.0654296875 0.0393939875 0.0576171875 0.0393939875 0.0517578125 0.030303067187499998 0.0439453125 0.030303067187499998 0.0419921875 0.0272727609375 0.037109375 0.034848528125 0.037109375 0.0500000609375 0.0390625 0.05303036875 0.0390625 0.059090981249999994 0.041015625 0.062121289062499994 0.041015625 0.071212209375 0.0390625 0.074242515625 0.0390625 0.10757589062499999 0.041015625 0.11060619687499999 0.041015625 0.11969711718750001 0.037109375 0.12575773125 0.037109375 0.1287880375 0.03515625 0.13181834375 0.03515625 0.143939571875 0.037109375 0.146969878125 0.037109375 0.1681820265625 0.0390625 0.17121233281249998 0.0390625 0.177272946875 0.044921875 0.186363865625 0.044921875 0.1924244796875 0.04296875 0.19545478593750001 0.04296875 0.19848509375 0.0390625 0.20454570625000001 0.0390625 0.22878816093749998 0.044921875 0.23787908125 0.044921875 0.250000309375 0.0439453125 0.2515154625 0.0419921875 0.2515154625 0.037109375 0.259091228125 0.037109375 0.2681821484375 0.03515625 0.27121245625 0.03515625 0.292424603125 0.037109375 0.2954549109375 0.037109375 0.3015155234375 0.0390625 0.30454583125 0.0390625 0.3075761375 0.041015625 0.31060644375 0.041015625 0.3136367515625 0.0390625 0.31666705781250004 0.0390625 0.325757978125 0.037109375 0.32878828437499996 0.037109375 0.36212165937499996 0.041015625 0.3681822734375 0.041015625 0.3742428859375 0.037109375 0.3803035 0.037109375 0.40151564687499997 0.0390625 0.40454595312499997 0.0390625 0.4106065671875 0.041015625 0.4136368734375 0.041015625 0.41666718124999996 0.04296875 0.4196974875 0.04296875 0.4257581015625 0.044921875 0.4287884078125 0.044921875 0.43181871562499996 0.041015625 0.437879328125 0.041015625 0.46212178281250005 0.04296875 0.4651520890625 0.04296875 0.46818239687499996 0.044921875 0.47121270312499997 0.044921875 0.474243009375 0.046875 0.477273315625 0.046875 0.4833339296875 0.044921875 0.4863642375 0.044921875 0.48939454375 0.0439453125 0.490909696875 0.0400390625 0.490909696875 0.0390625 0.49242485 0.0390625 0.4954551578125 0.037109375 0.49848546406249994 0.037109375 0.507576384375 0.03515625 0.510606690625 0.03515625 0.5136369984375 0.037109375 0.5166673046875 0.037109375 0.5257582249999999 0.0390625 0.52878853125 0.0390625 0.5378794515624999 0.0400390625 0.5393946046875 0.0419921875 0.5393946046875 0.046875 0.546970371875 0.046875 0.5560612921875 0.04296875 0.56212190625 0.04296875 0.5681825203125 0.041015625 0.5712128265625 0.041015625 0.5742431328125 0.04296875 0.577273440625 0.04296875 0.5863643609375 0.044921875 0.5893946671875 0.044921875 0.5924249734375 0.046875 0.59545528125 0.046875 0.5984855875 0.048828125 0.60151589375 0.048828125 0.613637121875 0.046875 0.616667428125 0.046875 0.622728040625 0.044921875 0.6257583484375 0.044921875 0.6651523359375 0.046875 0.66818264375 0.046875 0.6712129499999999 0.05078125 0.6772735640625 0.05078125 0.6833341765625 0.048828125 0.6863644843750001 0.048828125 0.689394790625 0.044921875 0.6954554046875 0.044921875 0.7196978578125 0.046875 0.722728165625 0.046875 0.7257584718750001 0.048828125 0.728788778125 0.048828125 0.7378796984375 0.044921875 0.7439403125 0.044921875 0.7500009265625 0.041015625 0.7560615390625001 0.041015625 0.78030399375 0.04296875 0.7833343 0.04296875 0.7893949140625 0.05078125 0.801516140625 0.05078125 0.8075767546874999 0.048828125 0.8106070609374999 0.048828125 0.834849515625 0.046875 0.8378798218749999 0.046875 0.8409101296875001 0.048828125 0.8439404359375 0.048828125 0.85303135625 0.05078125 0.8560616624999999 0.05078125 0.8651525828125 0.046875 0.8712131968750001 0.046875 0.8803041171875 0.044921875 0.8833344234375 0.044921875 0.9015162640625001 0.046875 0.904546571875 0.046875 0.910607184375 0.0498046875 0.9151526453125 0.0517578125 0.9151526453125 0.052734375 0.9166677984374999 0.052734375 0.9196981046875001 0.0546875 0.9227284125 0.0546875 0.9318193328125 0.052734375 0.9348496390625 0.052734375 0.9530314796875 0.0546875 0.9560617859375 0.0546875 0.9651527062499999 0.0556640625 0.966667859375 0.0595703125 0.966667859375 0.0634765625 0.960607246875 0.0654296875 0.960607246875 0.0673828125 0.957576940625 0.1005859375 0.957576940625 0.1025390625 0.9545466328125001 0.1064453125 0.9545466328125001 0.1083984375 0.957576940625 0.1240234375 0.957576940625 0.1259765625 0.960607246875 0.1318359375 0.960607246875 0.1337890625 0.963637553125 0.1376953125 0.963637553125 0.1396484375 0.966667859375 0.1416015625 0.963637553125 0.1435546875 0.963637553125 0.1455078125 0.960607246875 0.1474609375 0.960607246875 0.1494140625 0.957576940625 0.1533203125 0.957576940625 0.15625 0.9621223999999999 0.15625 0.9651527062499999 0.1572265625 0.966667859375 0.1767578125 0.966667859375 0.1796875 0.9621223999999999 0.1796875 0.95909209375 0.1806640625 0.957576940625 0.2216796875 0.957576940625 0.2255859375 0.9515163265625001 0.2294921875 0.9515163265625001 0.2314453125 0.9484860203125001 0.2373046875 0.957576940625 0.2626953125 0.957576940625 0.2646484375 0.9545466328125001 0.2705078125 0.9545466328125001 0.2724609375 0.957576940625 0.2744140625 0.957576940625 0.2763671875 0.960607246875 0.2900390625 0.960607246875 0.2919921875 0.963637553125 0.2939453125 0.963637553125 0.2958984375 0.960607246875 0.3056640625 0.960607246875 0.3095703125 0.966667859375 0.3115234375 0.966667859375 0.3134765625 0.9696981671874999 0.3349609375 0.9696981671874999 0.3388671875 0.963637553125 0.3408203125 0.963637553125 0.3427734375 0.960607246875 0.3447265625 0.960607246875 0.3486328125 0.966667859375 0.3505859375 0.966667859375 0.3525390625 0.9696981671874999 0.3642578125 0.9696981671874999 0.365234375 0.9681830140625 0.3662109375 0.966667859375 0.3759765625 0.966667859375 0.3779296875 0.963637553125 0.3798828125 0.963637553125
