0 0.49296875 0.48515625 0.946875 0.959375
2 0.2546875 0.9484375 0.01875 0.021875
2 0.2125 0.946875 0.0140625 0.0234375
2 0.13515625 0.9515625 0.0171875 0.01875
2 0.1015625 0.95078125 0.015625 0.0234375
2 0.05625 0.953125 0.015625 0.025
2 0.025 0.70625 0.0140625 0.028125
2 0.0296875 0.65390625 0.0140625 0.025
2 0.1734375 0.02578125 0.015625 0.01875
2 0.14453125 0.03125 0.0171875 0.01875
2 0.39140625 0.02109375 0.0171875 0.0203125
2 0.471875 0.01953125 0.015625 0.01875
2 0.44296875 0.01796875 0.015625 0.025
2 0.8421875 0.01015625 0.01875 0.0203125
2 0.89609375 0.01640625 0.0140625 0.0203125
2 0.946875 0.36484375 0.0140625 0.021875
2 0.95078125 0.434375 0.0125 0.021875
2 0.95 0.28671875 0.015625 0.0234375
2 0.9515625 0.66015625 0.0125 0.0234375
2 0.7265625 0.94921875 0.015625 0.01875
