0 0.0491666671875 0.8375 0.8633333328124999 0.85125 0.8616666671875001 0.11499999999999999 0.0416666671875 0.09375 0.024166667187499997 0.10874999999999999 0.0491666671875 0.8375
2 0.05546875 0.10078125 0.0125 0.01640625
2 0.08515625 0.10546875 0.0125 0.01875
2 0.12578125 0.1046875 0.0125 0.01640625
2 0.16015625 0.10390625 0.01171875 0.01484375
2 0.290625 0.1046875 0.0140625 0.0171875
2 0.36015625 0.0984375 0.0125 0.02109375
2 0.503125 0.1109375 0.0140625 0.01875
2 0.80703125 0.1171875 0.01328125 0.01875
2 0.35234375 0.84296875 0.01015625 0.0140625
2 0.49609375 0.8453125 0.01484375 0.01484375
2 0.57109375 0.85234375 0.01484375 0.01484375
2 0.6171875 0.846875 0.01171875 0.0140625
2 0.69375 0.853125 0.0140625 0.0140625
2 0.75546875 0.8484375 0.01015625 0.0140625
