0 0.044921875 0.910607184375 0.052734375 0.9378799453125 0.0595703125 0.9484860203125001 0.0654296875 0.9545466328125001 0.0712890625 0.957576940625 0.1220703125 0.963637553125 0.3193359375 0.9727284734375001 0.7373046875 0.9696981671874999 0.9326171875 0.966667859375 0.9521484375 0.960607246875 0.958984375 0.9500011734375 0.9609375 0.9439405593749999 0.970703125 0.5409097593750001 0.97265625 0.3560610453125 0.970703125 0.062121289062499994 0.96875 0.05303036875 0.9541015625 0.033333375 0.2490234375 0.033333375 0.0673828125 0.0484849078125 0.0498046875 0.0636364421875 0.0419921875 0.0727273625 0.0390625 0.0833334359375 0.03515625 0.32878828437499996 0.03515625 0.8227282890625001 0.041015625 0.8893950374999999 0.044921875 0.910607184375
2 0.36484375 0.0453125 0.02265625 0.0265625
2 0.40625 0.046875 0.01953125 0.0265625
2 0.49140625 0.04296875 0.0234375 0.01875
2 0.534375 0.0390625 0.015625 0.0171875
2 0.5828125 0.040625 0.0203125 0.0171875
2 0.6640625 0.0421875 0.01640625 0.0234375
2 0.71015625 0.0390625 0.01640625 0.0234375
2 0.7484375 0.04140625 0.015625 0.021875
2 0.79609375 0.0421875 0.01953125 0.0203125
2 0.88125 0.0421875 0.0203125 0.0234375
2 0.91640625 0.0328125 0.0140625 0.021875
2 0.9703125 0.190625 0.01328125 0.0234375
2 0.95625 0.82734375 0.015625 0.0265625
2 0.53671875 0.9640625 0.01796875 0.021875
2 0.41328125 0.96875 0.01640625 0.01875
2 0.040625 0.859375 0.0125 0.021875
2 0.04140625 0.8015625 0.01640625 0.025
2 0.040625 0.73046875 0.0140625 0.021875
2 0.04140625 0.68203125 0.01640625 0.0265625
2 0.04296875 0.59921875 0.01640625 0.028125
2 0.04140625 0.546875 0.02578125 0.03125
2 0.0390625 0.48046875 0.0203125 0.03515625
2 0.0359375 0.425 0.02109375 0.02890625
2 0.03984375 0.371875 0.01953125 0.0296875
2 0.0390625 0.31171875 0.01015625 0.0234375
2 0.040625 0.2421875 0.015625 0.03828125
2 0.04140625 0.18984375 0.01796875 0.025
