2 0.0546875 0.10703125 0.0171875 0.02578125
2 0.05625 0.19609375 0.01328125 0.02265625
2 0.05625 0.25625 0.01328125 0.0328125
2 0.0703125 0.328125 0.01484375 0.02578125
2 0.0640625 0.55390625 0.0125 0.0265625
2 0.06953125 0.61875 0.0140625 0.0265625
2 0.06015625 0.775 0.01640625 0.03046875
2 0.05703125 0.8453125 0.0171875 0.0265625
2 0.378125 0.97109375 0.01875 0.02734375
2 0.975 0.43515625 0.01328125 0.02265625
0 0.2431640625 0.9770481359375 0.3251953125 0.9801014109375 0.9501953125 0.9801014109375 0.9599609375 0.9739948593750001 0.970703125 0.9572018453125001 0.978515625 0.6824070578125 0.986328125 0.2641083234375 0.986328125 0.1633502359375 0.98046875 0.09923145156249999 0.9755859375 0.0915982625 0.9658203125 0.08549171250000001 0.9169921875 0.0793851609375 0.6337890625 0.0549589578125 0.1103515625 0.0519056828125 0.0556640625 0.073278609375 0.0517578125 0.0763318859375 0.048828125 0.0809117984375 0.044921875 0.94498874375 0.046875 0.9510952937500001 0.0498046875 0.9556752078124999 0.2431640625 0.9770481359375
