0 0.49296875 0.51484375 0.946875 0.959375
2 0.2546875 0.0515625 0.01875 0.021875
2 0.2125 0.053125 0.0140625 0.0234375
2 0.13515625 0.0484375 0.0171875 0.01875
2 0.1015625 0.04921875 0.015625 0.0234375
2 0.05625 0.046875 0.015625 0.025
2 0.025 0.29375 0.0140625 0.028125
2 0.0296875 0.34609375 0.0140625 0.025
2 0.1734375 0.97421875 0.015625 0.01875
2 0.14453125 0.96875 0.0171875 0.01875
2 0.39140625 0.97890625 0.01875 0.0203125
2 0.471875 0.98046875 0.015625 0.01875
2 0.44296875 0.98203125 0.015625 0.025
2 0.8421875 0.98984375 0.01875 0.0203125
2 0.89609375 0.98359375 0.0140625 0.0203125
2 0.946875 0.63515625 0.0140625 0.021875
2 0.95078125 0.565625 0.0125 0.021875
2 0.95 0.71328125 0.015625 0.0234375
2 0.9515625 0.33984375 0.0125 0.0234375
2 0.7265625 0.05078125 0.015625 0.01875
