0 0.11499999999999999 0.8616666671875001 0.85125 0.8633333328124999 0.8375 0.0491666671875 0.10874999999999999 0.024166667187499997 0.09375 0.0416666671875 0.11499999999999999 0.8616666671875001
2 0.10078125 0.05546875 0.015625 0.0125
2 0.10546875 0.08515625 0.01875 0.0125
2 0.1046875 0.12578125 0.015625 0.0125
2 0.10390625 0.16015625 0.015625 0.0125
2 0.1046875 0.290625 0.0171875 0.0140625
2 0.0984375 0.36015625 0.021875 0.0125
2 0.1109375 0.503125 0.01875 0.0140625
2 0.1171875 0.80703125 0.01875 0.0125
2 0.84296875 0.35234375 0.0140625 0.009375
2 0.8453125 0.49609375 0.015625 0.015625
2 0.85234375 0.57109375 0.015625 0.015625
2 0.846875 0.6171875 0.0140625 0.0125
2 0.853125 0.69375 0.0140625 0.0140625
2 0.8484375 0.75546875 0.0140625 0.009375
