0 0.515625 0.51015625 0.95 0.965625
2 0.91953125 0.07734375 0.01328125 0.02109375
2 0.68515625 0.065625 0.015625 0.0203125
2 0.0546875 0.090625 0.01640625 0.02109375
2 0.05546875 0.540625 0.015625 0.02421875
2 0.06015625 0.60859375 0.01484375 0.0234375
2 0.05234375 0.759375 0.0125 0.02578125
2 0.05 0.828125 0.0109375 0.0203125
2 0.07421875 0.953125 0.01328125 0.01875
2 0.10234375 0.95390625 0.01484375 0.01796875
2 0.15390625 0.965625 0.0125 0.0203125
2 0.28046875 0.9734375 0.0140625 0.0171875
2 0.365625 0.9703125 0.01484375 0.0140625
2 0.42109375 0.97265625 0.0140625 0.015625
2 0.44296875 0.9734375 0.01328125 0.01875
2 0.525 0.975 0.01796875 0.0203125
2 0.55390625 0.975 0.01484375 0.02265625
2 0.58046875 0.9765625 0.01484375 0.02109375
2 0.60390625 0.975 0.0140625 0.0203125
2 0.63671875 0.9796875 0.01328125 0.01875
2 0.68515625 0.97890625 0.0125 0.0171875
2 0.73984375 0.9796875 0.01640625 0.01875
2 0.76953125 0.9796875 0.01796875 0.01875
2 0.85234375 0.98359375 0.0125 0.01796875
