2 0.04296875 0.05703125 0.0109375 0.01796875
2 0.0625 0.028125 0.01328125 0.01484375
2 0.1046875 0.0265625 0.0125 0.01171875
2 0.040625 0.11171875 0.009375 0.0234375
2 0.0421875 0.1859375 0.009375 0.0265625
2 0.0421875 0.2375 0.00859375 0.0203125
2 0.04140625 0.31640625 0.01171875 0.0328125
2 0.04140625 0.36796875 0.01328125 0.025
2 0.04140625 0.42265625 0.00859375 0.02109375
2 0.04296875 0.4765625 0.009375 0.025
2 0.0421875 0.546875 0.01015625 0.02109375
2 0.0453125 0.59921875 0.01328125 0.03359375
2 0.04609375 0.67578125 0.0109375 0.028125
2 0.04375 0.72734375 0.01015625 0.028125
2 0.0453125 0.7953125 0.01328125 0.02109375
2 0.04453125 0.85390625 0.01015625 0.03046875
1 0.05859375 0.93984375 0.03359375 0.059375
2 0.10234375 0.9578125 0.0171875 0.0171875
2 0.22578125 0.9515625 0.009375 0.01484375
2 0.30078125 0.96015625 0.01328125 0.015625
2 0.33984375 0.96484375 0.0140625 0.01484375
2 0.384375 0.96328125 0.0140625 0.01875
2 0.4203125 0.96171875 0.015625 0.0171875
2 0.4671875 0.96171875 0.01484375 0.01875
2 0.50078125 0.96015625 0.021875 0.01796875
2 0.59375 0.96015625 0.0140625 0.015625
2 0.6234375 0.96171875 0.015625 0.0140625
2 0.75390625 0.959375 0.01953125 0.0203125
2 0.6734375 0.959375 0.0140625 0.02421875
2 0.80859375 0.95625 0.0171875 0.01796875
2 0.84609375 0.9578125 0.01796875 0.021875
2 0.88671875 0.953125 0.01328125 0.0125
2 0.9234375 0.95390625 0.015625 0.0203125
2 0.96640625 0.89375 0.01171875 0.025
2 0.91875 0.0234375 0.01640625 0.01875
2 0.88515625 0.02265625 0.01640625 0.015625
2 0.8375 0.02109375 0.01484375 0.0171875
2 0.796875 0.0234375 0.01796875 0.0171875
2 0.753125 0.0203125 0.01796875 0.0203125
2 0.71640625 0.01875 0.01640625 0.021875
2 0.66953125 0.01875 0.01328125 0.01875
2 0.6375 0.01640625 0.0140625 0.01796875
2 0.58671875 0.01796875 0.0171875 0.0234375
2 0.53828125 0.01796875 0.0171875 0.02109375
2 0.32578125 0.0203125 0.0171875 0.0203125
2 0.1875 0.01875 0.01328125 0.01875
0 0.3779296875 0.960607246875 0.3798828125 0.957576940625 0.3876953125 0.957576940625 0.3896484375 0.960607246875 0.4130859375 0.960607246875 0.4150390625 0.957576940625 0.4169921875 0.957576940625 0.4189453125 0.9545466328125001 0.4208984375 0.9545466328125001 0.4228515625 0.957576940625 0.4248046875 0.957576940625 0.4267578125 0.960607246875 0.4599609375 0.960607246875 0.4619140625 0.957576940625 0.4697265625 0.957576940625 0.4716796875 0.960607246875 0.4755859375 0.960607246875 0.4775390625 0.963637553125 0.4794921875 0.963637553125 0.4814453125 0.960607246875 0.4833984375 0.960607246875 0.4853515625 0.963637553125 0.4892578125 0.963637553125 0.4912109375 0.960607246875 0.4931640625 0.960607246875 0.4951171875 0.957576940625 0.4970703125 0.957576940625 0.4990234375 0.9545466328125001 0.5029296875 0.9545466328125001 0.5048828125 0.957576940625 0.5068359375 0.957576940625 0.5087890625 0.960607246875 0.5361328125 0.960607246875 0.5380859375 0.957576940625 0.5400390625 0.957576940625 0.5419921875 0.9545466328125001 0.5732421875 0.9545466328125001 0.5751953125 0.957576940625 0.5966796875 0.957576940625 0.5986328125 0.960607246875 0.6142578125 0.960607246875 0.6162109375 0.957576940625 0.6181640625 0.957576940625 0.6201171875 0.9545466328125001 0.6259765625 0.9545466328125001 0.6279296875 0.957576940625 0.6298828125 0.957576940625 0.6318359375 0.960607246875 0.6650390625 0.960607246875 0.6669921875 0.957576940625 0.6689453125 0.957576940625 0.6708984375 0.9545466328125001 0.6748046875 0.9545466328125001 0.6767578125 0.957576940625 0.7021484375 0.957576940625 0.7041015625 0.9545466328125001 0.7080078125 0.9545466328125001 0.7099609375 0.957576940625 0.7138671875 0.957576940625 0.7158203125 0.960607246875 0.7255859375 0.960607246875 0.7275390625 0.957576940625 0.7333984375 0.957576940625 0.7353515625 0.960607246875 0.7470703125 0.960607246875 0.7490234375 0.957576940625 0.7509765625 0.957576940625 0.7529296875 0.9545466328125001 0.7587890625 0.9545466328125001 0.7607421875 0.957576940625 0.7802734375 0.957576940625 0.7822265625 0.9545466328125001 0.7880859375 0.9545466328125001 0.7900390625 0.957576940625 0.7919921875 0.9545466328125001 0.8037109375 0.9545466328125001 0.8056640625 0.9515163265625001 0.8095703125 0.9515163265625001 0.8134765625 0.957576940625 0.8173828125 0.957576940625 0.8193359375 0.960607246875 0.8330078125 0.960607246875 0.8349609375 0.957576940625 0.8369140625 0.957576940625 0.8408203125 0.9515163265625001 0.8466796875 0.9515163265625001 0.8486328125 0.9545466328125001 0.8505859375 0.9545466328125001 0.8525390625 0.957576940625 0.8623046875 0.957576940625 0.8642578125 0.9545466328125001 0.8662109375 0.957576940625 0.8779296875 0.957576940625 0.8837890625 0.9484860203125001 0.9052734375 0.9484860203125001 0.9072265625 0.9515163265625001 0.9150390625 0.9515163265625001 0.9169921875 0.9484860203125001 0.9287109375 0.9484860203125001 0.9296875 0.9500011734375 0.9296875 0.9530314796875 0.9326171875 0.957576940625 0.9365234375 0.957576940625 0.9384765625 0.9545466328125001 0.9462890625 0.9545466328125001 0.9482421875 0.957576940625 0.9501953125 0.957576940625 0.9521484375 0.9545466328125001 0.9599609375 0.9545466328125001 0.9609375 0.9530314796875 0.9609375 0.9500011734375 0.966796875 0.940910253125 0.966796875 0.910607184375 0.96484375 0.907576878125 0.96484375 0.904546571875 0.962890625 0.9015162640625001 0.962890625 0.8863647312499999 0.96484375 0.8833344234375 0.96484375 0.874243503125 0.962890625 0.8712131968750001 0.962890625 0.8681828906250001 0.96484375 0.8651525828125 0.96484375 0.8621222765625 0.962890625 0.8590919703125 0.962890625 0.8378798218749999 0.9609375 0.834849515625 0.9609375 0.81969798125 0.962890625 0.816667675 0.962890625 0.8045464484375 0.96484375 0.801516140625 0.96484375 0.7924252203125 0.966796875 0.7893949140625 0.966796875 0.7257584718750001 0.96875 0.722728165625 0.96875 0.7136372453125001 0.966796875 0.7106069374999999 0.966796875 0.6954554046875 0.96875 0.692425096875 0.96875 0.689394790625 0.970703125 0.6863644843750001 0.970703125 0.583334053125 0.96875 0.5803037468750001 0.96875 0.52878853125 0.970703125 0.5257582249999999 0.970703125 0.504546078125 0.97265625 0.5015157703125 0.97265625 0.46818239687499996 0.970703125 0.4651520890625 0.970703125 0.4439399421875 0.97265625 0.4409096359375 0.97265625 0.43181871562499996 0.970703125 0.4287884078125 0.970703125 0.4136368734375 0.97265625 0.4106065671875 0.97265625 0.40757626093750005 0.970703125 0.40454595312499997 0.970703125 0.37727319375 0.96875 0.3742428859375 0.96875 0.3409095109375 0.970703125 0.3378792046875 0.970703125 0.325757978125 0.97265625 0.322727671875 0.970703125 0.3196973640625 0.970703125 0.31666705781250004 0.97265625 0.3136367515625 0.97265625 0.30454583125 0.974609375 0.3015155234375 0.974609375 0.27727307031250004 0.97265625 0.2742427625 0.97265625 0.259091228125 0.970703125 0.25606092187499996 0.97265625 0.253030615625 0.97265625 0.24697000156249999 0.974609375 0.2439396953125 0.974609375 0.23181846875 0.97265625 0.22878816093749998 0.97265625 0.1924244796875 0.970703125 0.1893941734375 0.970703125 0.180303253125 0.97265625 0.177272946875 0.97265625 0.17121233281249998 0.974609375 0.1681820265625 0.974609375 0.13787895781249998 0.97265625 0.1348486515625 0.97265625 0.1287880375 0.970703125 0.12575773125 0.970703125 0.0803031296875 0.96875 0.0772728234375 0.970703125 0.074242515625 0.970703125 0.05303036875 0.97265625 0.0500000609375 0.97265625 0.040909140625 0.9599609375 0.021212146874999997 0.9287109375 0.021212146874999997 0.9267578125 0.0242424546875 0.9248046875 0.0242424546875 0.9228515625 0.0272727609375 0.9169921875 0.0272727609375 0.9150390625 0.0242424546875 0.9130859375 0.0242424546875 0.9111328125 0.021212146874999997 0.9091796875 0.021212146874999997 0.9072265625 0.018181840625 0.9013671875 0.018181840625 0.8994140625 0.021212146874999997 0.8935546875 0.021212146874999997 0.8896484375 0.0272727609375 0.8876953125 0.0272727609375 0.8857421875 0.030303067187499998 0.8837890625 0.0272727609375 0.8798828125 0.0272727609375 0.8759765625 0.021212146874999997 0.8583984375 0.021212146874999997 0.8564453125 0.018181840625 0.8505859375 0.018181840625 0.8486328125 0.021212146874999997 0.8466796875 0.021212146874999997 0.8447265625 0.0242424546875 0.8427734375 0.0242424546875 0.8408203125 0.0272727609375 0.8330078125 0.0272727609375 0.8291015625 0.021212146874999997 0.8232421875 0.021212146874999997 0.8212890625 0.0242424546875 0.8056640625 0.0242424546875 0.8017578125 0.030303067187499998 0.7978515625 0.030303067187499998 0.7958984375 0.0272727609375 0.7939453125 0.0272727609375 0.7919921875 0.0242424546875 0.7802734375 0.0242424546875 0.7783203125 0.021212146874999997 0.7685546875 0.021212146874999997 0.7666015625 0.0242424546875 0.7607421875 0.0242424546875 0.7587890625 0.0272727609375 0.7568359375 0.0272727609375 0.7548828125 0.030303067187499998 0.7509765625 0.030303067187499998 0.7451171875 0.021212146874999997 0.7255859375 0.021212146874999997 0.7236328125 0.0242424546875 0.7216796875 0.0242424546875 0.7197265625 0.0272727609375 0.7138671875 0.0272727609375 0.7060546875 0.015151534375000001 0.6884765625 0.015151534375000001 0.6865234375 0.018181840625 0.6806640625 0.018181840625 0.6787109375 0.021212146874999997 0.6767578125 0.021212146874999997 0.6728515625 0.0272727609375 0.6708984375 0.0272727609375 0.6689453125 0.0242424546875 0.6669921875 0.0242424546875 0.666015625 0.0227273015625 0.666015625 0.01969699375 0.6640625 0.0166666875 0.6640625 0.01363638125 0.6591796875 0.0060606140625 0.6552734375 0.0060606140625 0.6533203125 0.0090909203125 0.6494140625 0.0090909203125 0.64453125 0.0166666875 0.64453125 0.01969699375 0.6435546875 0.021212146874999997 0.6416015625 0.021212146874999997 0.6396484375 0.0242424546875 0.6376953125 0.0242424546875 0.6357421875 0.021212146874999997 0.6337890625 0.021212146874999997 0.6328125 0.01969699375 0.6328125 0.0166666875 0.6298828125 0.0121212265625 0.6259765625 0.0121212265625 0.6240234375 0.0090909203125 0.6142578125 0.0090909203125 0.6123046875 0.0121212265625 0.6044921875 0.0121212265625 0.6025390625 0.015151534375000001 0.6005859375 0.015151534375000001 0.5966796875 0.021212146874999997 0.5947265625 0.021212146874999997 0.5927734375 0.0242424546875 0.5888671875 0.0242424546875 0.5869140625 0.0272727609375 0.5849609375 0.0242424546875 0.5830078125 0.0242424546875 0.5810546875 0.021212146874999997 0.5791015625 0.021212146874999997 0.5771484375 0.018181840625 0.5712890625 0.018181840625 0.5693359375 0.015151534375000001 0.5556640625 0.015151534375000001 0.5537109375 0.018181840625 0.5478515625 0.018181840625 0.5458984375 0.021212146874999997 0.5439453125 0.021212146874999997 0.5419921875 0.0242424546875 0.5341796875 0.0242424546875 0.5302734375 0.018181840625 0.5263671875 0.018181840625 0.5244140625 0.015151534375000001 0.5107421875 0.015151534375000001 0.5087890625 0.018181840625 0.5068359375 0.018181840625 0.5048828125 0.021212146874999997 0.5029296875 0.021212146874999997 0.4990234375 0.0272727609375 0.4931640625 0.0272727609375 0.4912109375 0.0242424546875 0.4833984375 0.0242424546875 0.4814453125 0.0272727609375 0.4794921875 0.0242424546875 0.4775390625 0.0272727609375 0.4521484375 0.0272727609375 0.4482421875 0.021212146874999997 0.4306640625 0.021212146874999997 0.4287109375 0.0242424546875 0.4228515625 0.0242424546875 0.4208984375 0.021212146874999997 0.4189453125 0.0242424546875 0.4169921875 0.0242424546875 0.4150390625 0.0272727609375 0.3857421875 0.0272727609375 0.3837890625 0.0242424546875 0.3818359375 0.0242424546875 0.3798828125 0.0272727609375 0.3642578125 0.0272727609375 0.3623046875 0.0242424546875 0.3583984375 0.0242424546875 0.3564453125 0.021212146874999997 0.3330078125 0.021212146874999997 0.3310546875 0.0242424546875 0.3291015625 0.0242424546875 0.3271484375 0.0272727609375 0.3251953125 0.0272727609375 0.3232421875 0.0242424546875 0.3212890625 0.0242424546875 0.3173828125 0.018181840625 0.2939453125 0.018181840625 0.2919921875 0.021212146874999997 0.2900390625 0.021212146874999997 0.2880859375 0.0242424546875 0.2822265625 0.0242424546875 0.2802734375 0.021212146874999997 0.2490234375 0.021212146874999997 0.2470703125 0.0242424546875 0.2373046875 0.0242424546875 0.2353515625 0.021212146874999997 0.2333984375 0.021212146874999997 0.2294921875 0.015151534375000001 0.2216796875 0.015151534375000001 0.2197265625 0.018181840625 0.2177734375 0.015151534375000001 0.2158203125 0.015151534375000001 0.2138671875 0.018181840625 0.2119140625 0.018181840625 0.2099609375 0.015151534375000001 0.2021484375 0.015151534375000001 0.2001953125 0.018181840625 0.1982421875 0.018181840625 0.1923828125 0.0272727609375 0.1904296875 0.0272727609375 0.1884765625 0.030303067187499998 0.1806640625 0.030303067187499998 0.1787109375 0.0272727609375 0.1728515625 0.0272727609375 0.1708984375 0.0242424546875 0.1494140625 0.0242424546875 0.1474609375 0.0272727609375 0.1455078125 0.0272727609375 0.1435546875 0.030303067187499998 0.1416015625 0.030303067187499998 0.1396484375 0.0272727609375 0.1376953125 0.0272727609375 0.1357421875 0.0242424546875 0.1337890625 0.0242424546875 0.1318359375 0.021212146874999997 0.1240234375 0.021212146874999997 0.1220703125 0.0242424546875 0.1181640625 0.0242424546875 0.1162109375 0.0272727609375 0.1142578125 0.0272727609375 0.1123046875 0.030303067187499998 0.1103515625 0.030303067187499998 0.1083984375 0.033333375 0.1005859375 0.033333375 0.0947265625 0.0242424546875 0.0791015625 0.0242424546875 0.0771484375 0.0272727609375 0.0712890625 0.0272727609375 0.0693359375 0.030303067187499998 0.0673828125 0.030303067187499998 0.0654296875 0.033333375 0.0576171875 0.033333375 0.0556640625 0.030303067187499998 0.0537109375 0.030303067187499998 0.0517578125 0.0272727609375 0.0478515625 0.0272727609375 0.046875 0.028787914062499996 0.046875 0.031818221875000004 0.04296875 0.037878834374999996 0.04296875 0.0469697546875 0.044921875 0.0500000609375 0.044921875 0.05303036875 0.046875 0.056060675000000004 0.044921875 0.059090981249999994 0.044921875 0.0651515953125 0.041015625 0.071212209375 0.041015625 0.0772728234375 0.0390625 0.0803031296875 0.0390625 0.0954546640625 0.041015625 0.0984849703125 0.041015625 0.10454558437499999 0.04296875 0.10757589062499999 0.04296875 0.11969711718750001 0.0390625 0.12575773125 0.0390625 0.13787895781249998 0.041015625 0.140909265625 0.041015625 0.16515171875 0.04296875 0.1681820265625 0.04296875 0.177272946875 0.044921875 0.180303253125 0.044921875 0.19545478593750001 0.04296875 0.19848509375 0.04296875 0.20151539999999998 0.041015625 0.20454570625000001 0.04296875 0.20757601406249998 0.04296875 0.219697240625 0.041015625 0.22272754843749998 0.041015625 0.2257578546875 0.044921875 0.23181846875 0.044921875 0.24697000156249999 0.04296875 0.250000309375 0.04296875 0.253030615625 0.041015625 0.25606092187499996 0.041015625 0.2651518421875 0.0390625 0.2681821484375 0.0390625 0.27727307031250004 0.037109375 0.2803033765625 0.037109375 0.28939429687499996 0.0390625 0.292424603125 0.0390625 0.3015155234375 0.0400390625 0.3030306765625 0.0419921875 0.3030306765625 0.04296875 0.30454583125 0.04296875 0.3075761375 0.044921875 0.31060644375 0.044921875 0.3136367515625 0.041015625 0.3196973640625 0.041015625 0.322727671875 0.0390625 0.325757978125 0.0390625 0.3560610453125 0.0400390625 0.3575761984375 0.0419921875 0.3575761984375 0.044921875 0.36212165937499996 0.044921875 0.3742428859375 0.04296875 0.37727319375 0.04296875 0.38333380625 0.041015625 0.3863641140625 0.041015625 0.4106065671875 0.044921875 0.41666718124999996 0.044921875 0.434849021875 0.04296875 0.437879328125 0.04296875 0.45606116874999997 0.044921875 0.45909147656249993 0.044921875 0.4651520890625 0.046875 0.46818239687499996 0.046875 0.4833339296875 0.0458984375 0.48484908281249994 0.0439453125 0.48484908281249994 0.04296875 0.4863642375 0.04296875 0.48939454375 0.041015625 0.49242485 0.041015625 0.507576384375 0.0390625 0.510606690625 0.0390625 0.5166673046875 0.041015625 0.5196976109375 0.041015625 0.52878853125 0.04296875 0.5318188390625 0.04296875 0.5348491453124999 0.044921875 0.5378794515624999 0.044921875 0.5409097593750001 0.046875 0.543940065625 0.046875 0.550000678125 0.044921875 0.5530309859375 0.044921875 0.5560612921875 0.04296875 0.5590916 0.04296875 0.5681825203125 0.041015625 0.5712128265625 0.041015625 0.5742431328125 0.04296875 0.577273440625 0.04296875 0.5803037468750001 0.041015625 0.583334053125 0.044921875 0.5893946671875 0.044921875 0.5924249734375 0.046875 0.59545528125 0.046875 0.6106068140625001 0.044921875 0.613637121875 0.044921875 0.6651523359375 0.048828125 0.6712129499999999 0.048828125 0.6833341765625 0.044921875 0.689394790625 0.044921875 0.7166675515625001 0.046875 0.7196978578125 0.046875 0.7348493921875 0.04296875 0.74091000625 0.04296875 0.7500009265625 0.041015625 0.7530312328125001 0.041015625 0.762122153125 0.04296875 0.765152459375 0.04296875 0.7772736874999999 0.044921875 0.78030399375 0.044921875 0.7863646078125 0.048828125 0.7924252203125 0.048828125 0.801516140625 0.044921875 0.8075767546874999 0.044921875 0.8378798218749999 0.046875 0.8409101296875001 0.046875 0.8469707421875 0.048828125 0.85000105 0.048828125 0.8590919703125 0.046875 0.8621222765625 0.046875 0.8651525828125 0.044921875 0.8681828906250001 0.044921875 0.8984859578125001 0.046875 0.9015162640625001 0.046875 0.907576878125 0.048828125 0.910607184375 0.048828125 0.9136374921874999 0.05078125 0.9166677984374999 0.05078125 0.9196981046875001 0.052734375 0.9227284125 0.052734375 0.92575871875 0.0546875 0.928789025 0.0546875 0.9318193328125 0.0654296875 0.9484860203125001 0.0693359375 0.9484860203125001 0.0712890625 0.9515163265625001 0.0732421875 0.9515163265625001 0.0751953125 0.9545466328125001 0.0966796875 0.9545466328125001 0.0986328125 0.9515163265625001 0.1044921875 0.9515163265625001 0.1064453125 0.9545466328125001 0.1083984375 0.9545466328125001 0.1103515625 0.957576940625 0.1396484375 0.957576940625 0.1416015625 0.9545466328125001 0.1767578125 0.9545466328125001 0.1787109375 0.9515163265625001 0.1826171875 0.9515163265625001 0.1845703125 0.9545466328125001 0.2021484375 0.9545466328125001 0.2041015625 0.9515163265625001 0.2177734375 0.9515163265625001 0.2197265625 0.9484860203125001 0.2294921875 0.9484860203125001 0.2314453125 0.9515163265625001 0.2353515625 0.9515163265625001 0.2373046875 0.9545466328125001 0.2587890625 0.9545466328125001 0.2607421875 0.9515163265625001 0.2666015625 0.9515163265625001 0.2705078125 0.957576940625 0.3037109375 0.957576940625 0.3056640625 0.960607246875 0.3076171875 0.960607246875 0.3095703125 0.963637553125 0.3310546875 0.963637553125 0.3330078125 0.960607246875 0.3427734375 0.960607246875 0.3447265625 0.963637553125 0.3466796875 0.963637553125 0.3486328125 0.966667859375 0.3681640625 0.966667859375 0.369140625 0.9651527062499999 0.3701171875 0.963637553125 0.3740234375 0.963637553125 0.3759765625 0.960607246875 0.3779296875 0.960607246875
