2 0.0421875 0.0953125 0.01484375 0.034375
2 0.04140625 0.17578125 0.01328125 0.0296875
2 0.04296875 0.2390625 0.015625 0.02265625
2 0.04921875 0.31796875 0.01640625 0.02890625
2 0.05 0.609375 0.01015625 0.03125
2 0.06953125 0.9609375 0.015625 0.028125
2 0.11875 0.97109375 0.0125 0.02109375
2 0.28046875 0.97890625 0.01328125 0.028125
2 0.52265625 0.971875 0.015625 0.03671875
2 0.55078125 0.97421875 0.02109375 0.03125
2 0.7984375 0.97265625 0.01796875 0.02890625
2 0.82109375 0.97265625 0.01484375 0.02578125
2 0.84765625 0.97265625 0.02109375 0.02890625
2 0.97109375 0.4140625 0.01171875 0.02890625
2 0.9734375 0.53828125 0.0140625 0.02890625
2 0.90234375 0.03828125 0.01875 0.034375
0 0.046875 0.94498874375 0.0517578125 0.9648350328124999 0.1279296875 0.9739948593750001 0.2900390625 0.9831546859375001 0.8134765625 0.9770481359375 0.9248046875 0.9739948593750001 0.9365234375 0.970941584375 0.9599609375 0.9556752078124999 0.962890625 0.9510952937500001 0.96875 0.86255030625 0.97265625 0.7373660140625 0.974609375 0.609128446875 0.9765625 0.24578867187500003 0.974609375 0.13892403125 0.970703125 0.041219218749999995 0.9697265625 0.03969258125 0.3095703125 0.018319653124999998 0.0888671875 0.024426203125 0.0419921875 0.0366393046875 0.0390625 0.041219218749999995 0.037109375 0.05037904375 0.037109375 0.14197730625 0.044921875 0.9297223656250001 0.046875 0.94498874375
