0 0.9404296875 0.0515139796875 0.9345703125 0.045453367187499996 0.9287109375 0.042423059375 0.8779296875 0.036362446874999996 0.6806640625 0.0272715265625 0.2626953125 0.030301832812500002 0.0673828125 0.033332140625 0.0478515625 0.039392753125 0.041015625 0.0499988265625 0.0390625 0.056059440625 0.029296875 0.459090240625 0.02734375 0.6439389546875 0.029296875 0.9378787109375001 0.03125 0.94696963125 0.0458984375 0.966666625 0.7509765625 0.966666625 0.9326171875 0.9515150921875 0.9501953125 0.9363635578125 0.9580078125 0.9272726375 0.9609375 0.9166665640625 0.96484375 0.6712117156249999 0.96484375 0.1772717109375 0.958984375 0.1106049625 0.955078125 0.089392815625 0.947265625 0.0621200546875 0.9404296875 0.0515139796875
2 0.63515625 0.9546875 0.021875 0.0265625
2 0.59375 0.953125 0.01875 0.0265625
2 0.50859375 0.95703125 0.0234375 0.01875
2 0.465625 0.9609375 0.015625 0.0171875
2 0.4171875 0.959375 0.0203125 0.0171875
2 0.3359375 0.9578125 0.015625 0.0234375
2 0.28984375 0.9609375 0.015625 0.0234375
2 0.2515625 0.95859375 0.015625 0.021875
2 0.20390625 0.9578125 0.01875 0.0203125
2 0.11875 0.9578125 0.0203125 0.0234375
2 0.08359375 0.9671875 0.0140625 0.021875
2 0.0296875 0.809375 0.0140625 0.0234375
2 0.04375 0.17265625 0.015625 0.0265625
2 0.46328125 0.0359375 0.01875 0.021875
2 0.58671875 0.03125 0.015625 0.01875
2 0.959375 0.140625 0.0125 0.021875
2 0.95859375 0.1984375 0.015625 0.025
2 0.959375 0.26953125 0.0140625 0.021875
2 0.95859375 0.31796875 0.015625 0.0265625
2 0.95703125 0.40078125 0.015625 0.028125
2 0.95859375 0.453125 0.025 0.03125
2 0.9609375 0.51953125 0.0203125 0.034375
2 0.9640625 0.575 0.021875 0.028125
2 0.96015625 0.628125 0.01875 0.0296875
2 0.9609375 0.68828125 0.009375 0.0234375
2 0.959375 0.7578125 0.015625 0.0375
2 0.95859375 0.81015625 0.01875 0.025
