0 0.8287876671875001 0.966796875 0.8954544156249999 0.96484375 0.9106059500000001 0.962890625 0.9287877906249999 0.95703125 0.9333332515625001 0.9541015625 0.9363635578125 0.9501953125 0.945454478125 0.9345703125 0.9606060125000001 0.7841796875 0.9636363187500001 0.7119140625 0.9727272390625 0.0986328125 0.9696969328125 0.0478515625 0.9530302453124999 0.03515625 0.94696963125 0.033203125 0.7227269296875 0.029296875 0.49242361562500003 0.02734375 0.3742416515625 0.029296875 0.053029134374999995 0.0390625 0.042423059375 0.0458984375 0.039392753125 0.0595703125 0.033332140625 0.1416015625 0.0212109125 0.5126953125 0.0212109125 0.6572265625 0.0242412203125 0.9228515625 0.0272715265625 0.9287109375 0.033332140625 0.9345703125 0.056059440625 0.94921875 0.0833322015625 0.958984375 0.09848373593750001 0.9609375 0.20454447187499997 0.962890625 0.634848034375 0.966796875 0.8287876671875001 0.966796875
2 0.7984375 0.9625 0.021875 0.0125
2 0.74375 0.9625 0.021875 0.015625
2 0.67578125 0.965625 0.028125 0.009375
2 0.615625 0.9640625 0.0296875 0.015625
2 0.50703125 0.96171875 0.028125 0.0125
2 0.43828125 0.9609375 0.021875 0.0125
2 0.3828125 0.95625 0.025 0.015625
2 0.30859375 0.9578125 0.01875 0.0125
2 0.25625 0.959375 0.0234375 0.0125
2 0.1875 0.9578125 0.0203125 0.0125
2 0.1296875 0.95859375 0.021875 0.0125
2 0.02734375 0.8984375 0.0171875 0.0125
2 0.95703125 0.7640625 0.01875 0.015625
2 0.95546875 0.68203125 0.021875 0.01875
2 0.9546875 0.6421875 0.0171875 0.015625
2 0.95703125 0.5984375 0.0203125 0.0140625
2 0.959375 0.51328125 0.0203125 0.015625
2 0.959375 0.4671875 0.01875 0.0171875
2 0.95859375 0.421875 0.0171875 0.015625
2 0.9609375 0.33984375 0.01875 0.015625
2 0.95859375 0.29375 0.0171875 0.0125
2 0.95859375 0.2546875 0.021875 0.0140625
2 0.95859375 0.20859375 0.025 0.0125
2 0.9625 0.16953125 0.025 0.0125
2 0.96015625 0.121875 0.025 0.0125
2 0.9671875 0.08828125 0.021875 0.0125
2 0.9671875 0.03984375 0.025 0.015625
