0 0.51796875 0.51484375 0.94921875 0.94453125
2 0.059375 0.10078125 0.01328125 0.0265625
2 0.0609375 0.18828125 0.009375 0.0234375
2 0.05859375 0.25 0.00859375 0.01796875
2 0.06875 0.3234375 0.01796875 0.02890625
2 0.0546875 0.46953125 0.0125 0.02734375
2 0.06328125 0.5484375 0.015625 0.0296875
2 0.06953125 0.61484375 0.021875 0.02265625
2 0.059375 0.76875 0.01640625 0.0265625
2 0.05703125 0.8390625 0.0140625 0.02265625
2 0.28671875 0.96875 0.0140625 0.01875
2 0.37421875 0.96796875 0.01171875 0.01875
2 0.7484375 0.97109375 0.01484375 0.01875
2 0.7765625 0.9703125 0.0125 0.01875
2 0.86328125 0.97421875 0.0125 0.01875
2 0.96953125 0.90546875 0.01171875 0.02265625
2 0.9734375 0.71953125 0.0109375 0.02734375
2 0.9765625 0.4421875 0.0109375 0.02578125
