2 0.94140625 0.90390625 0.01875 0.021875
2 0.94609375 0.8671875 0.025 0.0171875
2 0.95859375 0.76484375 0.025 0.021875
2 0.95859375 0.72734375 0.021875 0.025
2 0.95625 0.6828125 0.0234375 0.015625
2 0.95390625 0.64296875 0.025 0.0125
2 0.9546875 0.6015625 0.0234375 0.0203125
2 0.959375 0.51484375 0.0203125 0.0125
2 0.9609375 0.47265625 0.0171875 0.021875
2 0.959375 0.42578125 0.0296875 0.01875
2 0.96328125 0.33828125 0.021875 0.01875
2 0.96328125 0.29296875 0.025 0.0203125
2 0.9640625 0.25390625 0.0265625 0.01875
2 0.96640625 0.209375 0.0234375 0.015625
2 0.96875 0.1703125 0.021875 0.0234375
2 0.96484375 0.128125 0.025 0.021875
2 0.975 0.0890625 0.034375 0.0203125
2 0.86796875 0.9671875 0.0296875 0.0125
2 0.7984375 0.9625 0.0328125 0.0171875
2 0.74140625 0.96328125 0.0296875 0.01875
2 0.675 0.965625 0.0328125 0.009375
2 0.61015625 0.9625 0.04375 0.015625
2 0.56015625 0.9640625 0.0265625 0.0171875
2 0.5078125 0.96171875 0.0234375 0.015625
2 0.4359375 0.9609375 0.03125 0.015625
2 0.38046875 0.95859375 0.040625 0.0203125
2 0.3015625 0.9578125 0.03125 0.01875
2 0.2546875 0.959375 0.0296875 0.0078125
2 0.1859375 0.9609375 0.01875 0.01875
2 0.125 0.95390625 0.0265625 0.015625
1 0.04375 0.93359375 0.0875 0.0609375
2 0.0203125 0.8984375 0.03125 0.025
2 0.03203125 0.775 0.0328125 0.021875
2 0.02578125 0.734375 0.0234375 0.0171875
2 0.0234375 0.615625 0.021875 0.0203125
2 0.0234375 0.58359375 0.025 0.015625
2 0.02421875 0.5328125 0.0203125 0.021875
0 0.0212109125 0.6416015625 0.019695759375 0.642578125 0.018180606250000002 0.6435546875 0.018180606250000002 0.6533203125 0.0212109125 0.6552734375 0.0212109125 0.6572265625 0.0242412203125 0.6591796875 0.0242412203125 0.6982421875 0.0272715265625 0.7001953125 0.0242412203125 0.7021484375 0.0242412203125 0.7041015625 0.0212109125 0.7060546875 0.0212109125 0.7255859375 0.0242412203125 0.7275390625 0.0242412203125 0.7294921875 0.030301832812500002 0.7333984375 0.030301832812500002 0.7373046875 0.0272715265625 0.7392578125 0.0272715265625 0.7568359375 0.030301832812500002 0.7587890625 0.030301832812500002 0.7685546875 0.036362446874999996 0.7724609375 0.036362446874999996 0.7783203125 0.033332140625 0.7802734375 0.033332140625 0.7861328125 0.030301832812500002 0.7880859375 0.030301832812500002 0.8017578125 0.0272715265625 0.8037109375 0.0272715265625 0.8154296875 0.030301832812500002 0.8173828125 0.030301832812500002 0.8212890625 0.0242412203125 0.8251953125 0.0242412203125 0.8271484375 0.0212109125 0.8291015625 0.0212109125 0.8466796875 0.0272715265625 0.8505859375 0.0272715265625 0.8564453125 0.0242412203125 0.8583984375 0.0242412203125 0.8642578125 0.0212109125 0.8662109375 0.0212109125 0.8759765625 0.0242412203125 0.8779296875 0.0212109125 0.8798828125 0.0242412203125 0.8818359375 0.0242412203125 0.8916015625 0.0272715265625 0.8935546875 0.0272715265625 0.8955078125 0.030301832812500002 0.8974609375 0.0272715265625 0.8994140625 0.0272715265625 0.9013671875 0.0212109125 0.9052734375 0.0212109125 0.9189453125 0.0242412203125 0.9208984375 0.0242412203125 0.9248046875 0.0272715265625 0.9267578125 0.0272715265625 0.9287109375 0.030301832812500002 0.9306640625 0.030301832812500002 0.9326171875 0.033332140625 0.9345703125 0.033332140625 0.9365234375 0.03484729375 0.9375 0.0378776 0.9375 0.053029134374999995 0.947265625 0.059089746875 0.947265625 0.0621200546875 0.94921875 0.0681806671875 0.94921875 0.069695821875 0.9501953125 0.069695821875 0.9521484375 0.08030189531250001 0.958984375 0.1106049625 0.958984375 0.11666557656250001 0.955078125 0.11969588281250002 0.955078125 0.12272618906249999 0.953125 0.12575649687499998 0.953125 0.128786803125 0.955078125 0.131817109375 0.955078125 0.13333226250000002 0.9560546875 0.13333226250000002 0.9580078125 0.13484741718749998 0.958984375 0.1409080296875 0.958984375 0.1439383375 0.9609375 0.14999895000000002 0.9609375 0.1530292578125 0.958984375 0.165150484375 0.958984375 0.168180790625 0.95703125 0.1712110984375 0.95703125 0.1742414046875 0.955078125 0.1772717109375 0.955078125 0.18030201875000001 0.953125 0.18333232500000002 0.953125 0.18636263125000002 0.955078125 0.18939293906250002 0.955078125 0.198483859375 0.9609375 0.20454447187499997 0.9609375 0.2075747796875 0.962890625 0.2227263125 0.962890625 0.22575662031250002 0.9609375 0.23787784687500002 0.9609375 0.2469687671875 0.955078125 0.25908999375 0.955078125 0.2651506078125 0.958984375 0.28939306249999996 0.958984375 0.2984839828125 0.953125 0.307574903125 0.953125 0.3151506703125 0.9580078125 0.3151506703125 0.9599609375 0.3166658234375 0.9609375 0.3196961296875 0.9609375 0.3227264359375 0.962890625 0.3590901171875 0.962890625 0.36212042499999997 0.9609375 0.3681810375 0.9609375 0.3727264984375 0.9580078125 0.3727264984375 0.9560546875 0.3742416515625 0.955078125 0.38636287812500003 0.955078125 0.3924234921875 0.958984375 0.3954537984375 0.958984375 0.39848410625 0.9609375 0.40454471875 0.9609375 0.40757502656250005 0.962890625 0.419696253125 0.962890625 0.4287871734375 0.95703125 0.43181747968749995 0.95703125 0.4348477875 0.955078125 0.43787809375000003 0.955078125 0.4424235546875 0.9580078125 0.4424235546875 0.9599609375 0.44696901406249995 0.962890625 0.4651508546875 0.962890625 0.4681811609375 0.9609375 0.49242361562500003 0.9609375 0.495453921875 0.958984375 0.49848422968749995 0.958984375 0.5015145359375001 0.95703125 0.50757515 0.95703125 0.5166660703125 0.962890625 0.5469691375 0.962890625 0.54999944375 0.9609375 0.5651509781249999 0.9609375 0.5712115921875001 0.96484375 0.598484353125 0.96484375 0.6075752734375001 0.958984375 0.6136358859375 0.958984375 0.6196965 0.962890625 0.62272680625 0.962890625 0.6257571140625 0.96484375 0.6590904890625 0.96484375 0.6651511015625 0.9609375 0.677272328125 0.9609375 0.6863632484375 0.966796875 0.7196966234375 0.966796875 0.7227269296875 0.96484375 0.72878754375 0.96484375 0.7333330046875 0.9619140625 0.7333330046875 0.9599609375 0.7348481578125 0.958984375 0.743939078125 0.958984375 0.7530299984375 0.96484375 0.7772724515625 0.96484375 0.780302759375 0.962890625 0.783333065625 0.962890625 0.786363371875 0.9609375 0.7893936796875 0.9609375 0.7924239859375 0.958984375 0.7984846 0.958984375 0.8106058265625 0.966796875 0.8227270531249999 0.966796875 0.8257573609375 0.96875 0.8439392015625 0.96875 0.8469695078124999 0.966796875 0.859090734375 0.966796875 0.8651513484375 0.962890625 0.87424226875 0.962890625 0.8772725765624999 0.96484375 0.8803028828125001 0.96484375 0.8833331890625 0.966796875 0.8954544156249999 0.966796875 0.8984847234375 0.96484375 0.9075756437500001 0.96484375 0.9106059500000001 0.962890625 0.91363625625 0.962890625 0.9196968703125 0.958984375 0.9257574843749999 0.958984375 0.9303029437499999 0.9560546875 0.9303029437499999 0.9541015625 0.9333332515625001 0.9521484375 0.9333332515625001 0.9462890625 0.9393938640625 0.9423828125 0.9393938640625 0.9404296875 0.942424171875 0.9384765625 0.942424171875 0.9130859375 0.9393938640625 0.9111328125 0.9393938640625 0.9091796875 0.9363635578125 0.9072265625 0.9363635578125 0.9013671875 0.942424171875 0.8974609375 0.942424171875 0.8876953125 0.945454478125 0.8857421875 0.945454478125 0.8759765625 0.9393938640625 0.8720703125 0.9393938640625 0.8642578125 0.942424171875 0.8623046875 0.942424171875 0.8330078125 0.945454478125 0.8310546875 0.945454478125 0.8291015625 0.942424171875 0.8271484375 0.942424171875 0.8212890625 0.945454478125 0.8193359375 0.945454478125 0.8173828125 0.94696963125 0.81640625 0.9499999390625 0.81640625 0.9515150921875 0.8154296875 0.9515150921875 0.8076171875 0.9545453984375 0.8056640625 0.9545453984375 0.8017578125 0.9575757046875 0.7998046875 0.9575757046875 0.7880859375 0.9606060125000001 0.7861328125 0.9606060125000001 0.7822265625 0.9575757046875 0.7802734375 0.9575757046875 0.7783203125 0.9606060125000001 0.7763671875 0.9515150921875 0.7705078125 0.9515150921875 0.7626953125 0.9545453984375 0.7607421875 0.9545453984375 0.7587890625 0.9575757046875 0.7568359375 0.9575757046875 0.7353515625 0.9545453984375 0.7333984375 0.9545453984375 0.7177734375 0.9575757046875 0.7158203125 0.9575757046875 0.7041015625 0.9545453984375 0.7021484375 0.9545453984375 0.6904296875 0.948484784375 0.6865234375 0.948484784375 0.6787109375 0.9545453984375 0.6748046875 0.9545453984375 0.6708984375 0.9515150921875 0.6689453125 0.9545453984375 0.6669921875 0.9545453984375 0.6650390625 0.9515150921875 0.6630859375 0.9515150921875 0.6494140625 0.945454478125 0.6455078125 0.945454478125 0.6396484375 0.9515150921875 0.6357421875 0.9515150921875 0.6337890625 0.9545453984375 0.6318359375 0.9545453984375 0.6259765625 0.9575757046875 0.6240234375 0.9575757046875 0.6103515625 0.948484784375 0.6044921875 0.948484784375 0.5966796875 0.9545453984375 0.5927734375 0.9545453984375 0.5908203125 0.9575757046875 0.5888671875 0.9575757046875 0.5849609375 0.9606060125000001 0.5830078125 0.9606060125000001 0.5791015625 0.9575757046875 0.5771484375 0.9575757046875 0.5615234375 0.9545453984375 0.5595703125 0.9545453984375 0.5576171875 0.9515150921875 0.5556640625 0.9515150921875 0.5537109375 0.9545453984375 0.5517578125 0.9545453984375 0.5498046875 0.9575757046875 0.5478515625 0.9575757046875 0.5283203125 0.9606060125000001 0.5263671875 0.9575757046875 0.5244140625 0.9575757046875 0.5224609375 0.9515150921875 0.5185546875 0.9515150921875 0.5126953125 0.9590908593749999 0.5078125 0.965151471875 0.5078125 0.966666625 0.5068359375 0.966666625 0.4794921875 0.962121165625 0.4765625 0.9590908593749999 0.4765625 0.9545453984375 0.4736328125 0.9545453984375 0.4716796875 0.9515150921875 0.4697265625 0.9515150921875 0.4677734375 0.9545453984375 0.4658203125 0.9545453984375 0.4638671875 0.9606060125000001 0.4619140625 0.9606060125000001 0.4580078125 0.9636363187500001 0.4560546875 0.9636363187500001 0.4345703125 0.9606060125000001 0.4326171875 0.9606060125000001 0.4306640625 0.9590908593749999 0.4296875 0.9560605515624999 0.4296875 0.9545453984375 0.4287109375 0.9545453984375 0.4267578125 0.9515150921875 0.4248046875 0.9515150921875 0.4208984375 0.9545453984375 0.4189453125 0.9545453984375 0.4169921875 0.9606060125000001 0.4130859375 0.9606060125000001 0.4091796875 0.9636363187500001 0.4072265625 0.9636363187500001 0.3955078125 0.966666625 0.3935546875 0.966666625 0.3759765625 0.9636363187500001 0.3740234375 0.9636363187500001 0.3720703125 0.9606060125000001 0.3701171875 0.9606060125000001 0.3662109375 0.9636363187500001 0.3642578125 0.9636363187500001 0.3544921875 0.966666625 0.3525390625 0.966666625 0.3505859375 0.9575757046875 0.3447265625 0.9575757046875 0.3427734375 0.9545453984375 0.3408203125 0.9545453984375 0.3388671875 0.962121165625 0.333984375 0.965151471875 0.333984375 0.9696969328125 0.3310546875 0.9696969328125 0.3056640625 0.966666625 0.3037109375 0.966666625 0.3017578125 0.9575757046875 0.2958984375 0.9575757046875 0.2919921875 0.9636363187500001 0.2880859375 0.9636363187500001 0.2861328125 0.966666625 0.2841796875 0.966666625 0.2666015625 0.962121165625 0.263671875 0.9590908593749999 0.263671875 0.9545453984375 0.2607421875 0.9545453984375 0.2509765625 0.9590908593749999 0.248046875 0.962121165625 0.248046875 0.966666625 0.2451171875 0.966666625 0.2392578125 0.9696969328125 0.2373046875 0.9696969328125 0.2275390625 0.966666625 0.2255859375 0.966666625 0.2177734375 0.9606060125000001 0.2158203125 0.9606060125000001 0.2138671875 0.9575757046875 0.2119140625 0.9575757046875 0.2080078125 0.966666625 0.2021484375 0.966666625 0.1787109375 0.9636363187500001 0.1767578125 0.9636363187500001 0.1689453125 0.966666625 0.1669921875 0.966666625 0.1650390625 0.9696969328125 0.1630859375 0.9696969328125 0.1376953125 0.966666625 0.1357421875 0.966666625 0.1337890625 0.9575757046875 0.1279296875 0.9575757046875 0.1240234375 0.9606060125000001 0.1220703125 0.9606060125000001 0.1201171875 0.962121165625 0.119140625 0.965151471875 0.119140625 0.9681817781250001 0.1171875 0.9712120859375 0.1171875 0.9757575453125 0.1142578125 0.9757575453125 0.0966796875 0.9712120859375 0.09375 0.9681817781250001 0.09375 0.9636363187500001 0.0908203125 0.9636363187500001 0.0869140625 0.966666625 0.0849609375 0.966666625 0.0830078125 0.9727272390625 0.0791015625 0.9727272390625 0.0771484375 0.9757575453125 0.0751953125 0.9757575453125 0.0517578125 0.9727272390625 0.0498046875 0.9727272390625 0.0478515625 0.9712120859375 0.046875 0.9681817781250001 0.046875 0.9636363187500001 0.0439453125 0.9636363187500001 0.0419921875 0.9560605515624999 0.037109375 0.9530302453124999 0.037109375 0.9499999390625 0.03515625 0.943939325 0.03515625 0.94090901875 0.033203125 0.8803028828125001 0.033203125 0.8772725765624999 0.03515625 0.86818165625 0.03515625 0.8651513484375 0.033203125 0.8287876671875001 0.033203125 0.8257573609375 0.03515625 0.8227270531249999 0.03515625 0.8196967468749999 0.037109375 0.813636134375 0.037109375 0.8106058265625 0.03515625 0.7984846 0.03515625 0.79545429375 0.033203125 0.7924239859375 0.03515625 0.780302759375 0.03515625 0.7772724515625 0.033203125 0.7378784640625 0.033203125 0.7348481578125 0.03125 0.72878754375 0.03125 0.7257572375 0.029296875 0.69545416875 0.029296875 0.6924238625 0.03125 0.6287874203125 0.03125 0.6257571140625 0.033203125 0.61666619375 0.033203125 0.6136358859375 0.03125 0.58333281875 0.03125 0.5803025125 0.029296875 0.5560600578125 0.029296875 0.5530297515625 0.03125 0.5469691375 0.03125 0.54393883125 0.029296875 0.5166660703125 0.029296875 0.5136357625 0.02734375 0.495453921875 0.02734375 0.48939330937500003 0.03125 0.4348477875 0.03125 0.43181747968749995 0.033203125 0.4287871734375 0.033203125 0.4257568671875 0.03515625 0.42272655937500003 0.03515625 0.419696253125 0.033203125 0.4106053328125 0.033203125 0.40757502656250005 0.03125 0.39848410625 0.03125 0.3954537984375 0.029296875 0.3742416515625 0.029296875 0.3712113453125 0.03125 0.3681810375 0.03125 0.36515073125 0.033203125 0.34393858437499997 0.033203125 0.3409082765625 0.03515625 0.31060520937499997 0.03515625 0.307574903125 0.037109375 0.29242336875 0.037109375 0.28939306249999996 0.03515625 0.2863627546875 0.03515625 0.2833324484375 0.033203125 0.2469687671875 0.033203125 0.2439384609375 0.03515625 0.2106050859375 0.03515625 0.2075747796875 0.037109375 0.201514165625 0.037109375 0.198483859375 0.0390625 0.1954535515625 0.0390625 0.1924232453125 0.041015625 0.18636263125000002 0.041015625 0.18333232500000002 0.04296875 0.1742414046875 0.04296875 0.1712110984375 0.041015625 0.168180790625 0.041015625 0.165150484375 0.0390625 0.09545342812499999 0.0390625 0.092423121875 0.037109375 0.0681806671875 0.037109375 0.0651503609375 0.03515625 0.0621200546875 0.03515625 0.059089746875 0.037109375 0.053029134374999995 0.037109375 0.0484836734375 0.0400390625 0.0484836734375 0.0419921875 0.045453367187499996 0.0439453125 0.045453367187499996 0.0458984375 0.042423059375 0.0478515625 0.042423059375 0.0732421875 0.045453367187499996 0.0751953125 0.045453367187499996 0.0830078125 0.042423059375 0.0849609375 0.042423059375 0.0927734375 0.045453367187499996 0.0947265625 0.045453367187499996 0.0986328125 0.042423059375 0.1005859375 0.045453367187499996 0.1025390625 0.045453367187499996 0.1181640625 0.042423059375 0.1201171875 0.042423059375 0.1298828125 0.039392753125 0.1318359375 0.039392753125 0.1474609375 0.036362446874999996 0.1494140625 0.039392753125 0.1513671875 0.039392753125 0.1552734375 0.042423059375 0.1572265625 0.042423059375 0.1630859375 0.039392753125 0.1650390625 0.039392753125 0.1728515625 0.036362446874999996 0.1748046875 0.036362446874999996 0.1865234375 0.042423059375 0.1904296875 0.042423059375 0.1982421875 0.039392753125 0.2001953125 0.039392753125 0.2197265625 0.036362446874999996 0.2216796875 0.036362446874999996 0.2373046875 0.039392753125 0.2392578125 0.039392753125 0.2470703125 0.033332140625 0.2509765625 0.033332140625 0.2880859375 0.036362446874999996 0.2900390625 0.036362446874999996 0.2958984375 0.033332140625 0.2978515625 0.033332140625 0.3017578125 0.030301832812500002 0.3037109375 0.030301832812500002 0.3173828125 0.033332140625 0.3193359375 0.033332140625 0.3212890625 0.036362446874999996 0.3232421875 0.036362446874999996 0.3310546875 0.033332140625 0.3330078125 0.033332140625 0.3466796875 0.036362446874999996 0.3486328125 0.036362446874999996 0.3564453125 0.033332140625 0.3583984375 0.033332140625 0.3701171875 0.036362446874999996 0.3720703125 0.036362446874999996 0.3798828125 0.030301832812500002 0.3837890625 0.030301832812500002 0.4013671875 0.036362446874999996 0.4052734375 0.036362446874999996 0.4111328125 0.033332140625 0.4130859375 0.033332140625 0.4541015625 0.036362446874999996 0.4560546875 0.036362446874999996 0.4599609375 0.033332140625 0.4619140625 0.033332140625 0.4697265625 0.030301832812500002 0.4716796875 0.030301832812500002 0.5068359375 0.0272715265625 0.5087890625 0.0272715265625 0.5126953125 0.0242412203125 0.5146484375 0.0242412203125 0.5185546875 0.0212109125 0.5205078125 0.0212109125 0.5224609375 0.0242412203125 0.5244140625 0.0242412203125 0.5263671875 0.0272715265625 0.5283203125 0.0272715265625 0.5302734375 0.030301832812500002 0.5322265625 0.030301832812500002 0.5361328125 0.0272715265625 0.5380859375 0.0272715265625 0.5517578125 0.0242412203125 0.5537109375 0.0242412203125 0.5615234375 0.0272715265625 0.5634765625 0.0272715265625 0.5771484375 0.030301832812500002 0.5791015625 0.030301832812500002 0.5849609375 0.0272715265625 0.5869140625 0.0272715265625 0.6220703125 0.0242412203125 0.6240234375 0.0242412203125 0.6298828125 0.0212109125 0.6318359375 0.0212109125 0.6416015625
