0 0.9541658171874999 0.9149810359374999 0.9663882671874999 0.11852085937500001 0.9663882671874999 0.07585335 0.9562028921874999 0.053729456249999995 0.9378692203125001 0.039506953125 0.809533509375 0.026864728124999997 0.074149521875 0.02212389375 0.03951925 0.025284450000000003 0.0262782640625 0.045828065625 0.0334080265625 0.9465866000000001 0.9276838453125 0.9639696593749999 0.9541658171874999 0.9149810359374999
2 0.9578125 0.178125 0.015625 0.0328125
2 0.95703125 0.23671875 0.021875 0.028125
2 0.95859375 0.303125 0.0171875 0.03125
2 0.95859375 0.36484375 0.0203125 0.03125
2 0.95546875 0.53828125 0.021875 0.0265625
2 0.9578125 0.5953125 0.0234375 0.0234375
2 0.953125 0.675 0.0203125 0.028125
2 0.9578125 0.79609375 0.015625 0.03125
1 0.9421875 0.93359375 0.040625 0.06875
2 0.778125 0.94765625 0.0125 0.0234375
2 0.5046875 0.96328125 0.0203125 0.0203125
2 0.459375 0.95703125 0.0203125 0.0265625
2 0.19453125 0.95703125 0.0125 0.0203125
2 0.03984375 0.81875 0.0109375 0.0375
2 0.67734375 0.0328125 0.0140625 0.01875
2 0.6390625 0.03515625 0.021875 0.034375
2 0.596875 0.03125 0.021875 0.034375
2 0.4625 0.03515625 0.0171875 0.021875
2 0.41875 0.03046875 0.01875 0.0234375
2 0.3359375 0.03671875 0.0140625 0.028125
2 0.25 0.03671875 0.01875 0.028125
2 0.20390625 0.0359375 0.0171875 0.0234375
