2 0.046875 0.91640625 0.0171875 0.028125
2 0.046875 0.83359375 0.015625 0.028125
2 0.05078125 0.69375 0.0125 0.025
2 0.0484375 0.61953125 0.0140625 0.021875
2 0.05234375 0.4015625 0.0125 0.0234375
2 0.05 0.32265625 0.015625 0.03125
2 0.09921875 0.03828125 0.015625 0.0265625
2 0.0734375 0.03984375 0.0125 0.025
2 0.15234375 0.0359375 0.015625 0.01875
2 0.20234375 0.03125 0.021875 0.0234375
2 0.18046875 0.03046875 0.015625 0.0203125
2 0.2578125 0.03125 0.015625 0.021875
2 0.28359375 0.0296875 0.01875 0.03125
2 0.3125 0.028125 0.015625 0.01875
2 0.365625 0.02890625 0.01875 0.021875
2 0.39296875 0.03046875 0.015625 0.021875
2 0.41953125 0.028125 0.015625 0.01875
2 0.74296875 0.028125 0.01875 0.021875
1 0.95546875 0.04296875 0.053125 0.0859375
2 0.94921875 0.96015625 0.01875 0.028125
2 0.90546875 0.9609375 0.015625 0.025
2 0.86953125 0.96640625 0.01875 0.025
2 0.62890625 0.97421875 0.01875 0.021875
2 0.4109375 0.97890625 0.015625 0.025
2 0.45390625 0.9765625 0.01875 0.021875
0 0.04296875 0.8732890703124999 0.046875 0.9465676796875 0.048828125 0.9648873328124999 0.0537109375 0.972520521875 0.0576171875 0.9755737968749999 0.1455078125 0.978627071875 0.3115234375 0.981680346875 0.4443359375 0.981680346875 0.9755859375 0.9694672453125 0.978515625 0.9648873328124999 0.98046875 0.95878078125 0.982421875 0.8580226937500001 0.982421875 0.6046008328125 0.970703125 0.0672243578125 0.966796875 0.04890470625 0.9521484375 0.032111690625 0.9443359375 0.026005140625 0.9365234375 0.0229518640625 0.2919921875 0.0229518640625 0.1884765625 0.026005140625 0.0634765625 0.0382182421875 0.0595703125 0.0412715171875 0.056640625 0.045851431250000005 0.05078125 0.1252365921875 0.04296875 0.8488628671875 0.04296875 0.8732890703124999
