0 0.51484375 0.49375 0.9453125 0.978125
2 0.15390625 0.02734375 0.015625 0.021875
2 0.19765625 0.02734375 0.015625 0.0203125
2 0.36640625 0.02265625 0.0125 0.01875
2 0.40390625 0.02265625 0.015625 0.0234375
2 0.66484375 0.025 0.015625 0.01875
2 0.865625 0.02109375 0.015625 0.021875
2 0.9 0.02421875 0.0125 0.025
2 0.94296875 0.025 0.0125 0.0203125
2 0.9765625 0.04921875 0.0140625 0.0203125
2 0.97890625 0.32890625 0.0125 0.021875
2 0.9078125 0.9640625 0.0125 0.01875
2 0.85546875 0.9625 0.01875 0.021875
2 0.7484375 0.96640625 0.015625 0.0203125
2 0.61171875 0.9703125 0.0140625 0.0171875
2 0.6421875 0.9703125 0.015625 0.0171875
2 0.50390625 0.97265625 0.0171875 0.015625
2 0.53125 0.97265625 0.0171875 0.015625
2 0.05234375 0.61015625 0.0140625 0.028125
