2 0.0953125 0.9578125 0.034375 0.015625
2 0.17578125 0.95859375 0.0296875 0.0140625
2 0.2390625 0.95703125 0.021875 0.015625
2 0.31796875 0.95078125 0.028125 0.015625
2 0.609375 0.95 0.03125 0.0109375
2 0.9609375 0.93046875 0.028125 0.015625
2 0.97109375 0.88125 0.021875 0.0125
2 0.97890625 0.71953125 0.028125 0.0125
2 0.971875 0.47734375 0.0375 0.015625
2 0.97421875 0.44921875 0.03125 0.021875
2 0.97265625 0.2015625 0.028125 0.01875
2 0.97265625 0.17890625 0.025 0.015625
2 0.97265625 0.15234375 0.028125 0.021875
2 0.4140625 0.02890625 0.028125 0.0125
2 0.53828125 0.0265625 0.028125 0.0140625
2 0.03828125 0.09765625 0.034375 0.01875
0 0.9739948593750001 0.8720703125 0.9831546859375001 0.7099609375 0.9770481359375 0.1865234375 0.9739948593750001 0.0751953125 0.970941584375 0.0634765625 0.9556752078124999 0.0400390625 0.9510952937500001 0.037109375 0.86255030625 0.03125 0.7373660140625 0.02734375 0.609128446875 0.025390625 0.24578867187500003 0.0234375 0.13892403125 0.025390625 0.041219218749999995 0.029296875 0.03969258125 0.0302734375 0.018319653124999998 0.6904296875 0.024426203125 0.9111328125 0.0366393046875 0.9580078125 0.041219218749999995 0.9609375 0.05037904375 0.962890625 0.14197730625 0.962890625 0.9297223656250001 0.955078125 0.94498874375 0.953125 0.9648350328124999 0.9482421875 0.9739948593750001 0.8720703125
