1 0.94375 0.94921875 0.053125 0.0421875
2 0.8 0.96015625 0.025 0.0140625
2 0.746875 0.95859375 0.021875 0.015625
2 0.6765625 0.95859375 0.0234375 0.015625
2 0.61953125 0.96015625 0.040625 0.0140625
2 0.56640625 0.96015625 0.0234375 0.0125
2 0.5109375 0.95703125 0.025 0.0140625
2 0.44296875 0.9578125 0.025 0.015625
2 0.3875 0.9546875 0.025 0.0140625
2 0.3125 0.953125 0.028125 0.015625
2 0.26015625 0.95546875 0.021875 0.0140625
2 0.19296875 0.95390625 0.028125 0.0125
2 0.13125 0.9546875 0.021875 0.0125
2 0.07265625 0.9515625 0.0203125 0.0171875
2 0.0328125 0.89453125 0.0203125 0.0140625
2 0.03046875 0.85078125 0.01875 0.015625
2 0.03203125 0.81640625 0.025 0.015625
2 0.034375 0.771875 0.028125 0.01875
2 0.03359375 0.734375 0.01875 0.0125
2 0.03125 0.6984375 0.0203125 0.021875
2 0.02890625 0.6140625 0.021875 0.01875
2 0.03515625 0.58046875 0.025 0.01875
2 0.03046875 0.53046875 0.034375 0.0234375
2 0.034375 0.5 0.015625 0.015625
2 0.0375 0.45546875 0.021875 0.021875
2 0.03203125 0.40546875 0.021875 0.0203125
2 0.0421875 0.38125 0.009375 0.00625
2 0.03671875 0.3265625 0.028125 0.01875
2 0.03828125 0.24140625 0.0203125 0.01875
2 0.04375 0.19140625 0.01875 0.01875
2 0.0421875 0.15703125 0.015625 0.01875
2 0.0453125 0.11015625 0.01875 0.015625
2 0.97109375 0.08125 0.025 0.021875
2 0.9734375 0.12109375 0.021875 0.025
2 0.9765625 0.16875 0.0171875 0.01875
2 0.971875 0.20546875 0.0265625 0.01875
2 0.97421875 0.334375 0.025 0.01875
2 0.9765625 0.36640625 0.01875 0.021875
2 0.97109375 0.41875 0.025 0.0234375
2 0.97265625 0.46484375 0.021875 0.0171875
2 0.96875 0.51015625 0.028125 0.021875
2 0.9703125 0.55 0.025 0.0203125
2 0.96875 0.5953125 0.025 0.0171875
2 0.9640625 0.63515625 0.025 0.01875
2 0.96875 0.67734375 0.028125 0.01875
2 0.975 0.7203125 0.03125 0.021875
2 0.9703125 0.7609375 0.03125 0.0203125
2 0.965625 0.81640625 0.028125 0.01875
2 0.96328125 0.8625 0.021875 0.0171875
2 0.959375 0.9015625 0.021875 0.0234375
2 0.0359375 0.93125 0.025 0.0140625
0 0.0287610625 0 0.00948166875 0.0230189453125 0.0006321109375 0.03727846875 0 0.96048075 0.026548671875000002 0.9651660218749999 0.6994311 0.967406803125 0.8501896328124999 0.9669993890624999 0.9152970921874999 0.96170299375 0.9333122625 0.9588510890625 0.9402654874999999 0.9551843546875001 0.9548040453125 0.9380729265625 0.9611251578125 0.9250356484375001 0.9788242734375 0.797107353125 0.986093553125 0.0490935015625 0.98072060625 0.03422285625 0.9646017703125 0.012629864062500001 0.950695321875 0.009981665625 0.6355878640625 0 0.0287610625 0
