0 0.970290771875 0.04685271875 0.11852085937500001 0.0376858828125 0.06479140312500001 0.0448156453125 0.055309734374999996 0.0662049296875 0.039506953125 0.2271338359375 0.037926675 0.8871460578124999 0.030025284375 0.96048075 0.053729456249999995 0.9727031984375 0.96871049375 0.9645548984375001 0.970290771875 0.04685271875
2 0.3875 0.9375 0.1359375 0.0375
2 0.12421875 0.0375 0.0328125 0.021875
2 0.2 0.04453125 0.0265625 0.01875
2 0.3171875 0.04140625 0.0296875 0.0234375
2 0.378125 0.0421875 0.0265625 0.0171875
2 0.484375 0.04140625 0.0328125 0.0140625
2 0.5546875 0.04296875 0.03125 0.025
2 0.69140625 0.04765625 0.0328125 0.0234375
2 0.74296875 0.0421875 0.028125 0.0234375
2 0.8125 0.04296875 0.034375 0.01875
2 0.871875 0.04140625 0.0328125 0.021875
2 0.04921875 0.184375 0.05 0.025
2 0.04375 0.325 0.0296875 0.0203125
2 0.046875 0.36328125 0.0234375 0.021875
2 0.04453125 0.4046875 0.028125 0.01875
2 0.046875 0.53671875 0.0234375 0.0265625
2 0.04140625 0.5828125 0.03125 0.021875
2 0.0453125 0.665625 0.0296875 0.0125
2 0.03984375 0.71484375 0.03125 0.03125
2 0.04609375 0.79453125 0.034375 0.0203125
2 0.03828125 0.834375 0.025 0.025
2 0.04140625 0.88125 0.028125 0.021875
1 0.05859375 0.0515625 0.059375 0.05
