0 0.48515625 0.49375 0.946875 0.965625
2 0.715625 0.9625 0.0171875 0.025
2 0.62578125 0.96484375 0.0125 0.01875
2 0.32578125 0.95390625 0.01875 0.025
2 0.0921875 0.94609375 0.021875 0.0265625
2 0.0484375 0.9453125 0.015625 0.03125
2 0.01953125 0.93046875 0.015625 0.0203125
2 0.1453125 0.025 0.0203125 0.0203125
2 0.25390625 0.025 0.0203125 0.021875
2 0.33671875 0.0203125 0.01875 0.01875
2 0.4421875 0.02109375 0.01875 0.01875
2 0.5765625 0.02265625 0.0171875 0.01875
2 0.9453125 0.38125 0.015625 0.0203125
2 0.9484375 0.4546875 0.015625 0.0203125
2 0.946875 0.675 0.015625 0.028125
2 0.95234375 0.74921875 0.015625 0.021875
