0 0.49140625 0.515625 0.9625 0.9484375
2 0.91484375 0.05703125 0.01875 0.015625
2 0.825 0.05546875 0.01875 0.0125
2 0.6890625 0.06953125 0.0203125 0.0171875
2 0.46484375 0.05859375 0.0234375 0.0125
2 0.396875 0.06484375 0.0265625 0.015625
2 0.1765625 0.05078125 0.025 0.0125
2 0.059375 0.07734375 0.01875 0.0125
2 0.0609375 0.1046875 0.0171875 0.0125
2 0.0375 0.203125 0.01875 0.015625
2 0.0390625 0.28046875 0.021875 0.0140625
2 0.03671875 0.3671875 0.021875 0.015625
2 0.0359375 0.49921875 0.01875 0.015625
2 0.0375 0.525 0.01875 0.0140625
2 0.0359375 0.5578125 0.01875 0.015625
2 0.0296875 0.76875 0.01875 0.0125
2 0.02421875 0.8578125 0.015625 0.0109375
2 0.01484375 0.90703125 0.015625 0.0125
2 0.4296875 0.975 0.021875 0.0125
2 0.559375 0.97578125 0.025 0.0125
2 0.91953125 0.81640625 0.025 0.021875
