1 0.05078125 0.05625 0.04140625 0.05234375
2 0.03984375 0.2 0.0140625 0.02421875
2 0.04140625 0.253125 0.01640625 0.02109375
2 0.04140625 0.3234375 0.015625 0.0234375
2 0.03984375 0.38046875 0.01328125 0.04140625
2 0.03984375 0.43359375 0.01171875 0.0234375
2 0.04296875 0.4890625 0.0140625 0.02421875
2 0.0421875 0.55703125 0.015625 0.025
2 0.0453125 0.6125 0.01484375 0.02421875
2 0.046875 0.6875 0.015625 0.02890625
2 0.04453125 0.73984375 0.01328125 0.021875
2 0.04609375 0.80703125 0.01328125 0.02734375
2 0.0453125 0.86875 0.01171875 0.021875
2 0.0484375 0.92734375 0.01640625 0.0203125
2 0.10546875 0.9671875 0.01328125 0.0203125
2 0.14921875 0.96953125 0.015625 0.01953125
2 0.18359375 0.96796875 0.015625 0.02421875
2 0.228125 0.965625 0.01875 0.028125
2 0.265625 0.96640625 0.01328125 0.01953125
2 0.3015625 0.96875 0.02109375 0.0203125
2 0.3859375 0.97109375 0.01875 0.02265625
2 0.41953125 0.96484375 0.01796875 0.025
2 0.46953125 0.96953125 0.0234375 0.03359375
2 0.5 0.965625 0.015625 0.01640625
2 0.54453125 0.9625 0.021875 0.02265625
2 0.59453125 0.96796875 0.0203125 0.02109375
2 0.61875 0.9578125 0.00625 0.009375
2 0.6734375 0.96328125 0.01953125 0.028125
2 0.75859375 0.96171875 0.01875 0.0203125
2 0.80859375 0.95625 0.01875 0.01875
2 0.84296875 0.9578125 0.01796875 0.015625
2 0.88984375 0.9546875 0.015625 0.01796875
2 0.91875 0.02890625 0.02109375 0.025
2 0.87890625 0.0265625 0.02421875 0.021875
2 0.83125 0.0234375 0.01796875 0.0171875
2 0.79453125 0.028125 0.01953125 0.0265625
2 0.665625 0.02578125 0.01875 0.02421875
2 0.63359375 0.0234375 0.02265625 0.01953125
2 0.58125 0.02890625 0.0234375 0.02421875
2 0.53515625 0.02734375 0.0171875 0.02265625
2 0.48984375 0.03125 0.02109375 0.02734375
2 0.45 0.0296875 0.0203125 0.025
2 0.4046875 0.03125 0.0171875 0.025
2 0.36484375 0.0359375 0.01953125 0.02421875
2 0.32265625 0.03125 0.01953125 0.028125
2 0.2796875 0.025 0.02265625 0.03125
2 0.2390625 0.0296875 0.0203125 0.03125
2 0.18359375 0.034375 0.01796875 0.02734375
2 0.1375 0.03671875 0.0171875 0.021875
2 0.0984375 0.040625 0.0234375 0.02109375
2 0.06875 0.9640625 0.0140625 0.025
0 1 0.3644121359375 0.990018334375 0.049304678125 0.9873701359375 0.0353982296875 0.9657771437499999 0.019279393750000002 0.9509064984375 0.013906446875 0.202892646875 0.0211757265625 0.0749643515625 0.0388748421875 0.0619270734375 0.0451959546875 0.0448156453125 0.0597345125 0.0411489109375 0.0666877375 0.03829700625 0.08470290781249999 0.0330006109375 0.14981036718750002 0.032593196875 0.30056889999999997 0.034833978125 0.9734513281250001 0.03951925 1 0.96272153125 0.9993678890625001 0.9769810546875 0.99051833125 1 0.9712389375000001 1 0.3644121359375
