2 0.940625 0.084375 0.01875 0.034375
2 0.9328125 0.30234375 0.0171875 0.03125
2 0.93984375 0.53125 0.0140625 0.03125
2 0.93828125 0.596875 0.0125 0.03125
2 0.946875 0.67734375 0.015625 0.028125
2 0.9515625 0.8171875 0.0125 0.03125
2 0.92421875 0.9359375 0.0109375 0.025
2 0.89921875 0.940625 0.0125 0.01875
2 0.7984375 0.96171875 0.0140625 0.025
2 0.634375 0.96328125 0.0171875 0.025
2 0.47734375 0.9640625 0.0171875 0.015625
2 0.44453125 0.9640625 0.0140625 0.028125
2 0.2328125 0.971875 0.01875 0.03125
2 0.1765625 0.98203125 0.01875 0.0234375
2 0.1453125 0.97890625 0.0125 0.025
2 0.034375 0.90078125 0.015625 0.028125
2 0.0296875 0.72421875 0.0109375 0.0328125
2 0.02578125 0.43984375 0.0125 0.028125
2 0.07578125 0.084375 0.01875 0.0203125
2 0.1875 0.075 0.0203125 0.025
0 0.95703125 0.8900297859374999 0.951171875 0.11755110312499999 0.947265625 0.0534323203125 0.9443359375 0.04579913125 0.9404296875 0.042745856250000006 0.8876953125 0.027479478125 0.6650390625 0.030532754687500004 0.0380859375 0.073278609375 0.0205078125 0.0915982625 0.017578125 0.0961781765625 0.015625 0.10228472656250001 0.013671875 0.12365765468750001 0.01171875 0.1694567859375 0.021484375 0.6366079250000001 0.02734375 0.8167511749999999 0.03515625 0.9510952937500001 0.037109375 0.9602551203124999 0.0439453125 0.9739948593750001 0.0634765625 0.9862079609375 0.2177734375 0.9862079609375 0.7060546875 0.9739948593750001 0.9521484375 0.94956865625 0.955078125 0.94498874375 0.95703125 0.9388821921874999 0.95703125 0.8900297859374999
