0 0.515625 0.48984375 0.95 0.965625
2 0.91953125 0.92265625 0.0125 0.021875
2 0.68515625 0.934375 0.015625 0.0203125
2 0.0546875 0.909375 0.0171875 0.021875
2 0.05546875 0.459375 0.015625 0.025
2 0.06015625 0.39140625 0.015625 0.0234375
2 0.05234375 0.240625 0.0125 0.025
2 0.05 0.171875 0.0109375 0.0203125
2 0.07421875 0.046875 0.0125 0.01875
2 0.10234375 0.04609375 0.015625 0.01875
2 0.15390625 0.034375 0.0125 0.0203125
2 0.28046875 0.0265625 0.0140625 0.0171875
2 0.365625 0.0296875 0.015625 0.0140625
2 0.42109375 0.02734375 0.0140625 0.015625
2 0.44296875 0.0265625 0.0125 0.01875
2 0.525 0.025 0.01875 0.0203125
2 0.55390625 0.025 0.015625 0.021875
2 0.58046875 0.0234375 0.015625 0.021875
2 0.60390625 0.025 0.0140625 0.0203125
2 0.63671875 0.0203125 0.0125 0.01875
2 0.68515625 0.02109375 0.0125 0.0171875
2 0.73984375 0.0203125 0.015625 0.01875
2 0.76953125 0.0203125 0.01875 0.01875
2 0.85234375 0.01640625 0.0125 0.01875
