2 0.8546875 0.1078125 0.0171875 0.01875
2 0.88984375 0.115625 0.01875 0.0234375
2 0.81796875 0.11484375 0.015625 0.015625
2 0.75078125 0.1203125 0.0125 0.0203125
2 0.71328125 0.121875 0.0125 0.015625
2 0.6453125 0.125 0.0171875 0.025
2 0.1328125 0.1984375 0.0125 0.0234375
2 0.14140625 0.25078125 0.015625 0.0359375
2 0.14140625 0.296875 0.0125 0.0234375
2 0.1390625 0.34765625 0.0125 0.0203125
2 0.140625 0.3984375 0.0140625 0.021875
2 0.13984375 0.4828125 0.0125 0.03125
2 0.1421875 0.5328125 0.0109375 0.025
2 0.14609375 0.5765625 0.009375 0.01875
2 0.14765625 0.640625 0.009375 0.01875
2 0.14296875 0.67890625 0.0078125 0.01875
2 0.14453125 0.734375 0.009375 0.01875
2 0.14375 0.78125 0.009375 0.01875
2 0.15 0.8265625 0.009375 0.015625
2 0.54765625 0.85390625 0.009375 0.01875
2 0.590625 0.85390625 0.0109375 0.015625
2 0.89296875 0.7390625 0.0140625 0.0234375
0 0.3544921875 0.8583984375 0.35546875 0.85986328125 0.3564453125 0.861328125 0.3935546875 0.861328125 0.3955078125 0.8583984375 0.4169921875 0.8583984375 0.4189453125 0.85546875 0.4208984375 0.85546875 0.4228515625 0.8583984375 0.4365234375 0.8583984375 0.4384765625 0.85546875 0.4501953125 0.85546875 0.4521484375 0.8583984375 0.4814453125 0.8583984375 0.4833984375 0.85546875 0.5419921875 0.85546875 0.5439453125 0.8525390625 0.5458984375 0.8525390625 0.5478515625 0.849609375 0.5498046875 0.8525390625 0.5517578125 0.8525390625 0.5537109375 0.85546875 0.5556640625 0.85546875 0.5576171875 0.8583984375 0.5791015625 0.8583984375 0.5810546875 0.85546875 0.5849609375 0.85546875 0.5888671875 0.849609375 0.5927734375 0.849609375 0.5947265625 0.8525390625 0.5966796875 0.8525390625 0.5986328125 0.85546875 0.6005859375 0.85546875 0.6025390625 0.8525390625 0.6103515625 0.8525390625 0.6123046875 0.849609375 0.6181640625 0.849609375 0.6201171875 0.8525390625 0.6220703125 0.8525390625 0.6240234375 0.85546875 0.6513671875 0.85546875 0.6533203125 0.8525390625 0.6630859375 0.8525390625 0.6650390625 0.85546875 0.6787109375 0.85546875 0.6806640625 0.8525390625 0.6904296875 0.8525390625 0.6923828125 0.85546875 0.6962890625 0.85546875 0.6982421875 0.8525390625 0.7080078125 0.8525390625 0.7099609375 0.849609375 0.7236328125 0.849609375 0.7255859375 0.8466796875 0.7294921875 0.8466796875 0.7314453125 0.849609375 0.7470703125 0.849609375 0.7490234375 0.8525390625 0.7587890625 0.8525390625 0.7607421875 0.849609375 0.7705078125 0.849609375 0.7724609375 0.8525390625 0.7880859375 0.8525390625 0.7900390625 0.849609375 0.8251953125 0.849609375 0.8271484375 0.8466796875 0.8349609375 0.8466796875 0.8369140625 0.849609375 0.8779296875 0.849609375 0.8798828125 0.8466796875 0.8955078125 0.8466796875 0.900390625 0.83935546875 0.900390625 0.82177734375 0.90234375 0.81884765625 0.90234375 0.80712890625 0.900390625 0.80419921875 0.900390625 0.79833984375 0.8984375 0.79541015625 0.8984375 0.78955078125 0.900390625 0.78662109375 0.900390625 0.77783203125 0.8984375 0.77490234375 0.8984375 0.75439453125 0.890625 0.74267578125 0.890625 0.73681640625 0.8935546875 0.732421875 0.8955078125 0.732421875 0.8984375 0.72802734375 0.8984375 0.71337890625 0.900390625 0.71044921875 0.900390625 0.64892578125 0.8984375 0.64599609375 0.8984375 0.62841796875 0.900390625 0.62548828125 0.900390625 0.62255859375 0.8984375 0.61962890625 0.900390625 0.61669921875 0.900390625 0.53173828125 0.90234375 0.52880859375 0.90234375 0.42919921875 0.900390625 0.42626953125 0.900390625 0.33251953125 0.90234375 0.32958984375 0.90234375 0.30908203125 0.900390625 0.30615234375 0.900390625 0.27392578125 0.8984375 0.27099609375 0.8984375 0.23291015625 0.896484375 0.22998046875 0.896484375 0.22412109375 0.8984375 0.22119140625 0.8984375 0.18603515625 0.896484375 0.18310546875 0.8984375 0.18017578125 0.8984375 0.17724609375 0.896484375 0.17431640625 0.896484375 0.17138671875 0.8984375 0.16845703125 0.8984375 0.16552734375 0.896484375 0.16259765625 0.896484375 0.15087890625 0.8984375 0.14794921875 0.8984375 0.12451171875 0.8935546875 0.1171875 0.8916015625 0.1171875 0.8896484375 0.1142578125 0.8876953125 0.1142578125 0.88671875 0.11279296875 0.88671875 0.10986328125 0.8857421875 0.1083984375 0.8662109375 0.1083984375 0.8642578125 0.111328125 0.8603515625 0.111328125 0.8583984375 0.1142578125 0.8291015625 0.1142578125 0.8271484375 0.1171875 0.8251953125 0.1171875 0.8212890625 0.123046875 0.8173828125 0.123046875 0.8134765625 0.1171875 0.7900390625 0.1171875 0.7880859375 0.1201171875 0.7802734375 0.1201171875 0.7783203125 0.1171875 0.7705078125 0.1171875 0.7685546875 0.1201171875 0.7607421875 0.1201171875 0.7568359375 0.1259765625 0.7470703125 0.1259765625 0.74609375 0.12451171875 0.74609375 0.12158203125 0.7451171875 0.1201171875 0.7314453125 0.1201171875 0.7294921875 0.1171875 0.7255859375 0.1171875 0.7236328125 0.1201171875 0.7197265625 0.1201171875 0.71875 0.12158203125 0.71875 0.12451171875 0.7158203125 0.12890625 0.7099609375 0.12890625 0.7041015625 0.1201171875 0.6962890625 0.1201171875 0.6943359375 0.123046875 0.6884765625 0.123046875 0.6865234375 0.1259765625 0.6728515625 0.1259765625 0.6708984375 0.123046875 0.6513671875 0.123046875 0.6455078125 0.1318359375 0.6416015625 0.1318359375 0.6357421875 0.123046875 0.6123046875 0.123046875 0.6103515625 0.1259765625 0.6025390625 0.1259765625 0.6005859375 0.12890625 0.5830078125 0.12890625 0.5810546875 0.1318359375 0.5712890625 0.1318359375 0.5693359375 0.12890625 0.5498046875 0.12890625 0.5478515625 0.1318359375 0.5439453125 0.1318359375 0.5419921875 0.134765625 0.5361328125 0.134765625 0.5341796875 0.1318359375 0.5322265625 0.1318359375 0.5302734375 0.12890625 0.5224609375 0.12890625 0.5205078125 0.1318359375 0.5029296875 0.1318359375 0.5009765625 0.134765625 0.4951171875 0.134765625 0.4931640625 0.1318359375 0.4677734375 0.1318359375 0.4658203125 0.134765625 0.4541015625 0.134765625 0.4521484375 0.1376953125 0.4326171875 0.1376953125 0.4306640625 0.140625 0.4287109375 0.140625 0.4267578125 0.1376953125 0.4150390625 0.1376953125 0.4130859375 0.134765625 0.4052734375 0.134765625 0.4033203125 0.1376953125 0.4013671875 0.1376953125 0.3994140625 0.140625 0.3916015625 0.140625 0.3896484375 0.1376953125 0.3583984375 0.1376953125 0.3564453125 0.134765625 0.2861328125 0.134765625 0.2841796875 0.1376953125 0.2626953125 0.1376953125 0.2607421875 0.140625 0.2548828125 0.140625 0.2529296875 0.1435546875 0.2470703125 0.1435546875 0.2451171875 0.140625 0.2236328125 0.140625 0.2216796875 0.1435546875 0.2158203125 0.1435546875 0.2138671875 0.146484375 0.2099609375 0.146484375 0.2080078125 0.1435546875 0.2060546875 0.1435546875 0.2041015625 0.140625 0.1962890625 0.140625 0.1943359375 0.1435546875 0.1923828125 0.1435546875 0.1904296875 0.146484375 0.1884765625 0.146484375 0.1865234375 0.1494140625 0.1845703125 0.1494140625 0.1826171875 0.15234375 0.1806640625 0.15234375 0.1787109375 0.1494140625 0.1572265625 0.1494140625 0.1552734375 0.15234375 0.1513671875 0.15234375 0.1494140625 0.1552734375 0.1474609375 0.1552734375 0.1455078125 0.158203125 0.1416015625 0.158203125 0.1376953125 0.1640625 0.1357421875 0.1640625 0.1328125 0.16845703125 0.1328125 0.18603515625 0.134765625 0.18896484375 0.134765625 0.19482421875 0.13671875 0.19775390625 0.13671875 0.20068359375 0.134765625 0.20361328125 0.134765625 0.20654296875 0.1328125 0.20947265625 0.1328125 0.22119140625 0.134765625 0.22412109375 0.134765625 0.23291015625 0.13671875 0.23583984375 0.13671875 0.24169921875 0.138671875 0.24462890625 0.138671875 0.24755859375 0.140625 0.25048828125 0.140625 0.26220703125 0.13671875 0.26806640625 0.13671875 0.28857421875 0.140625 0.29443359375 0.140625 0.30029296875 0.138671875 0.30322265625 0.138671875 0.30615234375 0.13671875 0.30908203125 0.13671875 0.31494140625 0.134765625 0.31787109375 0.134765625 0.33837890625 0.138671875 0.34423828125 0.138671875 0.34716796875 0.140625 0.35009765625 0.140625 0.35302734375 0.134765625 0.36181640625 0.134765625 0.38232421875 0.13671875 0.38525390625 0.13671875 0.39111328125 0.1376953125 0.392578125 0.1396484375 0.392578125 0.140625 0.39404296875 0.140625 0.40283203125 0.13671875 0.40869140625 0.13671875 0.42919921875 0.138671875 0.43212890625 0.138671875 0.44677734375 0.13671875 0.44970703125 0.13671875 0.46728515625 0.138671875 0.47021484375 0.138671875 0.47314453125 0.140625 0.47607421875 0.140625 0.47900390625 0.142578125 0.48193359375 0.140625 0.48486328125 0.140625 0.48779296875 0.138671875 0.49072265625 0.138671875 0.51708984375 0.140625 0.52001953125 0.140625 0.52587890625 0.146484375 0.53466796875 0.138671875 0.54638671875 0.138671875 0.56982421875 0.140625 0.57275390625 0.140625 0.57568359375 0.142578125 0.57861328125 0.140625 0.58154296875 0.140625 0.58740234375 0.138671875 0.59033203125 0.138671875 0.61083984375 0.140625 0.61376953125 0.138671875 0.61669921875 0.138671875 0.62255859375 0.140625 0.62548828125 0.140625 0.63134765625 0.146484375 0.64013671875 0.146484375 0.64306640625 0.1455078125 0.64453125 0.1435546875 0.64453125 0.142578125 0.64599609375 0.142578125 0.64892578125 0.140625 0.65185546875 0.140625 0.67236328125 0.14453125 0.67822265625 0.14453125 0.68408203125 0.142578125 0.68701171875 0.142578125 0.68994140625 0.140625 0.69287109375 0.140625 0.72216796875 0.1455078125 0.7294921875 0.1474609375 0.7294921875 0.1484375 0.73095703125 0.1484375 0.73681640625 0.142578125 0.74560546875 0.142578125 0.74853515625 0.140625 0.75146484375 0.140625 0.75732421875 0.142578125 0.76025390625 0.142578125 0.77197265625 0.146484375 0.77783203125 0.146484375 0.78662109375 0.142578125 0.79248046875 0.142578125 0.81884765625 0.14453125 0.82177734375 0.14453125 0.82763671875 0.142578125 0.83056640625 0.142578125 0.83349609375 0.140625 0.83642578125 0.140625 0.85400390625 0.1435546875 0.8583984375 0.1533203125 0.8583984375 0.1552734375 0.85546875 0.1572265625 0.85546875 0.1591796875 0.8525390625 0.1611328125 0.8525390625 0.1630859375 0.849609375 0.1728515625 0.849609375 0.1748046875 0.8466796875 0.1767578125 0.849609375 0.1826171875 0.849609375 0.1845703125 0.8525390625 0.1865234375 0.8525390625 0.1884765625 0.849609375 0.2197265625 0.849609375 0.2216796875 0.8525390625 0.2275390625 0.8525390625 0.2294921875 0.85546875 0.2509765625 0.85546875 0.2529296875 0.8525390625 0.2744140625 0.8525390625 0.2763671875 0.849609375 0.2822265625 0.849609375 0.2841796875 0.8466796875 0.2978515625 0.8466796875 0.2998046875 0.849609375 0.3115234375 0.849609375 0.3134765625 0.8525390625 0.3232421875 0.8525390625 0.3251953125 0.85546875 0.3310546875 0.85546875 0.3330078125 0.8583984375 0.3544921875 0.8583984375
