2 0.09375 0.05078125 0.01875 0.01953125
2 0.13203125 0.046875 0.01796875 0.01953125
2 0.17265625 0.046875 0.02265625 0.02578125
2 0.23125 0.034375 0.01484375 0.02109375
2 0.271875 0.03359375 0.01953125 0.0203125
2 0.315625 0.03671875 0.0140625 0.0171875
2 0.35546875 0.03828125 0.01953125 0.02265625
2 0.396875 0.0375 0.015625 0.0171875
2 0.4421875 0.0359375 0.01484375 0.0203125
2 0.48359375 0.034375 0.01484375 0.01953125
2 0.52890625 0.03515625 0.01875 0.025
2 0.5734375 0.0328125 0.01640625 0.01640625
2 0.659375 0.0296875 0.0109375 0.01953125
2 0.7046875 0.028125 0.01640625 0.01796875
2 0.7421875 0.03359375 0.01484375 0.01953125
2 0.78828125 0.0296875 0.01171875 0.02265625
2 0.82578125 0.02109375 0.0140625 0.01796875
2 0.8796875 0.0296875 0.0296875 0.0296875
2 0.046875 0.875 0.01875 0.028125
2 0.04296875 0.81015625 0.0203125 0.0203125
2 0.03984375 0.74375 0.01484375 0.02578125
2 0.0421875 0.6953125 0.02109375 0.0296875
2 0.04296875 0.61640625 0.0109375 0.0203125
2 0.03984375 0.5609375 0.01328125 0.02109375
2 0.03828125 0.49140625 0.01328125 0.02109375
2 0.03359375 0.38515625 0.0140625 0.02578125
2 0.034375 0.32421875 0.0140625 0.02578125
2 0.0359375 0.2578125 0.0125 0.028125
2 0.03515625 0.2046875 0.009375 0.02265625
1 0.0625 0.9453125 0.05390625 0.07265625
2 0.46796875 0.96953125 0.01796875 0.0171875
0 0.4130859375 0.966667859375 0.4150390625 0.963637553125 0.4208984375 0.963637553125 0.4228515625 0.966667859375 0.4248046875 0.966667859375 0.4267578125 0.9696981671874999 0.4599609375 0.9696981671874999 0.4638671875 0.963637553125 0.4697265625 0.963637553125 0.4736328125 0.9696981671874999 0.4892578125 0.9696981671874999 0.4931640625 0.963637553125 0.4951171875 0.963637553125 0.4970703125 0.960607246875 0.5029296875 0.960607246875 0.5048828125 0.963637553125 0.5068359375 0.963637553125 0.5087890625 0.960607246875 0.5361328125 0.960607246875 0.5380859375 0.957576940625 0.5458984375 0.957576940625 0.5478515625 0.960607246875 0.5517578125 0.960607246875 0.5537109375 0.963637553125 0.5595703125 0.963637553125 0.5615234375 0.960607246875 0.5888671875 0.960607246875 0.5908203125 0.957576940625 0.5966796875 0.957576940625 0.5986328125 0.960607246875 0.6005859375 0.960607246875 0.6025390625 0.963637553125 0.6162109375 0.963637553125 0.6201171875 0.957576940625 0.6279296875 0.957576940625 0.6298828125 0.960607246875 0.6357421875 0.960607246875 0.6376953125 0.957576940625 0.6787109375 0.957576940625 0.6806640625 0.960607246875 0.6845703125 0.960607246875 0.6865234375 0.963637553125 0.6923828125 0.963637553125 0.6943359375 0.960607246875 0.7021484375 0.960607246875 0.7041015625 0.957576940625 0.7119140625 0.957576940625 0.7138671875 0.960607246875 0.7294921875 0.960607246875 0.7314453125 0.963637553125 0.7412109375 0.963637553125 0.7431640625 0.960607246875 0.7490234375 0.960607246875 0.7548828125 0.9515163265625001 0.7607421875 0.9515163265625001 0.7646484375 0.957576940625 0.7705078125 0.957576940625 0.7724609375 0.9545466328125001 0.7744140625 0.957576940625 0.7763671875 0.9545466328125001 0.7919921875 0.9545466328125001 0.7939453125 0.9515163265625001 0.8056640625 0.9515163265625001 0.8076171875 0.9484860203125001 0.8095703125 0.9484860203125001 0.8115234375 0.9515163265625001 0.8388671875 0.9515163265625001 0.8408203125 0.9484860203125001 0.8427734375 0.9484860203125001 0.8447265625 0.9515163265625001 0.8466796875 0.9515163265625001 0.8486328125 0.9545466328125001 0.8720703125 0.9545466328125001 0.8740234375 0.9515163265625001 0.8779296875 0.9515163265625001 0.8798828125 0.9484860203125001 0.8818359375 0.9484860203125001 0.8837890625 0.9454557124999999 0.8935546875 0.9454557124999999 0.8955078125 0.9484860203125001 0.9150390625 0.9484860203125001 0.9169921875 0.9454557124999999 0.9267578125 0.9454557124999999 0.9287109375 0.9484860203125001 0.9521484375 0.9484860203125001 0.9541015625 0.9454557124999999 0.9599609375 0.9454557124999999 0.962890625 0.940910253125 0.962890625 0.8954556515625001 0.9609375 0.89242534375 0.9609375 0.874243503125 0.958984375 0.8712131968750001 0.958984375 0.8560616624999999 0.9609375 0.85303135625 0.9609375 0.85000105 0.958984375 0.8469707421875 0.9609375 0.8439404359375 0.9609375 0.8287889015625 0.958984375 0.8257585953125 0.958984375 0.8227282890625001 0.95703125 0.81969798125 0.95703125 0.816667675 0.958984375 0.81363736875 0.958984375 0.8045464484375 0.9609375 0.801516140625 0.9609375 0.7893949140625 0.962890625 0.7863646078125 0.962890625 0.7742433796875 0.96484375 0.7712130734375 0.96484375 0.7015160171875 0.962890625 0.6984857109375 0.962890625 0.6863644843750001 0.96484375 0.6833341765625 0.96484375 0.650000803125 0.966796875 0.6469704953125001 0.966796875 0.60151589375 0.96875 0.5984855875 0.966796875 0.59545528125 0.966796875 0.5742431328125 0.96484375 0.5712128265625 0.96484375 0.56212190625 0.966796875 0.5590916 0.966796875 0.504546078125 0.96875 0.5015157703125 0.96875 0.49848546406249994 0.970703125 0.4954551578125 0.970703125 0.48939454375 0.96875 0.4863642375 0.96875 0.43181871562499996 0.966796875 0.4287884078125 0.966796875 0.32878828437499996 0.96484375 0.325757978125 0.96484375 0.31666705781250004 0.966796875 0.3136367515625 0.966796875 0.3015155234375 0.96875 0.2984852171875 0.96875 0.2742427625 0.966796875 0.27121245625 0.966796875 0.253030615625 0.96484375 0.250000309375 0.96484375 0.19545478593750001 0.962890625 0.1924244796875 0.962890625 0.16515171875 0.96484375 0.1621214125 0.96484375 0.1287880375 0.962890625 0.12575773125 0.962890625 0.10454558437499999 0.9609375 0.10151527656249999 0.9609375 0.0954546640625 0.958984375 0.09242435624999999 0.958984375 0.08636374375 0.95703125 0.0833334359375 0.95703125 0.071212209375 0.958984375 0.06818190156250001 0.958984375 0.059090981249999994 0.9609375 0.056060675000000004 0.9609375 0.034848528125 0.9580078125 0.030303067187499998 0.9560546875 0.030303067187499998 0.9482421875 0.018181840625 0.9248046875 0.018181840625 0.9228515625 0.021212146874999997 0.9208984375 0.021212146874999997 0.9189453125 0.0242424546875 0.9150390625 0.0242424546875 0.9130859375 0.0272727609375 0.9072265625 0.0272727609375 0.9052734375 0.0242424546875 0.9013671875 0.0242424546875 0.8994140625 0.021212146874999997 0.8896484375 0.021212146874999997 0.8876953125 0.0242424546875 0.8837890625 0.0242424546875 0.8779296875 0.033333375 0.8701171875 0.033333375 0.8671875 0.028787914062499996 0.8671875 0.0257576078125 0.8662109375 0.0242424546875 0.8603515625 0.0242424546875 0.8583984375 0.021212146874999997 0.8369140625 0.021212146874999997 0.8349609375 0.0242424546875 0.8330078125 0.0242424546875 0.8310546875 0.0272727609375 0.8291015625 0.0272727609375 0.8271484375 0.030303067187499998 0.8251953125 0.0272727609375 0.8212890625 0.0272727609375 0.8193359375 0.0242424546875 0.7998046875 0.0242424546875 0.7978515625 0.0272727609375 0.7958984375 0.0272727609375 0.794921875 0.028787914062499996 0.794921875 0.031818221875000004 0.7939453125 0.033333375 0.7919921875 0.033333375 0.7900390625 0.03636368125 0.7880859375 0.03636368125 0.7861328125 0.033333375 0.7841796875 0.033333375 0.7802734375 0.0272727609375 0.7744140625 0.0272727609375 0.7724609375 0.0242424546875 0.7568359375 0.0242424546875 0.7548828125 0.0272727609375 0.7529296875 0.0272727609375 0.7470703125 0.03636368125 0.7392578125 0.03636368125 0.7353515625 0.030303067187499998 0.7333984375 0.030303067187499998 0.7314453125 0.0272727609375 0.7138671875 0.0272727609375 0.7099609375 0.033333375 0.7060546875 0.033333375 0.7041015625 0.03636368125 0.7021484375 0.033333375 0.7001953125 0.033333375 0.6982421875 0.030303067187499998 0.6904296875 0.030303067187499998 0.6884765625 0.0272727609375 0.6767578125 0.0272727609375 0.6748046875 0.030303067187499998 0.6689453125 0.030303067187499998 0.6669921875 0.033333375 0.6650390625 0.033333375 0.6630859375 0.03636368125 0.6552734375 0.03636368125 0.6533203125 0.033333375 0.6513671875 0.033333375 0.6494140625 0.030303067187499998 0.6435546875 0.030303067187499998 0.6416015625 0.0272727609375 0.6376953125 0.0272727609375 0.6337890625 0.033333375 0.6279296875 0.033333375 0.6259765625 0.030303067187499998 0.6123046875 0.030303067187499998 0.6103515625 0.033333375 0.5927734375 0.033333375 0.5908203125 0.03636368125 0.5830078125 0.03636368125 0.5810546875 0.0393939875 0.5791015625 0.0393939875 0.5771484375 0.0424242953125 0.5751953125 0.0424242953125 0.5732421875 0.0393939875 0.5712890625 0.0393939875 0.5673828125 0.033333375 0.5419921875 0.033333375 0.5400390625 0.03636368125 0.5361328125 0.03636368125 0.5341796875 0.0393939875 0.5322265625 0.0393939875 0.5302734375 0.0424242953125 0.5283203125 0.0424242953125 0.5263671875 0.0393939875 0.5244140625 0.0393939875 0.5205078125 0.033333375 0.4951171875 0.033333375 0.4931640625 0.03636368125 0.4912109375 0.03636368125 0.4873046875 0.0424242953125 0.4794921875 0.0424242953125 0.4755859375 0.03636368125 0.4580078125 0.03636368125 0.4560546875 0.0393939875 0.4541015625 0.03636368125 0.4521484375 0.03636368125 0.4501953125 0.0393939875 0.4404296875 0.0393939875 0.4365234375 0.033333375 0.4326171875 0.033333375 0.4306640625 0.030303067187499998 0.4150390625 0.030303067187499998 0.4130859375 0.033333375 0.4072265625 0.033333375 0.40625 0.034848528125 0.40625 0.037878834374999996 0.4013671875 0.0454546015625 0.3955078125 0.0454546015625 0.3876953125 0.033333375 0.3681640625 0.033333375 0.36328125 0.040909140625 0.36328125 0.0439394484375 0.3623046875 0.0454546015625 0.3583984375 0.0454546015625 0.3564453125 0.0484849078125 0.3544921875 0.0454546015625 0.3525390625 0.0454546015625 0.3505859375 0.0424242953125 0.3486328125 0.0424242953125 0.3466796875 0.0393939875 0.3427734375 0.0393939875 0.3408203125 0.03636368125 0.3251953125 0.03636368125 0.3193359375 0.0454546015625 0.3154296875 0.0454546015625 0.3134765625 0.0424242953125 0.3115234375 0.0424242953125 0.310546875 0.040909140625 0.310546875 0.037878834374999996 0.3076171875 0.033333375 0.3037109375 0.033333375 0.3017578125 0.030303067187499998 0.2841796875 0.030303067187499998 0.2763671875 0.0424242953125 0.2744140625 0.0424242953125 0.2724609375 0.0393939875 0.2685546875 0.0393939875 0.2646484375 0.033333375 0.2587890625 0.033333375 0.2568359375 0.030303067187499998 0.2451171875 0.030303067187499998 0.2431640625 0.033333375 0.2412109375 0.033333375 0.240234375 0.034848528125 0.240234375 0.037878834374999996 0.2373046875 0.0424242953125 0.2294921875 0.0424242953125 0.2216796875 0.030303067187499998 0.2080078125 0.030303067187499998 0.2060546875 0.033333375 0.1943359375 0.033333375 0.1923828125 0.03636368125 0.1884765625 0.03636368125 0.1806640625 0.0484849078125 0.1787109375 0.0484849078125 0.1767578125 0.051515215625 0.1728515625 0.051515215625 0.1708984375 0.0484849078125 0.1650390625 0.0484849078125 0.1630859375 0.0454546015625 0.1396484375 0.0454546015625 0.1357421875 0.051515215625 0.1337890625 0.051515215625 0.1318359375 0.054545521875 0.1279296875 0.054545521875 0.1240234375 0.0484849078125 0.1025390625 0.0484849078125 0.0966796875 0.05757582812499999 0.0908203125 0.05757582812499999 0.0888671875 0.054545521875 0.0869140625 0.054545521875 0.0849609375 0.051515215625 0.0615234375 0.051515215625 0.0556640625 0.06060613593750001 0.0537109375 0.06060613593750001 0.0517578125 0.0636364421875 0.0478515625 0.0636364421875 0.0439453125 0.06969705625 0.0419921875 0.06969705625 0.0390625 0.074242515625 0.0390625 0.0772728234375 0.037109375 0.0803031296875 0.037109375 0.0833334359375 0.03515625 0.08636374375 0.03515625 0.0984849703125 0.033203125 0.10151527656249999 0.033203125 0.11969711718750001 0.03515625 0.12272742343750001 0.03515625 0.1348486515625 0.03125 0.140909265625 0.03125 0.177272946875 0.033203125 0.180303253125 0.033203125 0.186363865625 0.03515625 0.1893941734375 0.03515625 0.1924244796875 0.0390625 0.19848509375 0.0390625 0.20454570625000001 0.037109375 0.20757601406249998 0.037109375 0.213636628125 0.03515625 0.216666934375 0.03515625 0.23181846875 0.037109375 0.23484877499999998 0.037109375 0.24697000156249999 0.0390625 0.250000309375 0.0390625 0.2621215359375 0.0380859375 0.26363668906250004 0.0361328125 0.26363668906250004 0.0341796875 0.2666669953125 0.0322265625 0.2666669953125 0.03125 0.2681821484375 0.03125 0.27121245625 0.029296875 0.2742427625 0.029296875 0.2984852171875 0.03125 0.3015155234375 0.03125 0.31060644375 0.0341796875 0.3151519046875 0.0361328125 0.3151519046875 0.037109375 0.31666705781250004 0.037109375 0.3196973640625 0.0390625 0.322727671875 0.0390625 0.325757978125 0.037109375 0.32878828437499996 0.037109375 0.331818590625 0.033203125 0.3378792046875 0.033203125 0.365151965625 0.03515625 0.3681822734375 0.03515625 0.3742428859375 0.0390625 0.3803035 0.0390625 0.38333380625 0.041015625 0.3863641140625 0.0390625 0.3893944203125 0.0390625 0.3924247265625 0.037109375 0.39545503437499996 0.037109375 0.4287884078125 0.0390625 0.43181871562499996 0.0390625 0.4439399421875 0.03515625 0.45000055625 0.03515625 0.477273315625 0.041015625 0.4863642375 0.041015625 0.48939454375 0.04296875 0.49242485 0.041015625 0.4954551578125 0.041015625 0.49848546406249994 0.0390625 0.5015157703125 0.0390625 0.504546078125 0.037109375 0.507576384375 0.037109375 0.5166673046875 0.03515625 0.5196976109375 0.03515625 0.543940065625 0.037109375 0.546970371875 0.037109375 0.550000678125 0.0380859375 0.5515158328124999 0.0400390625 0.5515158328124999 0.04296875 0.5560612921875 0.04296875 0.5681825203125 0.0390625 0.5712128265625 0.0390625 0.60151589375 0.044921875 0.6106068140625001 0.044921875 0.6257583484375 0.041015625 0.6318189624999999 0.041015625 0.653031109375 0.0390625 0.656061415625 0.0390625 0.6772735640625 0.0439453125 0.6848493296875 0.0458984375 0.6848493296875 0.046875 0.6863644843750001 0.046875 0.6984857109375 0.0439453125 0.7030311703125001 0.0419921875 0.7030311703125001 0.0390625 0.70757663125 0.0390625 0.722728165625 0.041015625 0.7257584718750001 0.041015625 0.7318190859375 0.044921875 0.7378796984375 0.044921875 0.7500009265625 0.0439453125 0.7515160796875 0.0419921875 0.7515160796875 0.0390625 0.7560615390625001 0.0390625 0.7742433796875 0.037109375 0.7772736874999999 0.037109375 0.7924252203125 0.0390625 0.795455528125 0.0390625 0.798485834375 0.0419921875 0.8030312953125 0.0439453125 0.8030312953125 0.044921875 0.8045464484375 0.044921875 0.8075767546874999 0.046875 0.8106070609374999 0.046875 0.816667675 0.044921875 0.81969798125 0.044921875 0.8227282890625001 0.04296875 0.8257585953125 0.04296875 0.85000105 0.041015625 0.85303135625 0.041015625 0.8560616624999999 0.044921875 0.8621222765625 0.044921875 0.8651525828125 0.046875 0.8681828906250001 0.046875 0.8772738109375 0.044921875 0.8803041171875 0.044921875 0.8833344234375 0.04296875 0.8863647312499999 0.04296875 0.9015162640625001 0.044921875 0.904546571875 0.044921875 0.9166677984374999 0.046875 0.9196981046875001 0.046875 0.9227284125 0.05078125 0.92575871875 0.05078125 0.928789025 0.052734375 0.9318193328125 0.052734375 0.9378799453125 0.0546875 0.940910253125 0.0546875 0.9439405593749999 0.0654296875 0.960607246875 0.0673828125 0.960607246875 0.0732421875 0.9696981671874999 0.0966796875 0.9696981671874999 0.0986328125 0.966667859375 0.1044921875 0.966667859375 0.1064453125 0.9696981671874999 0.1083984375 0.9696981671874999 0.1103515625 0.9727284734375001 0.1376953125 0.9727284734375001 0.1396484375 0.9696981671874999 0.1748046875 0.9696981671874999 0.1767578125 0.966667859375 0.1982421875 0.966667859375 0.2001953125 0.963637553125 0.2080078125 0.963637553125 0.2099609375 0.960607246875 0.2197265625 0.960607246875 0.2216796875 0.957576940625 0.2275390625 0.957576940625 0.2294921875 0.960607246875 0.2314453125 0.960607246875 0.2333984375 0.963637553125 0.2509765625 0.963637553125 0.2529296875 0.966667859375 0.2548828125 0.966667859375 0.2568359375 0.963637553125 0.2666015625 0.963637553125 0.2705078125 0.9696981671874999 0.2744140625 0.9696981671874999 0.2763671875 0.9727284734375001 0.2958984375 0.9727284734375001 0.2978515625 0.9696981671874999 0.3037109375 0.9696981671874999 0.3056640625 0.9727284734375001 0.3076171875 0.9727284734375001 0.3095703125 0.9696981671874999 0.3193359375 0.9696981671874999 0.3212890625 0.9727284734375001 0.3349609375 0.9727284734375001 0.3369140625 0.9696981671874999 0.3447265625 0.9696981671874999 0.3466796875 0.9727284734375001 0.3505859375 0.9727284734375001 0.3525390625 0.9696981671874999 0.3642578125 0.9696981671874999 0.3662109375 0.9727284734375001 0.3720703125 0.9727284734375001 0.373046875 0.9712133203125 0.3740234375 0.9696981671874999 0.3798828125 0.9696981671874999 0.3818359375 0.966667859375 0.4130859375 0.966667859375
