0 0.96048075 0.023704171875 0.0682420046875 0.023704171875 0.0397229578125 0.083754740625 0.0427785703125 0.96871049375 0.9655734359375 0.9639696593749999 0.9757588109374999 0.045828065625 0.96048075 0.023704171875
2 0.10390625 0.03203125 0.01484375 0.0265625
2 0.14296875 0.02890625 0.02265625 0.0265625
2 0.18828125 0.02734375 0.0234375 0.0234375
2 0.24296875 0.01875 0.02109375 0.028125
2 0.284375 0.01953125 0.02421875 0.0296875
2 0.328125 0.025 0.0203125 0.028125
2 0.36796875 0.03046875 0.0234375 0.0296875
2 0.75546875 0.03515625 0.02578125 0.0296875
2 0.796875 0.03203125 0.02109375 0.02578125
2 0.04296875 0.11328125 0.0171875 0.03359375
2 0.04375 0.18046875 0.01640625 0.0265625
2 0.0421875 0.23671875 0.01796875 0.02734375
2 0.04296875 0.4734375 0.01875 0.03671875
2 0.04453125 0.67265625 0.01953125 0.03046875
2 0.0421875 0.72734375 0.0171875 0.03203125
2 0.04765625 0.9171875 0.0171875 0.0265625
2 0.0671875 0.9578125 0.01875 0.02734375
2 0.10078125 0.959375 0.01796875 0.028125
2 0.22578125 0.95546875 0.01875 0.02265625
2 0.41796875 0.9625 0.021875 0.01875
2 0.465625 0.96484375 0.01796875 0.02265625
