0 0.51875 0.50078125 0.9515625 0.9625
2 0.9234375 0.0625 0.01484375 0.0234375
2 0.965625 0.06015625 0.01328125 0.02890625
2 0.9875 0.071875 0.0125 0.0203125
2 0.97890625 0.42578125 0.009375 0.02578125
2 0.975 0.70390625 0.01171875 0.02421875
2 0.97734375 0.765625 0.01015625 0.03046875
2 0.8296875 0.97265625 0.015625 0.01796875
2 0.8578125 0.9671875 0.0140625 0.0203125
2 0.746875 0.96640625 0.01484375 0.0203125
2 0.6109375 0.9640625 0.0140625 0.02421875
2 0.6421875 0.96796875 0.0140625 0.01875
2 0.6671875 0.96953125 0.015625 0.015625
2 0.690625 0.96640625 0.01640625 0.0203125
2 0.53046875 0.9625 0.01953125 0.02421875
2 0.44765625 0.9625 0.0140625 0.02109375
2 0.3703125 0.9609375 0.015625 0.015625
2 0.28671875 0.9640625 0.015625 0.02109375
2 0.08046875 0.94765625 0.015625 0.02265625
2 0.10703125 0.9453125 0.01484375 0.01796875
2 0.05546875 0.82109375 0.01171875 0.0171875
2 0.0578125 0.753125 0.01171875 0.0234375
2 0.0640625 0.60078125 0.01484375 0.02421875
2 0.06015625 0.5328125 0.015625 0.02421875
2 0.0640625 0.30859375 0.015625 0.02265625
2 0.05703125 0.234375 0.0140625 0.02265625
2 0.05625 0.08359375 0.0171875 0.02578125
