0 0.9421470765625 0.020543615625 0.18537380312500001 0.045828065625 0.05703809375 0.06005056875 0.032593196875 0.086915296875 0.04685271875 0.9797724406249999 0.9645548984375001 0.9623893812500001 0.9665919734375 0.039506953125 0.9421470765625 0.020543615625
2 0.03984375 0.20390625 0.0171875 0.028125
2 0.03828125 0.25703125 0.015625 0.0265625
2 0.034375 0.32421875 0.0125 0.028125
2 0.0375 0.3890625 0.0125 0.025
2 0.0375 0.49140625 0.015625 0.03125
2 0.03984375 0.56171875 0.0171875 0.0296875
2 0.04375 0.61328125 0.01640625 0.025
2 0.04140625 0.69296875 0.01796875 0.0265625
2 0.03984375 0.7453125 0.0140625 0.0234375
2 0.03984375 0.81171875 0.01328125 0.0234375
2 0.04140625 0.87265625 0.015625 0.021875
2 0.31953125 0.046875 0.01953125 0.0265625
2 0.35859375 0.04921875 0.02265625 0.028125
2 0.39921875 0.0453125 0.02265625 0.0296875
2 0.484375 0.0453125 0.01953125 0.0203125
2 0.53125 0.046875 0.02109375 0.0234375
2 0.57734375 0.04375 0.0203125 0.0265625
2 0.659375 0.0421875 0.01796875 0.0234375
2 0.8734375 0.0359375 0.01328125 0.0234375
2 0.91171875 0.03515625 0.015625 0.028125
