0 0.51015625 0.49765625 0.94375 0.96875
2 0.94609375 0.9515625 0.0125 0.0265625
2 0.90078125 0.9546875 0.0125 0.021875
2 0.79140625 0.95625 0.01875 0.021875
2 0.58359375 0.965625 0.015625 0.01875
2 0.36875 0.97421875 0.015625 0.01875
2 0.40390625 0.97109375 0.0140625 0.025
2 0.04296875 0.90625 0.0125 0.028125
2 0.04375 0.82421875 0.0109375 0.0203125
2 0.0421875 0.76171875 0.0125 0.025
2 0.046875 0.684375 0.01875 0.025
2 0.046875 0.465625 0.0125 0.01875
2 0.0484375 0.39140625 0.0140625 0.021875
2 0.046875 0.31640625 0.0125 0.025
2 0.07109375 0.03359375 0.0109375 0.01875
2 0.096875 0.03203125 0.0125 0.0171875
2 0.11953125 0.02578125 0.009375 0.015625
2 0.1515625 0.02578125 0.0125 0.015625
2 0.19921875 0.02578125 0.0140625 0.0171875
2 0.25625 0.02265625 0.0125 0.0171875
2 0.28046875 0.02265625 0.0125 0.0203125
1 0.9515625 0.0328125 0.05 0.0640625
2 0.975 0.65390625 0.0125 0.025
