0 0.4859375 0.48359375 0.94375 0.93125
2 0.0234375 0.6484375 0.0140625 0.025
2 0.0265625 0.57265625 0.0140625 0.028125
2 0.0265625 0.50625 0.0125 0.028125
2 0.02421875 0.2921875 0.0109375 0.0296875
2 0.13046875 0.03828125 0.015625 0.021875
2 0.21953125 0.0390625 0.01875 0.021875
2 0.621875 0.03125 0.021875 0.021875
2 0.946875 0.09375 0.0125 0.028125
2 0.9421875 0.14921875 0.0171875 0.028125
2 0.9390625 0.2203125 0.015625 0.03125
2 0.93046875 0.37109375 0.01875 0.028125
2 0.9375 0.43984375 0.0140625 0.021875
2 0.9296875 0.6625 0.015625 0.025
2 0.9453125 0.73828125 0.015625 0.025
2 0.94765625 0.88515625 0.015625 0.021875
2 0.975 0.66484375 0.028125 0.00625
