2 0.95703125 0.75234375 0.01875 0.0234375
2 0.96015625 0.8078125 0.0140625 0.01875
2 0.96015625 0.68203125 0.009375 0.0265625
2 0.95859375 0.62578125 0.0125 0.021875
2 0.95859375 0.5703125 0.009375 0.025
2 0.953125 0.31640625 0.0125 0.021875
2 0.953125 0.39296875 0.0125 0.0234375
2 0.9546875 0.45 0.0140625 0.025
2 0.95703125 0.51875 0.0140625 0.0234375
2 0.95703125 0.26484375 0.0125 0.0234375
2 0.95390625 0.19765625 0.0125 0.025
2 0.95078125 0.075 0.009375 0.01875
2 0.8171875 0.034375 0.015625 0.021875
2 0.696875 0.03046875 0.0125 0.01875
2 0.61484375 0.03125 0.015625 0.015625
2 0.4984375 0.03046875 0.015625 0.021875
2 0.45546875 0.03671875 0.0140625 0.0203125
2 0.40546875 0.03359375 0.0125 0.0171875
2 0.3734375 0.03828125 0.0125 0.021875
2 0.32421875 0.03671875 0.015625 0.01875
2 0.29296875 0.03671875 0.0171875 0.0140625
2 0.2421875 0.0390625 0.0125 0.015625
2 0.190625 0.040625 0.0125 0.021875
2 0.15703125 0.0421875 0.015625 0.015625
2 0.1125 0.04453125 0.0140625 0.0171875
2 0.0765625 0.04453125 0.0125 0.015625
2 0.8578125 0.965625 0.015625 0.01875
2 0.81484375 0.9671875 0.0171875 0.021875
2 0.759375 0.97421875 0.0125 0.01875
2 0.71796875 0.9734375 0.0171875 0.0140625
2 0.6734375 0.971875 0.0125 0.0171875
2 0.6359375 0.9703125 0.0171875 0.0234375
2 0.5921875 0.9703125 0.015625 0.0203125
2 0.5484375 0.97265625 0.0140625 0.01875
2 0.50859375 0.971875 0.0171875 0.0171875
2 0.4625 0.9703125 0.015625 0.01875
2 0.33125 0.9734375 0.015625 0.01875
2 0.28671875 0.975 0.01875 0.01875
2 0.24765625 0.97265625 0.0171875 0.0171875
2 0.20390625 0.9734375 0.01875 0.01875
2 0.1640625 0.9734375 0.0125 0.0171875
2 0.1171875 0.97109375 0.015625 0.015625
2 0.08203125 0.9765625 0.015625 0.0171875
0 0.8935546875 0.042423059375 0.8916015625 0.039392753125 0.8896484375 0.039392753125 0.8876953125 0.036362446874999996 0.8740234375 0.036362446874999996 0.8720703125 0.033332140625 0.8564453125 0.033332140625 0.8544921875 0.036362446874999996 0.8525390625 0.036362446874999996 0.8505859375 0.039392753125 0.8486328125 0.039392753125 0.8447265625 0.033332140625 0.8232421875 0.033332140625 0.8193359375 0.039392753125 0.8115234375 0.039392753125 0.8095703125 0.036362446874999996 0.7880859375 0.036362446874999996 0.7861328125 0.039392753125 0.7802734375 0.039392753125 0.7744140625 0.0484836734375 0.7509765625 0.0484836734375 0.7490234375 0.045453367187499996 0.7353515625 0.045453367187499996 0.7333984375 0.042423059375 0.7314453125 0.042423059375 0.7236328125 0.030301832812500002 0.7041015625 0.030301832812500002 0.7021484375 0.033332140625 0.7001953125 0.033332140625 0.6982421875 0.036362446874999996 0.6962890625 0.036362446874999996 0.6943359375 0.033332140625 0.6923828125 0.033332140625 0.6904296875 0.030301832812500002 0.6630859375 0.030301832812500002 0.6611328125 0.033332140625 0.6474609375 0.033332140625 0.6455078125 0.030301832812500002 0.6220703125 0.030301832812500002 0.6181640625 0.036362446874999996 0.6103515625 0.036362446874999996 0.6083984375 0.033332140625 0.6064453125 0.033332140625 0.6044921875 0.030301832812500002 0.5869140625 0.030301832812500002 0.5810546875 0.039392753125 0.5751953125 0.039392753125 0.5732421875 0.036362446874999996 0.5380859375 0.036362446874999996 0.5361328125 0.039392753125 0.5302734375 0.039392753125 0.5263671875 0.033332140625 0.5244140625 0.033332140625 0.5224609375 0.030301832812500002 0.5087890625 0.030301832812500002 0.5068359375 0.033332140625 0.5048828125 0.033332140625 0.5029296875 0.039392753125 0.4951171875 0.039392753125 0.4912109375 0.033332140625 0.4833984375 0.033332140625 0.4814453125 0.036362446874999996 0.4638671875 0.036362446874999996 0.4619140625 0.039392753125 0.4599609375 0.039392753125 0.4580078125 0.042423059375 0.4541015625 0.042423059375 0.4462890625 0.030301832812500002 0.4150390625 0.030301832812500002 0.4091796875 0.039392753125 0.4013671875 0.039392753125 0.3994140625 0.036362446874999996 0.3857421875 0.036362446874999996 0.3837890625 0.039392753125 0.3818359375 0.039392753125 0.3798828125 0.042423059375 0.3720703125 0.042423059375 0.3662109375 0.033332140625 0.3466796875 0.033332140625 0.3447265625 0.030301832812500002 0.3388671875 0.030301832812500002 0.3369140625 0.033332140625 0.3330078125 0.033332140625 0.3291015625 0.039392753125 0.3271484375 0.039392753125 0.3251953125 0.042423059375 0.3232421875 0.042423059375 0.3212890625 0.039392753125 0.3193359375 0.039392753125 0.3173828125 0.036362446874999996 0.3017578125 0.036362446874999996 0.2998046875 0.039392753125 0.2861328125 0.039392753125 0.2822265625 0.033332140625 0.2724609375 0.033332140625 0.2705078125 0.036362446874999996 0.2509765625 0.036362446874999996 0.2490234375 0.039392753125 0.2470703125 0.039392753125 0.2451171875 0.042423059375 0.2392578125 0.042423059375 0.2373046875 0.039392753125 0.1982421875 0.039392753125 0.1962890625 0.042423059375 0.1943359375 0.042423059375 0.1923828125 0.045453367187499996 0.1865234375 0.045453367187499996 0.1845703125 0.042423059375 0.1611328125 0.042423059375 0.1591796875 0.045453367187499996 0.1533203125 0.045453367187499996 0.1494140625 0.039392753125 0.1201171875 0.039392753125 0.1142578125 0.0484836734375 0.1083984375 0.0484836734375 0.1064453125 0.045453367187499996 0.1044921875 0.045453367187499996 0.1025390625 0.042423059375 0.0888671875 0.042423059375 0.0869140625 0.045453367187499996 0.0810546875 0.045453367187499996 0.0791015625 0.0484836734375 0.0712890625 0.0484836734375 0.0673828125 0.042423059375 0.0478515625 0.042423059375 0.0458984375 0.045453367187499996 0.0419921875 0.045453367187499996 0.0400390625 0.0484836734375 0.0380859375 0.0484836734375 0.037109375 0.0499988265625 0.037109375 0.053029134374999995 0.03515625 0.056059440625 0.03515625 0.0772715875 0.037109375 0.08030189531250001 0.037109375 0.0833322015625 0.03515625 0.0863625078125 0.03515625 0.09545342812499999 0.037109375 0.09848373593750001 0.037109375 0.12575649687499998 0.0390625 0.128786803125 0.0390625 0.14696864375000002 0.041015625 0.14999895000000002 0.041015625 0.1530292578125 0.0390625 0.1560595640625 0.0390625 0.1772717109375 0.037109375 0.18030201875000001 0.037109375 0.18939293906250002 0.03515625 0.1924232453125 0.03515625 0.2106050859375 0.033203125 0.2136353921875 0.033203125 0.307574903125 0.03125 0.31060520937499997 0.03125 0.346968890625 0.029296875 0.349999196875 0.029296875 0.40757502656250005 0.03125 0.4106053328125 0.03125 0.4287871734375 0.029296875 0.43181747968749995 0.029296875 0.47121146875 0.02734375 0.47424177500000003 0.029296875 0.47727208125000004 0.029296875 0.5378782171875 0.02734375 0.5409085234375001 0.02734375 0.54393883125 0.029296875 0.5469691375 0.029296875 0.54999944375 0.02734375 0.5530297515625 0.02734375 0.5712115921875001 0.029296875 0.5742418984375 0.029296875 0.637878340625 0.03125 0.640908646875 0.03125 0.674242021875 0.029296875 0.677272328125 0.029296875 0.6833329421875 0.02734375 0.6863632484375 0.02734375 0.7015147828125 0.025390625 0.7045450890625 0.025390625 0.7136360093749999 0.02734375 0.7166663171875001 0.02734375 0.7378784640625 0.029296875 0.740908771875 0.029296875 0.7772724515625 0.03125 0.780302759375 0.029296875 0.783333065625 0.03125 0.786363371875 0.03125 0.8196967468749999 0.029296875 0.8227270531249999 0.029296875 0.8772725765624999 0.02734375 0.8803028828125001 0.02734375 0.9015150296875 0.029296875 0.9045453359375 0.029296875 0.9166665640625 0.03125 0.9196968703125 0.03125 0.9378787109375001 0.029296875 0.94090901875 0.029296875 0.9590908593749999 0.0322265625 0.9636363187500001 0.0341796875 0.9636363187500001 0.0419921875 0.9757575453125 0.0478515625 0.9757575453125 0.0498046875 0.9787878531249999 0.0517578125 0.9787878531249999 0.0537109375 0.9757575453125 0.0615234375 0.9757575453125 0.0634765625 0.9787878531249999 0.0693359375 0.9787878531249999 0.0712890625 0.9757575453125 0.0751953125 0.9757575453125 0.0810546875 0.966666625 0.0830078125 0.9696969328125 0.0849609375 0.9696969328125 0.0869140625 0.9727272390625 0.0888671875 0.9727272390625 0.0908203125 0.9757575453125 0.1005859375 0.9757575453125 0.1025390625 0.9727272390625 0.1064453125 0.9727272390625 0.1103515625 0.966666625 0.1123046875 0.966666625 0.1142578125 0.9636363187500001 0.1201171875 0.9636363187500001 0.1240234375 0.9696969328125 0.1318359375 0.9696969328125 0.1337890625 0.966666625 0.1708984375 0.966666625 0.171875 0.9681817781250001 0.171875 0.9712120859375 0.1728515625 0.9727272390625 0.1748046875 0.9727272390625 0.1767578125 0.9757575453125 0.1787109375 0.9727272390625 0.1884765625 0.9727272390625 0.1904296875 0.9696969328125 0.1923828125 0.9696969328125 0.1943359375 0.966666625 0.2021484375 0.966666625 0.2041015625 0.9636363187500001 0.2119140625 0.9757575453125 0.2138671875 0.9757575453125 0.2158203125 0.9787878531249999 0.2353515625 0.9787878531249999 0.2373046875 0.9757575453125 0.2392578125 0.9757575453125 0.2421875 0.9712120859375 0.2421875 0.9681817781250001 0.2451171875 0.9636363187500001 0.2529296875 0.9636363187500001 0.2568359375 0.9696969328125 0.2783203125 0.9696969328125 0.2802734375 0.966666625 0.2822265625 0.966666625 0.2841796875 0.9636363187500001 0.2880859375 0.9636363187500001 0.2958984375 0.9757575453125 0.3115234375 0.9757575453125 0.3134765625 0.9727272390625 0.3212890625 0.9727272390625 0.3251953125 0.966666625 0.3271484375 0.966666625 0.3291015625 0.9636363187500001 0.3349609375 0.9636363187500001 0.3388671875 0.9696969328125 0.3427734375 0.9696969328125 0.3447265625 0.9727272390625 0.3525390625 0.9727272390625 0.3544921875 0.9696969328125 0.3564453125 0.9696969328125 0.3583984375 0.966666625 0.3603515625 0.966666625 0.3623046875 0.9696969328125 0.3662109375 0.9696969328125 0.3681640625 0.9757575453125 0.3974609375 0.9757575453125 0.3994140625 0.9727272390625 0.4033203125 0.9727272390625 0.4052734375 0.9696969328125 0.4072265625 0.9696969328125 0.4091796875 0.9636363187500001 0.4150390625 0.9636363187500001 0.4169921875 0.9606060125000001 0.4248046875 0.9606060125000001 0.4267578125 0.9636363187500001 0.4365234375 0.9636363187500001 0.4384765625 0.966666625 0.4560546875 0.966666625 0.4580078125 0.9636363187500001 0.4658203125 0.9636363187500001 0.4677734375 0.966666625 0.4755859375 0.966666625 0.4775390625 0.9696969328125 0.4794921875 0.9696969328125 0.4814453125 0.966666625 0.4853515625 0.966666625 0.4873046875 0.9696969328125 0.4892578125 0.9696969328125 0.4912109375 0.966666625 0.4931640625 0.9696969328125 0.4951171875 0.966666625 0.5009765625 0.966666625 0.5029296875 0.9636363187500001 0.5107421875 0.9636363187500001 0.5166015625 0.9727272390625 0.5205078125 0.9727272390625 0.5224609375 0.9696969328125 0.5322265625 0.9696969328125 0.5341796875 0.966666625 0.5439453125 0.966666625 0.5458984375 0.9636363187500001 0.5498046875 0.9636363187500001 0.5556640625 0.9727272390625 0.5615234375 0.9727272390625 0.5634765625 0.9757575453125 0.5654296875 0.9757575453125 0.5673828125 0.9727272390625 0.5791015625 0.9727272390625 0.5810546875 0.9696969328125 0.5830078125 0.9696969328125 0.5869140625 0.9636363187500001 0.5888671875 0.9636363187500001 0.5908203125 0.9606060125000001 0.5947265625 0.9606060125000001 0.5986328125 0.966666625 0.6025390625 0.966666625 0.6044921875 0.9696969328125 0.6064453125 0.966666625 0.6259765625 0.966666625 0.6279296875 0.9636363187500001 0.6298828125 0.9636363187500001 0.6318359375 0.9606060125000001 0.6376953125 0.9606060125000001 0.640625 0.965151471875 0.640625 0.9681817781250001 0.6455078125 0.9757575453125 0.6572265625 0.9757575453125 0.6591796875 0.9727272390625 0.6669921875 0.9727272390625 0.66796875 0.9712120859375 0.66796875 0.9681817781250001 0.6708984375 0.9636363187500001 0.6787109375 0.9636363187500001 0.6806640625 0.966666625 0.6826171875 0.966666625 0.6845703125 0.9696969328125 0.7099609375 0.9696969328125 0.7119140625 0.966666625 0.7138671875 0.966666625 0.7158203125 0.9636363187500001 0.7177734375 0.9636363187500001 0.7197265625 0.966666625 0.7216796875 0.966666625 0.72265625 0.9681817781250001 0.72265625 0.9712120859375 0.7255859375 0.9757575453125 0.7490234375 0.9757575453125 0.7568359375 0.9636363187500001 0.7626953125 0.9636363187500001 0.763671875 0.965151471875 0.763671875 0.9681817781250001 0.7685546875 0.9757575453125 0.8017578125 0.9757575453125 0.8046875 0.9712120859375 0.8046875 0.9681817781250001 0.8095703125 0.9606060125000001 0.8115234375 0.9606060125000001 0.8134765625 0.9575757046875 0.8173828125 0.9575757046875 0.8212890625 0.9636363187500001 0.8271484375 0.9636363187500001 0.8291015625 0.966666625 0.8505859375 0.966666625 0.8515625 0.965151471875 0.8515625 0.962121165625 0.8544921875 0.9575757046875 0.8623046875 0.9575757046875 0.8662109375 0.9636363187500001 0.8798828125 0.9636363187500001 0.8818359375 0.9606060125000001 0.8876953125 0.9606060125000001 0.8916015625 0.9545453984375 0.9345703125 0.9545453984375 0.9365234375 0.9515150921875 0.9423828125 0.9515150921875 0.9443359375 0.948484784375 0.9462890625 0.948484784375 0.9482421875 0.945454478125 0.9501953125 0.945454478125 0.953125 0.94090901875 0.953125 0.9318180984375 0.955078125 0.9287877906249999 0.955078125 0.9257574843749999 0.95703125 0.9227271765625 0.95703125 0.9196968703125 0.958984375 0.9166665640625 0.958984375 0.892424109375 0.95703125 0.889393803125 0.95703125 0.8772725765624999 0.962890625 0.86818165625 0.962890625 0.8651513484375 0.96484375 0.8621210421875001 0.96484375 0.8378785875 0.962890625 0.83484828125 0.962890625 0.8227270531249999 0.955078125 0.8106058265625 0.955078125 0.8015149062500001 0.958984375 0.79545429375 0.958984375 0.7924239859375 0.9609375 0.7893936796875 0.9609375 0.76818153125 0.955078125 0.7590906109375 0.955078125 0.7499996906249999 0.9580078125 0.74545423125 0.9599609375 0.74545423125 0.96484375 0.7378784640625 0.96484375 0.7136360093749999 0.962890625 0.7106057031249999 0.962890625 0.7015147828125 0.9609375 0.6984844765625 0.9609375 0.69545416875 0.955078125 0.6863632484375 0.955078125 0.6803026359375 0.9609375 0.6712117156249999 0.9609375 0.65606018125 0.962890625 0.653029875 0.9609375 0.6499995671875001 0.9609375 0.640908646875 0.955078125 0.6318177265625 0.955078125 0.6196965 0.9609375 0.6106055796875001 0.9609375 0.5893934328125 0.958984375 0.5863631265625 0.958984375 0.58333281875 0.955078125 0.5772722046875 0.955078125 0.5651509781249999 0.95703125 0.562120671875 0.95703125 0.5560600578125 0.958984375 0.5530297515625 0.958984375 0.5469691375 0.95703125 0.54393883125 0.95703125 0.5348479109375 0.955078125 0.531817603125 0.955078125 0.528787296875 0.953125 0.5257569906249999 0.953125 0.51060545625 0.9609375 0.49848422968749995 0.958984375 0.495453921875 0.9609375 0.49242361562500003 0.9609375 0.4651508546875 0.953125 0.45302962812500003 0.953125 0.4409084 0.955078125 0.43787809375000003 0.955078125 0.4348477875 0.95703125 0.43181747968749995 0.95703125 0.42272655937500003 0.955078125 0.419696253125 0.955078125 0.40757502656250005 0.953125 0.40454471875 0.953125 0.4015144125 0.951171875 0.39848410625 0.951171875 0.38636287812500003 0.955078125 0.380302265625 0.955078125 0.3681810375 0.95703125 0.36515073125 0.95703125 0.3409082765625 0.955078125 0.3378779703125 0.955078125 0.33181735625000003 0.951171875 0.32575674375 0.951171875 0.3227264359375 0.94921875 0.3196961296875 0.94921875 0.313635515625 0.955078125 0.3045445953125 0.955078125 0.3015142890625 0.95703125 0.2984839828125 0.95703125 0.27727183437499997 0.953125 0.271211221875 0.953125 0.2681809140625 0.951171875 0.2651506078125 0.951171875 0.2621203015625 0.953125 0.25908999375 0.953125 0.25605968749999997 0.958984375 0.2469687671875 0.958984375 0.234847540625 0.95703125 0.23181723281250002 0.95703125 0.2166657 0.955078125 0.2136353921875 0.955078125 0.2075747796875 0.94921875 0.198483859375 0.94921875 0.1954535515625 0.951171875 0.1924232453125 0.951171875 0.18939293906250002 0.9521484375 0.187877784375 0.9541015625 0.187877784375 0.95703125 0.18333232500000002 0.95703125 0.165150484375 0.955078125 0.162120178125 0.955078125 0.1590898703125 0.953125 0.1560595640625 0.953125 0.1530292578125 0.951171875 0.14999895000000002 0.951171875 0.14696864375000002 0.94921875 0.1439383375 0.94921875 0.13484741718749998 0.951171875 0.131817109375 0.951171875 0.128786803125 0.953125 0.12575649687499998 0.953125 0.0863625078125 0.947265625 0.0772715875 0.947265625 0.071210975 0.953125 0.0621200546875 0.953125 0.03484729375 0.951171875 0.0318169859375 0.951171875 0.0287866796875 0.9501953125 0.0272715265625 0.9482421875 0.0272715265625 0.9462890625 0.0242412203125 0.9404296875 0.0242412203125 0.939453125 0.0257563734375 0.935546875 0.0318169859375 0.935546875 0.0378776 0.9326171875 0.042423059375 0.9267578125 0.042423059375 0.9248046875 0.045453367187499996 0.9091796875 0.045453367187499996 0.9072265625 0.042423059375 0.8935546875 0.042423059375
