0 0.9643511921875 0.959228825 0.967406803125 0.023704171875 0.5895294359375 0.00948166875 0.341006315625 0.004740834375 0.046649012499999996 0.0189633375 0.0323894890625 0.030025284375 0.037482175 0.94974715625 0.0446119375 0.967130215625 0.9643511921875 0.959228825
2 0.93984375 0.953125 0.01875 0.01875
2 0.78359375 0.95 0.01875 0.021875
2 0.7078125 0.96171875 0.01875 0.025
2 0.6234375 0.9640625 0.015625 0.025
2 0.54296875 0.95859375 0.0140625 0.0171875
2 0.50859375 0.9609375 0.01875 0.021875
2 0.0421875 0.8953125 0.0125 0.028125
2 0.0296875 0.64296875 0.0203125 0.034375
2 0.2546875 0.01875 0.01875 0.021875
2 0.2921875 0.0171875 0.021875 0.015625
2 0.33671875 0.01640625 0.0171875 0.0265625
2 0.3703125 0.0140625 0.0171875 0.021875
2 0.4203125 0.0171875 0.0203125 0.025
2 0.46875 0.01640625 0.0234375 0.0265625
2 0.5125 0.01640625 0.0234375 0.021875
2 0.5515625 0.01484375 0.0203125 0.028125
2 0.86015625 0.01796875 0.025 0.021875
2 0.896875 0.025 0.0171875 0.0125
2 0.9640625 0.11171875 0.0125 0.028125
2 0.96328125 0.23984375 0.0140625 0.025
2 0.96328125 0.475 0.015625 0.025
2 0.9609375 0.6734375 0.0140625 0.028125
