1 0.95 0.04921875 0.040625 0.05625
2 0.96015625 0.1125 0.0140625 0.034375
2 0.95546875 0.1828125 0.021875 0.0234375
2 0.95390625 0.23984375 0.01875 0.0296875
2 0.96015625 0.3 0.015625 0.0265625
2 0.9578125 0.365625 0.015625 0.028125
2 0.95703125 0.471875 0.015625 0.021875
2 0.95703125 0.5390625 0.0125 0.028125
2 0.95546875 0.59296875 0.021875 0.03125
2 0.95390625 0.67421875 0.0171875 0.0265625
2 0.9578125 0.79375 0.01875 0.028125
2 0.95625 0.85546875 0.015625 0.025
2 0.9515625 0.9140625 0.015625 0.028125
2 0.93515625 0.95234375 0.0125 0.021875
2 0.778125 0.94609375 0.01875 0.021875
2 0.70546875 0.9609375 0.015625 0.0296875
2 0.03671875 0.89296875 0.0140625 0.025
2 0.89921875 0.04453125 0.0203125 0.025
2 0.8625 0.040625 0.01875 0.025
2 0.8171875 0.03671875 0.01875 0.025
2 0.6390625 0.0375 0.0171875 0.025
2 0.5953125 0.03515625 0.015625 0.015625
2 0.51015625 0.0359375 0.021875 0.01875
2 0.415625 0.03671875 0.01875 0.01875
2 0.334375 0.03828125 0.01875 0.025
2 0.290625 0.03671875 0.0234375 0.0296875
2 0.25078125 0.0375 0.0171875 0.028125
2 0.20546875 0.03828125 0.015625 0.028125
2 0.16484375 0.03046875 0.015625 0.0203125
2 0.121875 0.034375 0.01875 0.0265625
2 0.08203125 0.0328125 0.01875 0.021875
2 0.02890625 0.1828125 0.015625 0.03125
0 0.9645548984375001 0.6229456390625 0.9645548984375001 0.0828065734375 0.963128946875 0.0733249046875 0.9572214296875 0.0622629578125 0.9423507843750001 0.048672565625000004 0.9346099000000001 0.04393173125 0.9250356484375001 0.041403287500000004 0.7960888171875 0.030973451562499997 0.04990833125 0.024020228125 0.03727846875 0.032237673437499996 0.02587085 0.05056890000000001 0.015074353125 0.163084703125 0.0272968015625 0.9269911499999999 0.0313709515625 0.9557522125 0.0330006109375 0.9585967125 0.03625993125 0.960493046875 0.075168059375 0.9696586593750001 0.2811163171875 0.992414665625 0.8125891218750001 0.988621996875 0.892442453125 0.984513275 0.9101650031249999 0.9804045515625001 0.9500916687500001 0.9677623265624999 0.9568140156249999 0.9630214921875 0.96048075 0.957332490625 0.962110409375 0.9503792671875001 0.9645548984375001 0.6229456390625
