0 0.48671875 0.50234375 0.9453125 0.978125
1 0.046875 0.046875 0.05625 0.0640625
2 0.846875 0.97421875 0.0125 0.0171875
2 0.8015625 0.975 0.0125 0.01875
2 0.59609375 0.975 0.0140625 0.021875
2 0.33359375 0.96953125 0.015625 0.0203125
2 0.134375 0.96796875 0.015625 0.01875
2 0.1 0.965625 0.0125 0.01875
2 0.02265625 0.9375 0.0125 0.021875
2 0.0203125 0.715625 0.009375 0.021875
2 0.02265625 0.66015625 0.015625 0.021875
2 0.0265625 0.30859375 0.0078125 0.0265625
2 0.02578125 0.25390625 0.009375 0.025
2 0.0265625 0.18203125 0.009375 0.0234375
2 0.14921875 0.0296875 0.0125 0.01875
2 0.1203125 0.028125 0.0125 0.015625
2 0.42109375 0.0265625 0.0125 0.0171875
2 0.39296875 0.0265625 0.0125 0.0171875
2 0.3625 0.02578125 0.0125 0.0171875
2 0.33828125 0.02578125 0.0125 0.015625
2 0.3125 0.0265625 0.0125 0.015625
2 0.2828125 0.028125 0.0125 0.0140625
2 0.25703125 0.02734375 0.0125 0.015625
2 0.23046875 0.0296875 0.0125 0.0171875
2 0.553125 0.02265625 0.0125 0.015625
2 0.63203125 0.02421875 0.015625 0.01875
2 0.84609375 0.02421875 0.015625 0.0203125
2 0.95078125 0.31484375 0.0125 0.021875
2 0.95078125 0.39140625 0.015625 0.021875
