2 0.1453125 0.1078125 0.0171875 0.01875
2 0.11015625 0.115625 0.01953125 0.0234375
2 0.18203125 0.11484375 0.015625 0.01484375
2 0.24921875 0.1203125 0.0125 0.0203125
2 0.28671875 0.121875 0.0125 0.01640625
2 0.3546875 0.125 0.0171875 0.025
2 0.8671875 0.1984375 0.0125 0.0234375
2 0.85859375 0.25078125 0.01640625 0.0359375
2 0.85859375 0.296875 0.0125 0.0234375
2 0.8609375 0.34765625 0.01328125 0.0203125
2 0.859375 0.3984375 0.0140625 0.02109375
2 0.86015625 0.4828125 0.01171875 0.03125
2 0.8578125 0.5328125 0.0109375 0.025
2 0.85390625 0.5765625 0.009375 0.01796875
2 0.85234375 0.640625 0.009375 0.01796875
2 0.85703125 0.67890625 0.0078125 0.01875
2 0.85546875 0.734375 0.00859375 0.01953125
2 0.85625 0.78125 0.009375 0.01875
2 0.85 0.8265625 0.00859375 0.015625
2 0.45234375 0.85390625 0.01015625 0.01875
2 0.409375 0.85390625 0.0109375 0.015625
2 0.10703125 0.7390625 0.0140625 0.0234375
0 0.6748046875 0.85546875 0.6767578125 0.8525390625 0.6865234375 0.8525390625 0.6884765625 0.849609375 0.7001953125 0.849609375 0.7021484375 0.8466796875 0.7158203125 0.8466796875 0.7177734375 0.849609375 0.7236328125 0.849609375 0.7255859375 0.8525390625 0.7470703125 0.8525390625 0.7490234375 0.85546875 0.7705078125 0.85546875 0.7724609375 0.8525390625 0.7783203125 0.8525390625 0.7802734375 0.849609375 0.8115234375 0.849609375 0.8134765625 0.8525390625 0.8154296875 0.8525390625 0.8173828125 0.849609375 0.8232421875 0.849609375 0.8251953125 0.8466796875 0.8271484375 0.849609375 0.8369140625 0.849609375 0.8388671875 0.8525390625 0.8408203125 0.8525390625 0.8427734375 0.85546875 0.8447265625 0.85546875 0.8466796875 0.8583984375 0.8564453125 0.8583984375 0.859375 0.85400390625 0.859375 0.83642578125 0.857421875 0.83349609375 0.857421875 0.83056640625 0.85546875 0.82763671875 0.85546875 0.82177734375 0.857421875 0.81884765625 0.857421875 0.79248046875 0.853515625 0.78662109375 0.853515625 0.77783203125 0.857421875 0.77197265625 0.857421875 0.76025390625 0.859375 0.75732421875 0.859375 0.75146484375 0.857421875 0.74853515625 0.857421875 0.74560546875 0.8515625 0.73681640625 0.8515625 0.73095703125 0.8525390625 0.7294921875 0.8544921875 0.7294921875 0.859375 0.72216796875 0.859375 0.69287109375 0.857421875 0.68994140625 0.857421875 0.68701171875 0.85546875 0.68408203125 0.85546875 0.67822265625 0.859375 0.67236328125 0.859375 0.65185546875 0.857421875 0.64892578125 0.857421875 0.64599609375 0.8564453125 0.64453125 0.8544921875 0.64453125 0.853515625 0.64306640625 0.853515625 0.64013671875 0.859375 0.63134765625 0.859375 0.62548828125 0.861328125 0.62255859375 0.861328125 0.61669921875 0.859375 0.61376953125 0.861328125 0.61083984375 0.861328125 0.59033203125 0.859375 0.58740234375 0.859375 0.58154296875 0.857421875 0.57861328125 0.859375 0.57568359375 0.859375 0.57275390625 0.861328125 0.56982421875 0.861328125 0.54638671875 0.853515625 0.53466796875 0.859375 0.52587890625 0.859375 0.52001953125 0.861328125 0.51708984375 0.861328125 0.49072265625 0.859375 0.48779296875 0.859375 0.48486328125 0.857421875 0.48193359375 0.859375 0.47900390625 0.859375 0.47607421875 0.861328125 0.47314453125 0.861328125 0.47021484375 0.86328125 0.46728515625 0.86328125 0.44970703125 0.861328125 0.44677734375 0.861328125 0.43212890625 0.86328125 0.42919921875 0.86328125 0.40869140625 0.859375 0.40283203125 0.859375 0.39404296875 0.8603515625 0.392578125 0.8623046875 0.392578125 0.86328125 0.39111328125 0.86328125 0.38525390625 0.865234375 0.38232421875 0.865234375 0.36181640625 0.859375 0.35302734375 0.859375 0.35009765625 0.861328125 0.34716796875 0.861328125 0.34423828125 0.865234375 0.33837890625 0.865234375 0.31787109375 0.86328125 0.31494140625 0.86328125 0.30908203125 0.861328125 0.30615234375 0.861328125 0.30322265625 0.859375 0.30029296875 0.859375 0.29443359375 0.86328125 0.28857421875 0.86328125 0.26806640625 0.859375 0.26220703125 0.859375 0.25048828125 0.861328125 0.24755859375 0.861328125 0.24462890625 0.86328125 0.24169921875 0.86328125 0.23583984375 0.865234375 0.23291015625 0.865234375 0.22412109375 0.8671875 0.22119140625 0.8671875 0.20947265625 0.865234375 0.20654296875 0.865234375 0.20361328125 0.86328125 0.20068359375 0.86328125 0.19775390625 0.865234375 0.19482421875 0.865234375 0.18896484375 0.8671875 0.18603515625 0.8671875 0.16845703125 0.8642578125 0.1640625 0.8623046875 0.1640625 0.8583984375 0.158203125 0.8544921875 0.158203125 0.8525390625 0.1552734375 0.8505859375 0.1552734375 0.8486328125 0.15234375 0.8447265625 0.15234375 0.8427734375 0.1494140625 0.8212890625 0.1494140625 0.8193359375 0.15234375 0.8173828125 0.15234375 0.8154296875 0.1494140625 0.8134765625 0.1494140625 0.8115234375 0.146484375 0.8095703125 0.146484375 0.8076171875 0.1435546875 0.8056640625 0.1435546875 0.8037109375 0.140625 0.7958984375 0.140625 0.7939453125 0.1435546875 0.7919921875 0.1435546875 0.7900390625 0.146484375 0.7861328125 0.146484375 0.7841796875 0.1435546875 0.7783203125 0.1435546875 0.7763671875 0.140625 0.7548828125 0.140625 0.7529296875 0.1435546875 0.7470703125 0.1435546875 0.7451171875 0.140625 0.7392578125 0.140625 0.7373046875 0.1376953125 0.7158203125 0.1376953125 0.7138671875 0.134765625 0.6435546875 0.134765625 0.6416015625 0.1376953125 0.6103515625 0.1376953125 0.6083984375 0.140625 0.6005859375 0.140625 0.5986328125 0.1376953125 0.5966796875 0.1376953125 0.5947265625 0.134765625 0.5869140625 0.134765625 0.5849609375 0.1376953125 0.5732421875 0.1376953125 0.5712890625 0.140625 0.5693359375 0.140625 0.5673828125 0.1376953125 0.5478515625 0.1376953125 0.5458984375 0.134765625 0.5341796875 0.134765625 0.5322265625 0.1318359375 0.5068359375 0.1318359375 0.5048828125 0.134765625 0.4990234375 0.134765625 0.4970703125 0.1318359375 0.4794921875 0.1318359375 0.4775390625 0.12890625 0.4697265625 0.12890625 0.4677734375 0.1318359375 0.4658203125 0.1318359375 0.4638671875 0.134765625 0.4580078125 0.134765625 0.4560546875 0.1318359375 0.4521484375 0.1318359375 0.4501953125 0.12890625 0.4306640625 0.12890625 0.4287109375 0.1318359375 0.4189453125 0.1318359375 0.4169921875 0.12890625 0.3994140625 0.12890625 0.3974609375 0.1259765625 0.3896484375 0.1259765625 0.3876953125 0.123046875 0.3642578125 0.123046875 0.3583984375 0.1318359375 0.3544921875 0.1318359375 0.3486328125 0.123046875 0.3291015625 0.123046875 0.3271484375 0.1259765625 0.3134765625 0.1259765625 0.3115234375 0.123046875 0.3056640625 0.123046875 0.3037109375 0.1201171875 0.2958984375 0.1201171875 0.2900390625 0.12890625 0.2841796875 0.12890625 0.28125 0.12451171875 0.28125 0.12158203125 0.2802734375 0.1201171875 0.2763671875 0.1201171875 0.2744140625 0.1171875 0.2705078125 0.1171875 0.2685546875 0.1201171875 0.2548828125 0.1201171875 0.25390625 0.12158203125 0.25390625 0.12451171875 0.2529296875 0.1259765625 0.2431640625 0.1259765625 0.2392578125 0.1201171875 0.2314453125 0.1201171875 0.2294921875 0.1171875 0.2216796875 0.1171875 0.2197265625 0.1201171875 0.2119140625 0.1201171875 0.2099609375 0.1171875 0.1865234375 0.1171875 0.1826171875 0.123046875 0.1787109375 0.123046875 0.1748046875 0.1171875 0.1728515625 0.1171875 0.1708984375 0.1142578125 0.1416015625 0.1142578125 0.1396484375 0.111328125 0.1357421875 0.111328125 0.1337890625 0.1083984375 0.1142578125 0.1083984375 0.11328125 0.10986328125 0.11328125 0.11279296875 0.1123046875 0.1142578125 0.1103515625 0.1142578125 0.1083984375 0.1171875 0.1064453125 0.1171875 0.1015625 0.12451171875 0.1015625 0.14794921875 0.103515625 0.15087890625 0.103515625 0.16259765625 0.1015625 0.16552734375 0.1015625 0.16845703125 0.103515625 0.17138671875 0.103515625 0.17431640625 0.1015625 0.17724609375 0.1015625 0.18017578125 0.103515625 0.18310546875 0.1015625 0.18603515625 0.1015625 0.22119140625 0.103515625 0.22412109375 0.103515625 0.22998046875 0.1015625 0.23291015625 0.1015625 0.27099609375 0.099609375 0.27392578125 0.099609375 0.30615234375 0.09765625 0.30908203125 0.09765625 0.32958984375 0.099609375 0.33251953125 0.099609375 0.42626953125 0.09765625 0.42919921875 0.09765625 0.52880859375 0.099609375 0.53173828125 0.099609375 0.61669921875 0.1015625 0.61962890625 0.099609375 0.62255859375 0.099609375 0.62548828125 0.1015625 0.62841796875 0.1015625 0.64599609375 0.099609375 0.64892578125 0.099609375 0.71044921875 0.1015625 0.71337890625 0.1015625 0.72802734375 0.1044921875 0.732421875 0.1064453125 0.732421875 0.109375 0.73681640625 0.109375 0.74267578125 0.1015625 0.75439453125 0.1015625 0.77490234375 0.099609375 0.77783203125 0.099609375 0.78662109375 0.1015625 0.78955078125 0.1015625 0.79541015625 0.099609375 0.79833984375 0.099609375 0.80419921875 0.09765625 0.80712890625 0.09765625 0.81884765625 0.099609375 0.82177734375 0.099609375 0.83935546875 0.1044921875 0.8466796875 0.1201171875 0.8466796875 0.1220703125 0.849609375 0.1630859375 0.849609375 0.1650390625 0.8466796875 0.1728515625 0.8466796875 0.1748046875 0.849609375 0.2099609375 0.849609375 0.2119140625 0.8525390625 0.2275390625 0.8525390625 0.2294921875 0.849609375 0.2392578125 0.849609375 0.2412109375 0.8525390625 0.2509765625 0.8525390625 0.2529296875 0.849609375 0.2685546875 0.849609375 0.2705078125 0.8466796875 0.2744140625 0.8466796875 0.2763671875 0.849609375 0.2900390625 0.849609375 0.2919921875 0.8525390625 0.3017578125 0.8525390625 0.3037109375 0.85546875 0.3076171875 0.85546875 0.3095703125 0.8525390625 0.3193359375 0.8525390625 0.3212890625 0.85546875 0.3349609375 0.85546875 0.3369140625 0.8525390625 0.3466796875 0.8525390625 0.3486328125 0.85546875 0.3759765625 0.85546875 0.3779296875 0.8525390625 0.3798828125 0.8525390625 0.3818359375 0.849609375 0.3876953125 0.849609375 0.3896484375 0.8525390625 0.3974609375 0.8525390625 0.3994140625 0.85546875 0.4013671875 0.85546875 0.4033203125 0.8525390625 0.4052734375 0.8525390625 0.4072265625 0.849609375 0.4111328125 0.849609375 0.4150390625 0.85546875 0.4189453125 0.85546875 0.4208984375 0.8583984375 0.4423828125 0.8583984375 0.4443359375 0.85546875 0.4462890625 0.85546875 0.4482421875 0.8525390625 0.4501953125 0.8525390625 0.4521484375 0.849609375 0.4541015625 0.8525390625 0.4560546875 0.8525390625 0.4580078125 0.85546875 0.5166015625 0.85546875 0.5185546875 0.8583984375 0.5478515625 0.8583984375 0.5498046875 0.85546875 0.5615234375 0.85546875 0.5634765625 0.8583984375 0.5771484375 0.8583984375 0.5791015625 0.85546875 0.5810546875 0.85546875 0.5830078125 0.8583984375 0.6044921875 0.8583984375 0.6064453125 0.861328125 0.6435546875 0.861328125 0.64453125 0.85986328125 0.6455078125 0.8583984375 0.6669921875 0.8583984375 0.6689453125 0.85546875 0.6748046875 0.85546875
