0 0.49140625 0.5015625 0.946875 0.96875
2 0.92890625 0.03046875 0.015625 0.021875
2 0.88828125 0.02734375 0.0125 0.01875
2 0.8015625 0.02890625 0.0171875 0.0234375
2 0.721875 0.0265625 0.021875 0.028125
2 0.675 0.02265625 0.0203125 0.021875
2 0.63203125 0.0265625 0.0171875 0.0234375
2 0.59453125 0.028125 0.015625 0.021875
2 0.41640625 0.03125 0.0125 0.0203125
2 0.375 0.03203125 0.01875 0.025
2 0.3328125 0.03515625 0.0171875 0.025
2 0.2921875 0.0375 0.015625 0.01875
2 0.21015625 0.0421875 0.021875 0.025
2 0.13203125 0.03828125 0.0171875 0.0234375
2 0.09765625 0.0453125 0.015625 0.0203125
2 0.17890625 0.97265625 0.015625 0.025
2 0.15234375 0.96875 0.0171875 0.025
2 0.12421875 0.97265625 0.01875 0.021875
2 0.1015625 0.975 0.015625 0.0203125
2 0.47734375 0.9734375 0.0125 0.021875
2 0.4484375 0.9703125 0.0125 0.01875
2 0.425 0.9734375 0.0140625 0.01875
2 0.39921875 0.97265625 0.015625 0.01875
2 0.7203125 0.97421875 0.015625 0.0234375
2 0.928125 0.96484375 0.0109375 0.025
2 0.90234375 0.96484375 0.0125 0.0234375
2 0.95078125 0.6078125 0.0140625 0.025
2 0.9578125 0.17421875 0.0125 0.025
2 0.95703125 0.23984375 0.015625 0.025
2 0.95703125 0.0921875 0.0125 0.0234375
