0 0.50625 0.4875 0.9609375 0.946875
2 0.08515625 0.9484375 0.0265625 0.015625
2 0.3140625 0.9375 0.0265625 0.01875
2 0.53515625 0.94453125 0.03125 0.0125
2 0.603125 0.9421875 0.0265625 0.01875
2 0.68203125 0.94765625 0.0296875 0.0171875
2 0.7546875 0.9484375 0.0265625 0.015625
2 0.82578125 0.95078125 0.0203125 0.015625
2 0.94453125 0.92578125 0.021875 0.0171875
2 0.96484375 0.63359375 0.0234375 0.015625
2 0.9640625 0.57890625 0.01875 0.0125
2 0.96640625 0.503125 0.021875 0.0140625
2 0.96484375 0.47734375 0.01875 0.0140625
2 0.96640625 0.4453125 0.0203125 0.01875
2 0.9703125 0.315625 0.0171875 0.0140625
2 0.84296875 0.0328125 0.0234375 0.0109375
2 0.71484375 0.03046875 0.025 0.0125
2 0.0734375 0.08203125 0.01875 0.0125
