1 0.05 0.04921875 0.040625 0.05703125
2 0.03984375 0.1125 0.0140625 0.03359375
2 0.04453125 0.1828125 0.021875 0.0234375
2 0.04609375 0.23984375 0.01953125 0.0296875
2 0.03984375 0.3 0.01640625 0.0265625
2 0.0421875 0.365625 0.015625 0.02734375
2 0.04296875 0.471875 0.015625 0.02265625
2 0.04296875 0.5390625 0.01328125 0.028125
2 0.04453125 0.59296875 0.021875 0.03046875
2 0.04609375 0.67421875 0.0171875 0.0265625
2 0.0421875 0.79375 0.01796875 0.028125
2 0.04375 0.85546875 0.01484375 0.025
2 0.0484375 0.9140625 0.015625 0.02734375
2 0.06484375 0.95234375 0.01328125 0.02109375
2 0.221875 0.94609375 0.01796875 0.021875
2 0.29453125 0.9609375 0.01640625 0.0296875
2 0.96328125 0.89296875 0.0140625 0.02578125
2 0.10078125 0.04453125 0.0203125 0.02421875
2 0.1375 0.040625 0.01796875 0.025
2 0.1828125 0.03671875 0.01953125 0.02578125
2 0.3609375 0.0375 0.0171875 0.025
2 0.4046875 0.03515625 0.01640625 0.01640625
2 0.48984375 0.0359375 0.021875 0.01875
2 0.584375 0.03671875 0.01796875 0.01875
2 0.665625 0.03828125 0.01875 0.02578125
2 0.709375 0.03671875 0.0234375 0.0296875
2 0.74921875 0.0375 0.0171875 0.028125
2 0.79453125 0.03828125 0.01640625 0.02890625
2 0.83515625 0.03046875 0.01484375 0.0203125
2 0.878125 0.034375 0.01953125 0.0265625
2 0.91796875 0.0328125 0.01875 0.021875
2 0.97109375 0.1828125 0.01484375 0.03125
0 0.043185984375 0.9630214921875 0.04990833125 0.9677623265624999 0.08983499687499999 0.9804045515625001 0.107557546875 0.984513275 0.18741087812499999 0.988621996875 0.7188836828125 0.992414665625 0.924831940625 0.9696586593750001 0.96374006875 0.960493046875 0.9669993890624999 0.9585967125 0.9686290484375 0.9557522125 0.9727031984375 0.9269911499999999 0.984925646875 0.163084703125 0.9741291500000001 0.05056890000000001 0.96272153125 0.032237673437499996 0.9500916687500001 0.024020228125 0.20391118281249998 0.030973451562499997 0.0749643515625 0.041403287500000004 0.06539009999999999 0.04393173125 0.05764921562500001 0.048672565625000004 0.0427785703125 0.0622629578125 0.036871053125 0.0733249046875 0.0354451015625 0.0828065734375 0.0354451015625 0.6229456390625 0.037889590625000004 0.9503792671875001 0.03951925 0.957332490625 0.043185984375 0.9630214921875
