2 0.87734375 0.05234375 0.01640625 0.0265625
2 0.91015625 0.05859375 0.01328125 0.02421875
2 0.8546875 0.96875 0.01640625 0.02265625
2 0.6046875 0.96875 0.0125 0.01796875
2 0.6375 0.9703125 0.01484375 0.02109375
2 0.6625 0.97421875 0.0125 0.015625
2 0.6875 0.97109375 0.02265625 0.02109375
2 0.55625 0.96953125 0.01640625 0.0203125
2 0.49765625 0.9703125 0.0171875 0.01875
2 0.44375 0.97265625 0.0171875 0.01875
2 0.36640625 0.9703125 0.01640625 0.0203125
2 0.28125 0.9734375 0.01796875 0.01875
2 0.04921875 0.68984375 0.015625 0.0234375
2 0.05546875 0.61015625 0.01640625 0.02421875
2 0.053125 0.54375 0.01640625 0.02578125
2 0.05625 0.321875 0.0140625 0.02109375
