1 0.9375 0.94375 0.053125 0.05
2 0.87890625 0.96015625 0.0296875 0.01875
2 0.8078125 0.95546875 0.0296875 0.025
2 0.75078125 0.9578125 0.0375 0.015625
2 0.625 0.95859375 0.0296875 0.0140625
2 0.51640625 0.95703125 0.034375 0.0203125
2 0.44921875 0.96015625 0.0296875 0.0234375
2 0.3890625 0.9578125 0.0375 0.01875
2 0.315625 0.95546875 0.028125 0.025
2 0.26328125 0.9578125 0.025 0.0171875
2 0.19609375 0.95859375 0.0265625 0.015625
2 0.14140625 0.95859375 0.0234375 0.015625
2 0.0765625 0.9546875 0.0296875 0.015625
2 0.034375 0.7375 0.015625 0.015625
2 0.94921875 0.896875 0.03125 0.01875
2 0.9515625 0.86328125 0.0234375 0.0203125
2 0.95703125 0.81953125 0.034375 0.01875
2 0.9578125 0.67578125 0.0265625 0.0234375
2 0.9546875 0.63671875 0.0296875 0.01875
2 0.95703125 0.5953125 0.021875 0.021875
2 0.95703125 0.54921875 0.028125 0.0234375
2 0.95390625 0.3328125 0.034375 0.01875
2 0.95390625 0.1171875 0.034375 0.025
2 0.95859375 0.08046875 0.025 0.021875
0 0.030301832812500002 0.2861328125 0.0287866796875 0.287109375 0.0272715265625 0.2880859375 0.030301832812500002 0.2900390625 0.030301832812500002 0.3017578125 0.0272715265625 0.3037109375 0.0272715265625 0.3232421875 0.030301832812500002 0.3251953125 0.030301832812500002 0.3388671875 0.0272715265625 0.3408203125 0.0272715265625 0.3701171875 0.030301832812500002 0.3720703125 0.030301832812500002 0.3759765625 0.033332140625 0.3779296875 0.033332140625 0.3818359375 0.030301832812500002 0.3837890625 0.030301832812500002 0.3876953125 0.0272715265625 0.3896484375 0.0272715265625 0.4052734375 0.033332140625 0.4091796875 0.033332140625 0.4111328125 0.030301832812500002 0.4130859375 0.030301832812500002 0.4169921875 0.0272715265625 0.4189453125 0.0272715265625 0.4521484375 0.030301832812500002 0.4541015625 0.030301832812500002 0.4560546875 0.033332140625 0.4580078125 0.033332140625 0.4658203125 0.030301832812500002 0.4677734375 0.030301832812500002 0.5009765625 0.033332140625 0.5029296875 0.033332140625 0.5048828125 0.030301832812500002 0.5068359375 0.030301832812500002 0.5126953125 0.0272715265625 0.5146484375 0.0272715265625 0.5302734375 0.030301832812500002 0.5322265625 0.030301832812500002 0.5556640625 0.0272715265625 0.5576171875 0.0272715265625 0.5771484375 0.030301832812500002 0.5791015625 0.030301832812500002 0.5927734375 0.0272715265625 0.5947265625 0.0272715265625 0.6142578125 0.030301832812500002 0.6162109375 0.030301832812500002 0.6259765625 0.0272715265625 0.6279296875 0.0272715265625 0.6982421875 0.030301832812500002 0.7001953125 0.030301832812500002 0.7099609375 0.0272715265625 0.7119140625 0.0272715265625 0.7177734375 0.030301832812500002 0.7197265625 0.030301832812500002 0.7314453125 0.033332140625 0.7333984375 0.033332140625 0.7353515625 0.036362446874999996 0.7373046875 0.036362446874999996 0.7392578125 0.033332140625 0.7412109375 0.033332140625 0.7548828125 0.036362446874999996 0.7568359375 0.036362446874999996 0.7587890625 0.039392753125 0.7607421875 0.039392753125 0.7705078125 0.042423059375 0.7724609375 0.042423059375 0.7744140625 0.045453367187499996 0.7763671875 0.045453367187499996 0.7841796875 0.042423059375 0.7861328125 0.042423059375 0.8154296875 0.039392753125 0.8173828125 0.039392753125 0.8251953125 0.033332140625 0.8291015625 0.033332140625 0.8310546875 0.030301832812500002 0.8330078125 0.030301832812500002 0.8486328125 0.033332140625 0.8505859375 0.033332140625 0.8525390625 0.036362446874999996 0.8544921875 0.036362446874999996 0.8583984375 0.033332140625 0.8603515625 0.033332140625 0.8623046875 0.036362446874999996 0.8642578125 0.036362446874999996 0.8662109375 0.033332140625 0.8681640625 0.033332140625 0.8720703125 0.036362446874999996 0.8740234375 0.036362446874999996 0.8955078125 0.039392753125 0.8974609375 0.039392753125 0.9052734375 0.036362446874999996 0.9072265625 0.036362446874999996 0.9287109375 0.039392753125 0.9306640625 0.039392753125 0.9345703125 0.042423059375 0.9365234375 0.042423059375 0.9384765625 0.039392753125 0.9404296875 0.039392753125 0.9482421875 0.0469685203125 0.953125 0.0681806671875 0.953125 0.071210975 0.951171875 0.0772715875 0.951171875 0.0833322015625 0.955078125 0.0863625078125 0.955078125 0.092423121875 0.958984375 0.12575649687499998 0.958984375 0.128786803125 0.95703125 0.131817109375 0.95703125 0.13484741718749998 0.958984375 0.1409080296875 0.958984375 0.14696864375000002 0.962890625 0.1742414046875 0.962890625 0.1772717109375 0.96484375 0.18333232500000002 0.96484375 0.18939293906250002 0.9609375 0.20454447187499997 0.9609375 0.2075747796875 0.962890625 0.2469687671875 0.962890625 0.2499990734375 0.9609375 0.25302938125 0.9609375 0.25908999375 0.95703125 0.271211221875 0.95703125 0.274241528125 0.958984375 0.27727183437499997 0.958984375 0.2803021421875 0.9609375 0.28939306249999996 0.9609375 0.29242336875 0.958984375 0.29545367499999997 0.958984375 0.2984839828125 0.95703125 0.3015142890625 0.95703125 0.3045445953125 0.955078125 0.307574903125 0.955078125 0.31060520937499997 0.953125 0.3166658234375 0.953125 0.3196961296875 0.955078125 0.3227264359375 0.955078125 0.324241590625 0.9560546875 0.324241590625 0.9580078125 0.32878704999999997 0.9609375 0.33181735625000003 0.9609375 0.3348476640625 0.962890625 0.3560598109375 0.962890625 0.3590901171875 0.9609375 0.3681810375 0.9609375 0.3712113453125 0.958984375 0.380302265625 0.958984375 0.38181741874999997 0.9580078125 0.38181741874999997 0.9560546875 0.38636287812500003 0.953125 0.39848410625 0.953125 0.40454471875 0.95703125 0.40757502656250005 0.95703125 0.4106053328125 0.958984375 0.41666594687499997 0.958984375 0.419696253125 0.9609375 0.42272655937500003 0.9609375 0.4257568671875 0.962890625 0.4287871734375 0.962890625 0.4409084 0.955078125 0.45302962812500003 0.955078125 0.45454478125 0.9560546875 0.45454478125 0.9580078125 0.46212054843750006 0.962890625 0.48636300156249995 0.962890625 0.48939330937500003 0.96484375 0.49242361562500003 0.962890625 0.5015145359375001 0.962890625 0.5136357625 0.955078125 0.522726684375 0.955078125 0.531817603125 0.9609375 0.5590903640625 0.9609375 0.562120671875 0.958984375 0.5772722046875 0.958984375 0.5803025125 0.9609375 0.6106055796875001 0.9609375 0.61666619375 0.95703125 0.6196965 0.95703125 0.62272680625 0.955078125 0.6257571140625 0.955078125 0.6287874203125 0.95703125 0.6318177265625 0.95703125 0.634848034375 0.958984375 0.637878340625 0.958984375 0.640908646875 0.9609375 0.65606018125 0.9609375 0.6590904890625 0.962890625 0.668181409375 0.962890625 0.674242021875 0.958984375 0.677272328125 0.958984375 0.6803026359375 0.95703125 0.68939355625 0.95703125 0.6924238625 0.958984375 0.7318178515625 0.958984375 0.7348481578125 0.95703125 0.7378784640625 0.95703125 0.740908771875 0.955078125 0.743939078125 0.955078125 0.746969384375 0.953125 0.7560603046875001 0.953125 0.7590906109375 0.955078125 0.765151225 0.955078125 0.76818153125 0.95703125 0.7924239859375 0.95703125 0.79545429375 0.955078125 0.7984846 0.955078125 0.8015149062500001 0.953125 0.8106058265625 0.953125 0.813636134375 0.955078125 0.8166664406249999 0.955078125 0.8227270531249999 0.958984375 0.84090889375 0.958984375 0.8439392015625 0.9609375 0.856060428125 0.9609375 0.859090734375 0.962890625 0.8651513484375 0.962890625 0.8712119625 0.958984375 0.886363496875 0.958984375 0.889393803125 0.9609375 0.9075756437500001 0.9609375 0.9106059500000001 0.958984375 0.9166665640625 0.958984375 0.9196968703125 0.95703125 0.9227271765625 0.95703125 0.9318180984375 0.951171875 0.9348484046875001 0.951171875 0.9393938640625 0.9482421875 0.9393938640625 0.9384765625 0.948484784375 0.9326171875 0.948484784375 0.9169921875 0.9515150921875 0.9150390625 0.9515150921875 0.9072265625 0.948484784375 0.9052734375 0.948484784375 0.9033203125 0.945454478125 0.9013671875 0.945454478125 0.8955078125 0.9515150921875 0.8916015625 0.9515150921875 0.8681640625 0.948484784375 0.8662109375 0.948484784375 0.8583984375 0.9515150921875 0.8564453125 0.9515150921875 0.8525390625 0.9545453984375 0.8505859375 0.9545453984375 0.8212890625 0.948484784375 0.8173828125 0.948484784375 0.8134765625 0.9515150921875 0.8115234375 0.9515150921875 0.8095703125 0.9545453984375 0.8076171875 0.9545453984375 0.8056640625 0.9575757046875 0.8037109375 0.9575757046875 0.7900390625 0.9606060125000001 0.7880859375 0.9606060125000001 0.7783203125 0.9636363187500001 0.7763671875 0.9636363187500001 0.7744140625 0.9606060125000001 0.7724609375 0.9606060125000001 0.7666015625 0.9575757046875 0.7646484375 0.9575757046875 0.7626953125 0.9545453984375 0.7607421875 0.9545453984375 0.7548828125 0.9606060125000001 0.7509765625 0.9606060125000001 0.7451171875 0.9636363187500001 0.7431640625 0.9636363187500001 0.7333984375 0.966666625 0.7314453125 0.966666625 0.7294921875 0.9636363187500001 0.7275390625 0.9636363187500001 0.7255859375 0.9575757046875 0.7216796875 0.9575757046875 0.7158203125 0.9606060125000001 0.7138671875 0.9606060125000001 0.7119140625 0.9636363187500001 0.7099609375 0.9636363187500001 0.6826171875 0.962121165625 0.681640625 0.9590908593749999 0.681640625 0.9560605515624999 0.6796875 0.9530302453124999 0.6796875 0.9515150921875 0.6787109375 0.9515150921875 0.6767578125 0.948484784375 0.6748046875 0.948484784375 0.6708984375 0.9515150921875 0.6689453125 0.9515150921875 0.6669921875 0.9545453984375 0.6650390625 0.9545453984375 0.6494140625 0.9575757046875 0.6474609375 0.9575757046875 0.6455078125 0.9545453984375 0.6435546875 0.9545453984375 0.6416015625 0.9530302453124999 0.640625 0.9499999390625 0.640625 0.945454478125 0.6376953125 0.945454478125 0.6337890625 0.9515150921875 0.6298828125 0.9515150921875 0.6259765625 0.9545453984375 0.6240234375 0.9545453984375 0.6044921875 0.9515150921875 0.6025390625 0.9515150921875 0.6005859375 0.948484784375 0.5986328125 0.948484784375 0.5888671875 0.9515150921875 0.5869140625 0.9515150921875 0.5849609375 0.9545453984375 0.5830078125 0.9545453984375 0.5791015625 0.9575757046875 0.5771484375 0.9575757046875 0.5556640625 0.9515150921875 0.5517578125 0.9515150921875 0.5439453125 0.9545453984375 0.5419921875 0.9545453984375 0.5322265625 0.9575757046875 0.5302734375 0.9575757046875 0.5166015625 0.9560605515624999 0.515625 0.9530302453124999 0.515625 0.948484784375 0.5126953125 0.948484784375 0.5048828125 0.9515150921875 0.5029296875 0.9515150921875 0.5009765625 0.9545453984375 0.4990234375 0.9545453984375 0.4755859375 0.9515150921875 0.4736328125 0.9515150921875 0.4677734375 0.948484784375 0.4658203125 0.948484784375 0.4580078125 0.9515150921875 0.4560546875 0.9515150921875 0.4541015625 0.9545453984375 0.4521484375 0.9545453984375 0.4443359375 0.9575757046875 0.4423828125 0.9575757046875 0.4326171875 0.9545453984375 0.4306640625 0.9545453984375 0.4248046875 0.948484784375 0.4208984375 0.948484784375 0.4189453125 0.945454478125 0.4169921875 0.945454478125 0.4150390625 0.948484784375 0.4130859375 0.948484784375 0.4111328125 0.9515150921875 0.4091796875 0.9515150921875 0.4072265625 0.9545453984375 0.4052734375 0.9545453984375 0.3994140625 0.9575757046875 0.3974609375 0.9575757046875 0.3916015625 0.9606060125000001 0.3896484375 0.9606060125000001 0.3681640625 0.9575757046875 0.3662109375 0.9575757046875 0.3642578125 0.9545453984375 0.3623046875 0.9545453984375 0.3583984375 0.9515150921875 0.3564453125 0.9545453984375 0.3544921875 0.9545453984375 0.3525390625 0.9515150921875 0.3505859375 0.9515150921875 0.3447265625 0.9545453984375 0.3427734375 0.9515150921875 0.3408203125 0.9515150921875 0.3388671875 0.948484784375 0.3369140625 0.948484784375 0.3310546875 0.9575757046875 0.3251953125 0.9575757046875 0.3232421875 0.9606060125000001 0.3212890625 0.9606060125000001 0.2978515625 0.9515150921875 0.2919921875 0.9515150921875 0.2900390625 0.948484784375 0.2880859375 0.948484784375 0.2841796875 0.9515150921875 0.2822265625 0.9515150921875 0.2705078125 0.9545453984375 0.2685546875 0.9545453984375 0.2666015625 0.9515150921875 0.2646484375 0.9515150921875 0.2587890625 0.948484784375 0.2568359375 0.948484784375 0.2548828125 0.945454478125 0.2529296875 0.945454478125 0.2451171875 0.9515150921875 0.2412109375 0.9515150921875 0.2333984375 0.9545453984375 0.2314453125 0.9515150921875 0.2294921875 0.9515150921875 0.2197265625 0.948484784375 0.2177734375 0.948484784375 0.2080078125 0.945454478125 0.2060546875 0.945454478125 0.2041015625 0.948484784375 0.2021484375 0.948484784375 0.1982421875 0.9545453984375 0.1943359375 0.9545453984375 0.1708984375 0.9515150921875 0.1689453125 0.9515150921875 0.1630859375 0.9545453984375 0.1611328125 0.9545453984375 0.1591796875 0.9575757046875 0.1572265625 0.9575757046875 0.1552734375 0.9606060125000001 0.1533203125 0.9606060125000001 0.1318359375 0.9575757046875 0.1298828125 0.9575757046875 0.1259765625 0.9560605515624999 0.125 0.9530302453124999 0.125 0.945454478125 0.1201171875 0.945454478125 0.1181640625 0.9545453984375 0.1123046875 0.9545453984375 0.1103515625 0.9575757046875 0.1083984375 0.9575757046875 0.1005859375 0.9606060125000001 0.0986328125 0.9606060125000001 0.0908203125 0.9515150921875 0.0849609375 0.9515150921875 0.0751953125 0.9545453984375 0.0732421875 0.9545453984375 0.0712890625 0.9560605515624999 0.0703125 0.9590908593749999 0.0703125 0.9606060125000001 0.0693359375 0.9606060125000001 0.0654296875 0.9636363187500001 0.0634765625 0.9636363187500001 0.0439453125 0.9560605515624999 0.0390625 0.9499999390625 0.0390625 0.945454478125 0.0361328125 0.945454478125 0.0341796875 0.94090901875 0.03125 0.9348484046875001 0.03125 0.9318180984375 0.029296875 0.9075756437500001 0.029296875 0.9045453359375 0.02734375 0.8984847234375 0.02734375 0.8954544156249999 0.029296875 0.8833331890625 0.029296875 0.8803028828125001 0.02734375 0.86818165625 0.02734375 0.8651513484375 0.029296875 0.856060428125 0.029296875 0.8530301218749999 0.02734375 0.84090889375 0.02734375 0.8378785875 0.025390625 0.8257573609375 0.025390625 0.8227270531249999 0.02734375 0.813636134375 0.02734375 0.8106058265625 0.029296875 0.8075755203125 0.029296875 0.8045452140625 0.03125 0.7984846 0.03125 0.79545429375 0.029296875 0.7893936796875 0.029296875 0.786363371875 0.02734375 0.7712118390625 0.02734375 0.76818153125 0.025390625 0.743939078125 0.025390625 0.740908771875 0.02734375 0.7378784640625 0.02734375 0.7348481578125 0.029296875 0.7227269296875 0.029296875 0.7196966234375 0.02734375 0.707575396875 0.02734375 0.7045450890625 0.025390625 0.6621207953125 0.025390625 0.6590904890625 0.02734375 0.6257571140625 0.02734375 0.62272680625 0.029296875 0.5742418984375 0.029296875 0.5712115921875001 0.02734375 0.5651509781249999 0.02734375 0.562120671875 0.025390625 0.5469691375 0.025390625 0.54393883125 0.02734375 0.5378782171875 0.02734375 0.5348479109375 0.029296875 0.528787296875 0.029296875 0.5257569906249999 0.02734375 0.48939330937500003 0.02734375 0.48636300156249995 0.029296875 0.46212054843750006 0.029296875 0.459090240625 0.03125 0.4409084 0.03125 0.43787809375000003 0.033203125 0.40757502656250005 0.033203125 0.40454471875 0.03125 0.39848410625 0.03125 0.3954537984375 0.033203125 0.3893931859375 0.033203125 0.38636287812500003 0.03125 0.3530295046875 0.03125 0.349999196875 0.033203125 0.3378779703125 0.033203125 0.3348476640625 0.03125 0.33181735625000003 0.033203125 0.313635515625 0.033203125 0.31060520937499997 0.03515625 0.2984839828125 0.03515625 0.29545367499999997 0.037109375 0.29242336875 0.037109375 0.28939306249999996 0.0390625 0.2803021421875 0.0390625 0.27727183437499997 0.037109375 0.25908999375 0.037109375 0.25605968749999997 0.03515625 0.2287869265625 0.03515625 0.22575662031250002 0.037109375 0.2106050859375 0.037109375 0.2075747796875 0.0390625 0.1924232453125 0.0390625 0.18939293906250002 0.041015625 0.1742414046875 0.041015625 0.168180790625 0.044921875 0.1530292578125 0.044921875 0.14999895000000002 0.04296875 0.1378777234375 0.04296875 0.13484741718749998 0.041015625 0.0833322015625 0.041015625 0.08030189531250001 0.0390625 0.04090790625 0.0390625 0.033332140625 0.0439453125 0.033332140625 0.0517578125 0.030301832812500002 0.0537109375 0.030301832812500002 0.0654296875 0.033332140625 0.0673828125 0.033332140625 0.0712890625 0.030301832812500002 0.0732421875 0.033332140625 0.0751953125 0.033332140625 0.0849609375 0.030301832812500002 0.0869140625 0.030301832812500002 0.1142578125 0.033332140625 0.1162109375 0.033332140625 0.1201171875 0.030301832812500002 0.1220703125 0.030301832812500002 0.1240234375 0.033332140625 0.1259765625 0.033332140625 0.1357421875 0.030301832812500002 0.1376953125 0.030301832812500002 0.2060546875 0.033332140625 0.2080078125 0.033332140625 0.2158203125 0.030301832812500002 0.2177734375 0.030301832812500002 0.2431640625 0.033332140625 0.2451171875 0.033332140625 0.2470703125 0.030301832812500002 0.2490234375 0.030301832812500002 0.2861328125
