0 0.49296875 0.49296875 0.959375 0.94375
2 0.809375 0.95703125 0.025 0.01875
2 0.7484375 0.95625 0.01875 0.0125
2 0.671875 0.94765625 0.0234375 0.0171875
2 0.45 0.95 0.025 0.0140625
2 0.38125 0.94609375 0.021875 0.015625
2 0.30390625 0.95078125 0.025 0.0125
2 0.159375 0.9515625 0.028125 0.015625
2 0.03125 0.925 0.021875 0.0125
2 0.0328125 0.8984375 0.0203125 0.0140625
2 0.02265625 0.8453125 0.0203125 0.0125
2 0.02421875 0.63359375 0.021875 0.0140625
2 0.02265625 0.55390625 0.01875 0.01875
2 0.02578125 0.50234375 0.0203125 0.015625
2 0.02578125 0.47421875 0.01875 0.015625
2 0.028125 0.44375 0.0203125 0.0140625
2 0.02578125 0.36171875 0.0203125 0.0125
2 0.0265625 0.31171875 0.01875 0.015625
2 0.0328125 0.14765625 0.0234375 0.0125
2 0.9484375 0.05078125 0.021875 0.0140625
2 0.94296875 0.09609375 0.021875 0.0140625
