0 0.027812895312500002 0.9337950703125 0.0720606828125 0.9633326546875001 0.9127686468749999 0.9602770421875 0.9601769906250001 0.9317579953124999 0.960809103125 0.0364636375 0.030025284375 0.0252597265625 0.027812895312500002 0.9337950703125
2 0.18828125 0.95703125 0.028125 0.015625
2 0.2421875 0.9578125 0.028125 0.015625
2 0.3703125 0.95859375 0.028125 0.0171875
2 0.475 0.9578125 0.0296875 0.0125
2 0.54453125 0.95625 0.03125 0.0109375
2 0.67578125 0.95390625 0.025 0.0171875
2 0.72421875 0.9609375 0.0328125 0.015625
2 0.79296875 0.9546875 0.03125 0.01875
2 0.03125 0.8953125 0.021875 0.0171875
2 0.028125 0.85859375 0.034375 0.01875
2 0.02578125 0.8125 0.0203125 0.015625
2 0.01953125 0.7578125 0.034375 0.0125
2 0.02421875 0.7171875 0.0265625 0.025
2 0.025 0.67578125 0.028125 0.01875
2 0.02734375 0.634375 0.0296875 0.0203125
2 0.0265625 0.5921875 0.021875 0.0125
2 0.03046875 0.41640625 0.021875 0.0203125
2 0.0265625 0.28359375 0.021875 0.01875
2 0.0296875 0.2484375 0.01875 0.021875
2 0.0296875 0.2015625 0.028125 0.0171875
2 0.0328125 0.1171875 0.025 0.025
2 0.95390625 0.89765625 0.03125 0.025
2 0.96171875 0.73515625 0.0265625 0.025
2 0.965625 0.69765625 0.015625 0.025
2 0.965625 0.61484375 0.028125 0.01875
2 0.9640625 0.58125 0.021875 0.021875
2 0.9640625 0.534375 0.025 0.0125
2 0.959375 0.4578125 0.021875 0.015625
1 0.93125 0.940625 0.0734375 0.04375
1 0.04765625 0.95 0.065625 0.053125
