0 0.515625 0.5046875 0.9484375 0.9640625
2 0.06171875 0.3109375 0.0203125 0.02421875
2 0.05859375 0.53515625 0.01484375 0.0265625
2 0.0609375 0.60234375 0.0125 0.02109375
2 0.05390625 0.7546875 0.01328125 0.02109375
2 0.05078125 0.8234375 0.01484375 0.0234375
2 0.07578125 0.9453125 0.01328125 0.0171875
2 0.15546875 0.9578125 0.01328125 0.01796875
2 0.2828125 0.9671875 0.01796875 0.02109375
2 0.3671875 0.9640625 0.0140625 0.0171875
2 0.60625 0.96875 0.01484375 0.0203125
2 0.63828125 0.97265625 0.01328125 0.0171875
2 0.6875 0.971875 0.01484375 0.01796875
2 0.85546875 0.97578125 0.01484375 0.01796875
2 0.97265625 0.71328125 0.01171875 0.02265625
2 0.97578125 0.434375 0.0109375 0.02109375
2 0.92109375 0.06875 0.0171875 0.0234375
