0 0.034766118750000005 0.9307394578125001 0.058470290625 0.9623141171875 0.11061946874999999 0.967406803125 0.9149810359374999 0.9572214296875 0.9718710500000001 0.9287023828125 0.960809103125 0.0344265640625 0.034766118750000005 0.0303524140625 0.02212389375 0.073130984375 0.034766118750000005 0.9307394578125001
1 0.06015625 0.95078125 0.0625 0.0390625
2 0.04140625 0.90234375 0.025 0.0234375
2 0.0359375 0.86484375 0.0234375 0.015625
2 0.0328125 0.81875 0.028125 0.015625
2 0.02578125 0.7625 0.0234375 0.0125
2 0.025 0.72109375 0.021875 0.0140625
2 0.03046875 0.6796875 0.0296875 0.015625
2 0.0359375 0.63828125 0.0203125 0.0171875
2 0.03359375 0.59609375 0.0234375 0.0171875
2 0.02890625 0.20703125 0.0265625 0.01875
2 0.2453125 0.9609375 0.028125 0.015625
2 0.31796875 0.96484375 0.025 0.015625
2 0.375 0.96171875 0.0328125 0.0203125
2 0.42890625 0.96328125 0.0234375 0.0125
2 0.48515625 0.96015625 0.034375 0.015625
2 0.68203125 0.95859375 0.0265625 0.015625
2 0.80703125 0.95859375 0.0296875 0.0171875
1 0.94765625 0.93984375 0.075 0.046875
