0 0.48359375 0.49765625 0.946875 0.9734375
2 0.7890625 0.97265625 0.0171875 0.0203125
2 0.71171875 0.96796875 0.015625 0.01875
2 0.6671875 0.97734375 0.01875 0.0203125
2 0.621875 0.97109375 0.015625 0.021875
2 0.3203125 0.95625 0.01875 0.025
2 0.2 0.94765625 0.015625 0.0234375
2 0.1203125 0.95 0.0140625 0.0234375
2 0.0875 0.9453125 0.015625 0.028125
2 0.04296875 0.94453125 0.0140625 0.028125
2 0.14609375 0.021875 0.021875 0.0234375
2 0.25703125 0.02421875 0.0171875 0.015625
2 0.22890625 0.02421875 0.0171875 0.021875
2 0.3921875 0.0234375 0.0171875 0.021875
2 0.5015625 0.025 0.0171875 0.021875
2 0.47421875 0.0234375 0.01875 0.0234375
2 0.44453125 0.02578125 0.01875 0.021875
2 0.5765625 0.02421875 0.01875 0.01875
2 0.63203125 0.02421875 0.01875 0.021875
2 0.715625 0.02578125 0.015625 0.021875
2 0.6859375 0.01875 0.0171875 0.0203125
2 0.9484375 0.17734375 0.0125 0.0265625
2 0.9453125 0.31484375 0.0125 0.028125
2 0.9453125 0.4671875 0.0125 0.0265625
2 0.9421875 0.68828125 0.0125 0.0265625
