0 0.5125 0.50234375 0.94765625 0.9671875
2 0.05 0.08515625 0.01328125 0.0234375
2 0.04921875 0.171875 0.01484375 0.0203125
2 0.04921875 0.23203125 0.01796875 0.0171875
2 0.05546875 0.3046875 0.01796875 0.0265625
2 0.0453125 0.4578125 0.01328125 0.0265625
2 0.05234375 0.53203125 0.015625 0.02265625
2 0.05546875 0.6 0.01796875 0.0296875
2 0.04921875 0.68046875 0.01796875 0.0265625
2 0.04921875 0.7515625 0.01171875 0.0265625
2 0.071875 0.94921875 0.0140625 0.02578125
2 0.09921875 0.94765625 0.0140625 0.02109375
2 0.15234375 0.9578125 0.01328125 0.01796875
2 0.20078125 0.96484375 0.01328125 0.0171875
2 0.228125 0.96875 0.0140625 0.0203125
2 0.2546875 0.96796875 0.01328125 0.0171875
2 0.2796875 0.96484375 0.01484375 0.02109375
2 0.36328125 0.965625 0.01484375 0.0234375
2 0.44140625 0.96875 0.01328125 0.0203125
2 0.49453125 0.9671875 0.0140625 0.01875
2 0.521875 0.96484375 0.01328125 0.0171875
2 0.553125 0.965625 0.01640625 0.01796875
2 0.60234375 0.96640625 0.01171875 0.01796875
2 0.634375 0.97109375 0.01328125 0.01484375
2 0.6609375 0.971875 0.0140625 0.0203125
2 0.684375 0.9703125 0.01640625 0.02265625
2 0.76640625 0.9671875 0.01640625 0.02421875
2 0.85078125 0.96953125 0.015625 0.0203125
2 0.95625 0.059375 0.01328125 0.02734375
2 0.8796875 0.053125 0.01328125 0.02109375
2 0.91328125 0.05625 0.021875 0.0296875
