2 0.03984375 0.1078125 0.0109375 0.03515625
2 0.04453125 0.184375 0.01484375 0.03125
2 0.04296875 0.36328125 0.01171875 0.028125
2 0.04140625 0.30390625 0.00703125 0.02578125
2 0.04765625 0.234375 0.015625 0.02421875
2 0.03984375 0.4203125 0.01484375 0.03125
2 0.04140625 0.46875 0.0171875 0.03125
2 0.0453125 0.5375 0.0140625 0.0234375
2 0.04609375 0.5921875 0.01875 0.0234375
2 0.04609375 0.671875 0.0140625 0.03671875
2 0.04296875 0.72265625 0.01171875 0.02265625
2 0.04296875 0.7921875 0.015625 0.0296875
2 0.040625 0.853125 0.01171875 0.0234375
2 0.0453125 0.90859375 0.01953125 0.02578125
2 0.2203125 0.94296875 0.01796875 0.025
2 0.259375 0.9546875 0.01796875 0.03046875
2 0.296875 0.96328125 0.015625 0.021875
2 0.49375 0.9625 0.0171875 0.0203125
2 0.5375 0.95859375 0.01328125 0.01875
2 0.80546875 0.965625 0.015625 0.021875
2 0.88359375 0.96484375 0.01640625 0.0203125
2 0.9640625 0.89765625 0.01015625 0.025
2 0.9578125 0.828125 0.0109375 0.02265625
2 0.96328125 0.70703125 0.01484375 0.02421875
2 0.92265625 0.03671875 0.02578125 0.01875
2 0.10390625 0.0390625 0.01640625 0.01875
2 0.13828125 0.03515625 0.0171875 0.01640625
2 0.1859375 0.03046875 0.01171875 0.0234375
2 0.3265625 0.03359375 0.01796875 0.01953125
2 0.36484375 0.03515625 0.01953125 0.01953125
2 0.409375 0.03515625 0.01796875 0.02265625
2 0.4921875 0.0375 0.01484375 0.01796875
2 0.53828125 0.03671875 0.0171875 0.01953125
2 0.58515625 0.0375 0.015625 0.02109375
2 0.66875 0.03984375 0.01640625 0.02421875
2 0.75234375 0.04140625 0.0171875 0.02109375
2 0.79921875 0.0421875 0.02109375 0.01953125
2 0.88515625 0.04453125 0.01640625 0.01796875
0 1 0.42730720624999996 0.983907109375 0.11188369218750001 0.977592178125 0.061630846875 0.9737217359375 0.05056890000000001 0.9633326546875001 0.0338179515625 0.9502953765625 0.028128950000000003 0.26624567187500003 0.02496839375 0.20717050312500002 0.026548671875000002 0.075168059375 0.039190896875 0.0598899984375 0.0464601765625 0.046649012499999996 0.05657395625 0.0423711546875 0.0622629578125 0.039926665625 0.074273071875 0 0.9756637171874999 0 1 1 1 1 0.42730720624999996
