0 0.85546875 0.5634765625 0.85693359375 0.5625 0.8583984375 0.5615234375 0.8583984375 0.5361328125 0.85546875 0.5341796875 0.85546875 0.5244140625 0.8525390625 0.5224609375 0.8525390625 0.5126953125 0.849609375 0.5107421875 0.849609375 0.5087890625 0.8466796875 0.5068359375 0.8466796875 0.4990234375 0.849609375 0.4970703125 0.849609375 0.4931640625 0.8525390625 0.4912109375 0.8525390625 0.4892578125 0.849609375 0.4873046875 0.849609375 0.3857421875 0.8466796875 0.3837890625 0.8466796875 0.3759765625 0.849609375 0.3740234375 0.849609375 0.3544921875 0.8525390625 0.3525390625 0.8525390625 0.3486328125 0.849609375 0.3466796875 0.849609375 0.3251953125 0.8466796875 0.3232421875 0.8466796875 0.3115234375 0.849609375 0.3095703125 0.849609375 0.2587890625 0.8466796875 0.2568359375 0.8466796875 0.2509765625 0.849609375 0.2490234375 0.849609375 0.2470703125 0.8525390625 0.2451171875 0.8525390625 0.2099609375 0.8466796875 0.2060546875 0.8466796875 0.1982421875 0.849609375 0.1962890625 0.849609375 0.1943359375 0.8525390625 0.1923828125 0.8525390625 0.1845703125 0.849609375 0.1826171875 0.849609375 0.1728515625 0.8466796875 0.1708984375 0.8466796875 0.1123046875 0.84228515625 0.109375 0.80419921875 0.109375 0.80126953125 0.107421875 0.76025390625 0.107421875 0.75732421875 0.10546875 0.73388671875 0.10546875 0.73095703125 0.103515625 0.69580078125 0.103515625 0.69287109375 0.1015625 0.68994140625 0.103515625 0.68701171875 0.103515625 0.68408203125 0.1015625 0.68115234375 0.1015625 0.67822265625 0.103515625 0.66357421875 0.103515625 0.66064453125 0.1015625 0.57568359375 0.1015625 0.57275390625 0.099609375 0.56689453125 0.099609375 0.56396484375 0.1015625 0.56103515625 0.099609375 0.44091796875 0.099609375 0.43798828125 0.09765625 0.34716796875 0.09765625 0.34423828125 0.095703125 0.34130859375 0.095703125 0.33837890625 0.09765625 0.33544921875 0.09765625 0.33251953125 0.095703125 0.24169921875 0.095703125 0.23876953125 0.09375 0.14208984375 0.09375 0.13916015625 0.091796875 0.07177734375 0.091796875 0.06884765625 0.09375 0.05712890625 0.09375 0.052734375 0.0966796875 0.052734375 0.1923828125 0.0556640625 0.1943359375 0.0556640625 0.2060546875 0.052734375 0.2080078125 0.052734375 0.2099609375 0.0556640625 0.2119140625 0.0556640625 0.2138671875 0.052734375 0.2158203125 0.052734375 0.2177734375 0.0556640625 0.2197265625 0.0556640625 0.3076171875 0.052734375 0.3095703125 0.052734375 0.3115234375 0.0556640625 0.3134765625 0.0556640625 0.5146484375 0.05859375 0.5166015625 0.05859375 0.6611328125 0.0615234375 0.6630859375 0.0615234375 0.7568359375 0.064453125 0.7587890625 0.064453125 0.7822265625 0.0673828125 0.7841796875 0.0673828125 0.8583984375 0.0703125 0.8603515625 0.0703125 0.8623046875 0.07763671875 0.8671875 0.10107421875 0.8671875 0.10400390625 0.869140625 0.10693359375 0.8671875 0.10986328125 0.8671875 0.11279296875 0.869140625 0.15966796875 0.869140625 0.16259765625 0.87109375 0.17138671875 0.87109375 0.17431640625 0.869140625 0.18603515625 0.869140625 0.18896484375 0.87109375 0.20361328125 0.87109375 0.20654296875 0.869140625 0.21533203125 0.869140625 0.21826171875 0.87109375 0.24755859375 0.87109375 0.25048828125 0.869140625 0.30322265625 0.869140625 0.30615234375 0.8671875 0.31494140625 0.8671875 0.31787109375 0.869140625 0.32080078125 0.869140625 0.32373046875 0.87109375 0.36767578125 0.87109375 0.37646484375 0.865234375 0.38525390625 0.865234375 0.38818359375 0.8671875 0.39697265625 0.8671875 0.39990234375 0.865234375 0.43798828125 0.865234375 0.44091796875 0.8671875 0.48193359375 0.8671875 0.48779296875 0.87109375 0.49951171875 0.87109375 0.50244140625 0.873046875 0.53173828125 0.873046875 0.53466796875 0.87109375 0.53759765625 0.87109375 0.54052734375 0.869140625 0.54345703125 0.869140625 0.54638671875 0.8671875 0.55810546875 0.8671875 0.56103515625 0.865234375 0.65478515625 0.865234375 0.65771484375 0.8671875 0.69580078125 0.8671875 0.69873046875 0.865234375 0.71044921875 0.865234375 0.71337890625 0.8671875 0.71923828125 0.8671875 0.72216796875 0.865234375 0.74267578125 0.865234375 0.74560546875 0.86328125 0.75732421875 0.86328125 0.76025390625 0.865234375 0.78955078125 0.865234375 0.79248046875 0.86328125 0.80126953125 0.86328125 0.80419921875 0.865234375 0.81591796875 0.865234375 0.81884765625 0.8671875 0.82470703125 0.8671875 0.82763671875 0.865234375 0.83935546875 0.865234375 0.8466796875 0.8603515625 0.8466796875 0.8583984375 0.849609375 0.8564453125 0.849609375 0.8271484375 0.8466796875 0.8251953125 0.8466796875 0.8134765625 0.84375 0.8115234375 0.84375 0.8095703125 0.8466796875 0.8076171875 0.8466796875 0.7900390625 0.849609375 0.7880859375 0.849609375 0.7119140625 0.8525390625 0.7099609375 0.8525390625 0.7080078125 0.849609375 0.7060546875 0.849609375 0.7021484375 0.8525390625 0.7001953125 0.8525390625 0.6982421875 0.849609375 0.6962890625 0.849609375 0.6923828125 0.8466796875 0.6904296875 0.8466796875 0.6845703125 0.849609375 0.6826171875 0.849609375 0.6787109375 0.8525390625 0.6767578125 0.8525390625 0.6298828125 0.849609375 0.6279296875 0.849609375 0.6259765625 0.8466796875 0.6240234375 0.8466796875 0.6220703125 0.849609375 0.6201171875 0.849609375 0.6181640625 0.8525390625 0.6162109375 0.8525390625 0.5791015625 0.849609375 0.5771484375 0.849609375 0.5693359375 0.85546875 0.5654296875 0.85546875 0.5634765625
2 0.21015625 0.87265625 0.021875 0.009375
2 0.3125 0.87109375 0.021875 0.009375
2 0.37734375 0.86953125 0.0203125 0.0125
2 0.7484375 0.86640625 0.025 0.009375
2 0.8515625 0.68671875 0.015625 0.0171875
2 0.8515625 0.6234375 0.01875 0.0140625
2 0.8515625 0.50390625 0.01875 0.0234375
2 0.8515625 0.378125 0.0125 0.0125
2 0.8484375 0.31640625 0.0171875 0.0140625
2 0.8515625 0.20234375 0.01875 0.015625
2 0.84921875 0.25078125 0.0140625 0.009375
