0 0.9696475859374999 0.037926675 0.9574251374999999 0.014222503124999999 0.58871460625 0.02212389375 0.4430637609375 0.025284450000000003 0.23120798593749997 0.012642225000000002 0.2057445515625 0.012642225000000002 0.0631493171875 0.036346396875 0.0356488078125 0.080594184375 0.04685271875 0.9781921625000001 0.10898350000000001 0.967130215625 0.9676105109375 0.95606826875 0.9706661234375 0.5704804046875 0.9696475859374999 0.037926675
1 0.05234375 0.053125 0.05 0.05859375
2 0.0375 0.121875 0.0171875 0.02578125
2 0.03984375 0.1921875 0.0140625 0.02734375
2 0.0390625 0.24765625 0.02265625 0.03046875
2 0.040625 0.31796875 0.0171875 0.02890625
2 0.03828125 0.375 0.015625 0.0390625
2 0.03828125 0.4296875 0.01875 0.025
2 0.04140625 0.48359375 0.028125 0.03515625
2 0.04453125 0.5546875 0.01796875 0.02890625
2 0.046875 0.684375 0.01640625 0.03125
2 0.0453125 0.80390625 0.015625 0.02734375
2 0.04453125 0.86328125 0.01796875 0.0296875
2 0.0484375 0.925 0.01875 0.03046875
2 0.06953125 0.96640625 0.0171875 0.0234375
2 0.228125 0.95703125 0.01640625 0.02421875
2 0.80703125 0.95703125 0.015625 0.02421875
2 0.8421875 0.95546875 0.01796875 0.0203125
