0 0.515625 0.50859375 0.9484375 0.96171875
2 0.05703125 0.08515625 0.01484375 0.01875
2 0.05546875 0.175 0.01328125 0.01875
2 0.06953125 0.3109375 0.0171875 0.0203125
2 0.05859375 0.53515625 0.01328125 0.0234375
2 0.06484375 0.603125 0.01484375 0.0265625
2 0.05078125 0.8234375 0.0125 0.02578125
2 0.07734375 0.940625 0.01328125 0.01796875
2 0.1046875 0.9390625 0.01171875 0.0171875
2 0.203125 0.9625 0.01484375 0.01875
2 0.28046875 0.9609375 0.0140625 0.02265625
2 0.3671875 0.96328125 0.01640625 0.02265625
2 0.49921875 0.9640625 0.015625 0.01875
2 0.525 0.9625 0.0140625 0.01875
2 0.5578125 0.9640625 0.01484375 0.01875
2 0.76875 0.9703125 0.0125 0.01796875
2 0.8578125 0.97578125 0.0109375 0.015625
2 0.90703125 0.98515625 0.01328125 0.01484375
2 0.975 0.5703125 0.01171875 0.02265625
2 0.97578125 0.440625 0.0125 0.02421875
2 0.81640625 0.08046875 0.02109375 0.02421875
