0 0.5109375 0.51328125 0.9546875 0.9453125
2 0.09609375 0.0546875 0.0265625 0.015625
2 0.18671875 0.05546875 0.028125 0.0125
2 0.3203125 0.06796875 0.0265625 0.015625
2 0.54140625 0.06015625 0.028125 0.0140625
2 0.61015625 0.0640625 0.025 0.0125
2 0.7640625 0.05703125 0.028125 0.0140625
2 0.95078125 0.0796875 0.0203125 0.0125
2 0.9484375 0.10625 0.0203125 0.0125
2 0.9703125 0.28515625 0.025 0.015625
2 0.96640625 0.3703125 0.0265625 0.01875
2 0.96484375 0.44765625 0.0171875 0.0125
2 0.96640625 0.50078125 0.015625 0.0125
2 0.965625 0.559375 0.021875 0.015625
2 0.96796875 0.77109375 0.0234375 0.01875
2 0.971875 0.86015625 0.0203125 0.015625
2 0.07578125 0.8109375 0.025 0.015625
