0 0.484375 0.4953125 0.9484375 0.9640625
2 0.93828125 0.6890625 0.0203125 0.025
2 0.94140625 0.46484375 0.015625 0.0265625
2 0.9390625 0.39765625 0.0125 0.021875
2 0.94609375 0.2453125 0.0125 0.021875
2 0.94921875 0.1765625 0.015625 0.0234375
2 0.92421875 0.0546875 0.0125 0.0171875
2 0.84453125 0.0421875 0.0125 0.01875
2 0.7171875 0.0328125 0.01875 0.021875
2 0.6328125 0.0359375 0.0140625 0.0171875
2 0.39375 0.03125 0.0140625 0.0203125
2 0.36171875 0.02734375 0.0125 0.0171875
2 0.3125 0.028125 0.015625 0.01875
2 0.14453125 0.02421875 0.015625 0.01875
2 0.02734375 0.28671875 0.0125 0.021875
2 0.02421875 0.565625 0.0109375 0.021875
2 0.07890625 0.93125 0.0171875 0.0234375
