2 0.89296875 0.0546875 0.025 0.0171875
2 0.80390625 0.05625 0.021875 0.0125
2 0.74375 0.05625 0.0328125 0.0125
2 0.671875 0.0703125 0.025 0.015625
2 0.44609375 0.0640625 0.0265625 0.0125
2 0.38125 0.06953125 0.0265625 0.0140625
2 0.225 0.06015625 0.03125 0.015625
2 0.1546875 0.05703125 0.0265625 0.0171875
2 0.02890625 0.378125 0.028125 0.01875
2 0.56484375 0.975 0.021875 0.0140625
0 0.0427981546875 0.970703125 0.3175929421875 0.978515625 0.7358916765625 0.986328125 0.8366497640624999 0.986328125 0.9007685484374999 0.98046875 0.9084017375 0.9755859375 0.9145082875 0.9658203125 0.9206148390625 0.9169921875 0.9450410421875001 0.6337890625 0.9480943171874999 0.1103515625 0.9267213906249999 0.0556640625 0.9236681140625 0.0517578125 0.9190882015625 0.048828125 0.055011256249999994 0.044921875 0.04890470625 0.046875 0.0443247921875 0.0498046875 0.0229518640625 0.2431640625 0.0198985890625 0.3251953125 0.0198985890625 0.9501953125 0.026005140625 0.9599609375 0.0427981546875 0.970703125
