0 0.509375 0.50703125 0.94375 0.959375
2 0.0453125 0.10078125 0.015625 0.021875
2 0.04453125 0.18828125 0.015625 0.021875
2 0.046875 0.25 0.0171875 0.021875
2 0.05390625 0.3265625 0.015625 0.0265625
2 0.053125 0.5484375 0.0171875 0.0234375
2 0.05625 0.6171875 0.01875 0.021875
2 0.05078125 0.83515625 0.0140625 0.0234375
2 0.07734375 0.9671875 0.015625 0.021875
2 0.1046875 0.965625 0.0140625 0.01875
2 0.1578125 0.97578125 0.009375 0.01875
2 0.36875 0.97578125 0.0125 0.0234375
2 0.446875 0.97578125 0.015625 0.021875
2 0.55703125 0.9703125 0.0171875 0.021875
2 0.60703125 0.96953125 0.0140625 0.021875
2 0.6640625 0.97421875 0.015625 0.0203125
2 0.68984375 0.97265625 0.015625 0.0203125
2 0.77265625 0.96796875 0.0109375 0.0234375
2 0.85625 0.9671875 0.0125 0.021875
2 0.95234375 0.0515625 0.0125 0.025
2 0.909375 0.0546875 0.015625 0.021875
2 0.971875 0.7 0.0125 0.025
