2 0.046875 0.08359375 0.0171875 0.028125
2 0.046875 0.16640625 0.01640625 0.028125
2 0.05078125 0.30625 0.01171875 0.02578125
2 0.0484375 0.38046875 0.0140625 0.02265625
2 0.05234375 0.5984375 0.0125 0.0234375
2 0.05 0.67734375 0.01484375 0.03046875
2 0.09921875 0.96171875 0.01484375 0.0265625
2 0.0734375 0.96015625 0.0125 0.025
2 0.15234375 0.9640625 0.01640625 0.01953125
2 0.20234375 0.96875 0.02109375 0.0234375
2 0.18046875 0.96953125 0.01640625 0.0203125
2 0.2578125 0.96875 0.015625 0.021875
2 0.28359375 0.9703125 0.01875 0.03203125
2 0.3125 0.971875 0.015625 0.01875
2 0.365625 0.97109375 0.01796875 0.021875
2 0.39296875 0.96953125 0.015625 0.02265625
2 0.41953125 0.971875 0.01484375 0.01953125
2 0.74296875 0.971875 0.01796875 0.021875
1 0.95546875 0.95703125 0.05390625 0.0859375
2 0.94921875 0.03984375 0.01796875 0.02734375
2 0.90546875 0.0390625 0.01640625 0.02421875
2 0.86953125 0.03359375 0.01875 0.02421875
2 0.62890625 0.02578125 0.01796875 0.021875
2 0.4109375 0.02109375 0.01484375 0.02578125
2 0.45390625 0.0234375 0.01796875 0.02265625
0 0.056640625 0.95414856875 0.0595703125 0.9587284828125 0.0634765625 0.9617817578125001 0.1884765625 0.9739948593750001 0.2919921875 0.9770481359375 0.9365234375 0.9770481359375 0.9443359375 0.9739948593750001 0.9521484375 0.967888309375 0.966796875 0.9510952937500001 0.970703125 0.9327756421875 0.982421875 0.3953991671875 0.982421875 0.14197730625 0.98046875 0.041219218749999995 0.978515625 0.0351126671875 0.9755859375 0.030532754687500004 0.4443359375 0.018319653124999998 0.3115234375 0.018319653124999998 0.1455078125 0.021372928125000003 0.0576171875 0.024426203125 0.0537109375 0.027479478125 0.048828125 0.0351126671875 0.046875 0.0534323203125 0.04296875 0.1267109296875 0.04296875 0.15113713281250002 0.05078125 0.8747634078125 0.056640625 0.95414856875
